mean_dist	min_dist	max_dist	agent_within_SS	expert_within_SS
3260.726590455433	2982.972480392129	3454.4009674289223	88.44457783873021	86.26841120390144
6566.243110458665	1940.3982562377373	7924.529417952598	1502.616498244362	86.26841120390144
12081.137205666239	9090.876987059259	22028.395494519744	5654.589451156065	86.26841120390144
21975.47430216355	21914.327901682133	22030.60448700802	2.2117044089816305	86.26841120390144
21975.407277023347	21914.327901682133	22029.314788775835	1.563891720477236	86.26841120390144
21975.578252575076	21914.327901682133	22030.60448700802	2.648550379516257	86.26841120390144
2040.6871312768285	1954.5825423605502	2130.6931346465367	19.044115689827784	86.26841120390144
2036.2860011762784	1946.2558696687713	2131.6984662329555	16.75771806970663	86.26841120390144
2623.7105395302997	1901.6366755654326	9205.404664404143	4161.43915212593	86.26841120390144
7176.943430105949	4934.878914040908	9259.58517515342	3544.3018456531327	86.26841120390144
9937.506294533043	8874.12255729222	22027.10105899044	6393.095759649481	86.26841120390144
9947.083262723187	8876.986513619724	22026.756934759545	6392.655587994561	86.26841120390144
9316.328563300127	8913.274557185965	22027.10105899044	3596.393373004422	86.26841120390144
9334.440218752516	8913.340229018126	22027.10105899044	3596.08550829638	86.26841120390144
9933.878737515633	8894.157925998814	22027.10105899044	6392.800561309686	86.26841120390144
8107.139315660454	4842.45938712895	9246.893010858628	1994.0240982190487	86.26841120390144
8363.545056956635	1963.8480558501221	22025.33897725476	4501.877296488519	86.26841120390144
2387.601711093291	626.6843607327775	9242.11952434406	4267.240268265433	86.26841120390144
9086.934284544112	8907.842322726308	9236.702171307415	18.707985077349207	86.26841120390144
9106.383749016166	8935.135247518174	9253.147528908688	15.968435178183773	86.26841120390144
9097.195822646558	8932.525443962106	9243.090458459741	12.636899904294733	86.26841120390144
9108.129725770117	8953.194309267863	9252.093458975649	13.6105204795529	86.26841120390144
9109.618590824453	8951.124387927142	9259.837657002954	15.354290679821839	86.26841120390144
9087.736545551767	8900.376465169915	9239.852686585953	17.87338937263367	86.26841120390144
3999.607895006963	2448.241008543678	9165.474897562151	1964.365038826464	86.26841120390144
1494.0956732484406	1031.9112598543798	1719.6114490467824	232.80352444971177	86.26841120390144
2654.0155192631873	2638.3231998542697	9114.409597983284	3237.753222744535	86.26841120390144
2452.0630709121433	1430.012562701459	9171.7522087256	2979.259584860817	86.26841120390144
4455.499785772918	2728.466196612278	9170.856240431189	4917.181144632164	86.26841120390144
6053.761891857436	1705.2801833883382	9193.173780121806	3424.1024219712904	86.26841120390144
8870.641359428144	8281.196856430064	9182.638443561653	179.44547681271047	86.26841120390144
1588.071918014079	1330.526097802741	2055.647295898047	356.33721375507923	86.26841120390144
1638.900408631729	1158.9787043603396	2194.9347712569456	352.11911800147044	86.26841120390144
1115.8081792330065	815.0882966096494	1800.6542072449706	366.0990784129558	86.26841120390144
827.3082915424275	642.5565885784245	1077.029426328962	241.36899574604803	86.26841120390144
530.1728970542275	447.4473926102948	1071.5277808747364	288.3298814434991	86.26841120390144
584.1110355153183	419.6725930014473	841.1818198580601	114.58597788253273	86.26841120390144
477.7014165164532	372.33858727493185	649.1087245666197	93.05235687363432	86.26841120390144
559.5067917614052	399.50860784442887	934.163488676891	227.31996061179012	86.26841120390144
1360.6608486022333	600.2000954045611	7862.493598341667	1309.1485102602362	86.26841120390144
1265.7991769137886	926.7906714430402	1531.7898351195388	158.30416204447093	86.26841120390144
1492.0538826969869	1276.4077335239492	1772.1338434346983	93.38706123956081	86.26841120390144
1268.5391014943186	841.6319612066801	3206.1016097604675	483.13021209425153	86.26841120390144
664.4307961088552	617.5030482062358	2410.0590176948745	709.0191815315195	86.26841120390144
1268.1361912055143	417.8868696668259	2170.3755429444	659.1375116253162	86.26841120390144
1058.492956220687	888.9207307121867	1324.256867088695	202.5911051095739	86.26841120390144
2125.545283384412	2003.3948751593616	2314.226652449909	68.71691259726097	86.26841120390144
2133.9511813344593	1998.9526593660448	2330.7406437511386	73.78023165941225	86.26841120390144
1410.9487869377954	975.3608847504725	1947.9595507185315	208.06371140476108	86.26841120390144
1102.599854391481	432.40455471371104	3269.346378488393	917.9287054081433	86.26841120390144
626.8416746999287	382.37571322247163	1919.5661098017176	486.47183507040916	86.26841120390144
792.2802579854027	543.8742777943597	1400.773606631528	351.5110251920663	86.26841120390144
577.5112913285302	444.9923042872974	806.5958072115567	162.41784420105301	86.26841120390144
705.6727576682237	562.2189983556926	939.8972209169862	138.56468623194792	86.26841120390144
862.446959849987	592.7742013965885	1469.781681802661	244.47553605164208	86.26841120390144
1739.6814827644323	637.1588350836604	2917.054799797427	586.1604820403165	86.26841120390144
1884.6339223654036	1099.2615226441103	2580.1709070462894	455.25939890773486	86.26841120390144
2004.994028271256	1249.6318895139061	2457.012181967993	328.736306307464	86.26841120390144
1819.559864847623	1136.4261135056731	2339.77167937996	318.9372841105545	86.26841120390144
549.192562390207	438.1746330471304	963.749560360518	178.95963897209768	86.26841120390144
515.1023902572546	316.92428598336363	1016.9791678729255	260.06389715524995	86.26841120390144
1077.8402419884546	830.9327399296836	1280.8863804761734	130.02734588532508	86.26841120390144
804.9768791723145	649.5369628959447	1057.6880512680773	242.72499489006267	86.26841120390144
1004.0930603576755	470.0415461632524	2726.9840491967075	956.6888061349043	86.26841120390144
2530.7271854767455	1936.151485370154	2955.665578938676	322.4046683083217	86.26841120390144
1156.525919360187	938.0698887721865	1576.0268304684457	475.2078760613226	86.26841120390144
2056.7957538518954	1672.5447788680738	2255.605978327315	137.68910883623738	86.26841120390144
2457.9851140823016	1946.2158454695568	2696.950763039382	142.58199335360572	86.26841120390144
1240.3239310153663	690.147286786069	3343.556057901644	1230.631264068826	86.26841120390144
1661.7474740117593	1191.7585561325873	2370.6457540973233	326.96359736302804	86.26841120390144
2131.532512449947	1346.3689095582145	4230.74664926508	1955.9791527127898	86.26841120390144
3138.999781962402	1358.794579275357	4363.543726519505	1082.8674097398532	86.26841120390144
1272.1868992746008	386.67704190141217	4356.808078647945	1074.0788240087027	86.26841120390144
987.0031093619738	929.2169323734266	3126.001768004668	601.4939617251802	86.26841120390144
802.1213238052545	881.6582175482641	2790.501369997638	1287.2977184531646	86.26841120390144
881.8898936927874	763.2876565022584	4850.071575541502	1230.432713308464	86.26841120390144
731.8460411672329	579.0134895481111	1004.7827889168792	239.66337554516195	86.26841120390144
2850.247305527351	604.0322972048212	5018.529175310938	1611.4921540095972	86.26841120390144
1194.6849464406876	630.4658410437239	5054.852805342454	968.8349842269815	86.26841120390144
1476.18101916994	610.7128814267628	2897.6457285261363	980.9176024315915	86.26841120390144
2073.29760274195	547.6588167114683	2711.7993093773807	499.46528283846146	86.26841120390144
1817.4821797422849	1078.8649680497801	2751.2967430944955	1047.3960310353048	86.26841120390144
2875.079432772881	2481.869584001656	3103.0854299014545	147.54434909439024	86.26841120390144
1729.5017687483587	607.0700340153941	2172.806267303452	474.4800803196401	86.26841120390144
929.228320719092	426.3625850342622	1314.3191150879347	263.49535953703844	86.26841120390144
899.4607811060349	698.5320746720857	1154.4927443227775	155.90004399976868	86.26841120390144
918.222602481304	653.6559322535935	1255.4675579546395	280.39873339712534	86.26841120390144
703.3065134620591	585.5157826306967	891.8927012731625	163.35280776610682	86.26841120390144
765.1855758908114	623.7463440804352	1034.404741737226	198.96259287887102	86.26841120390144
791.6733547760692	638.9004321282785	1352.3221711669175	282.5987674958116	86.26841120390144
1275.5681613069512	812.0665539105808	1707.5905141109758	212.85265775376973	86.26841120390144
578.5310019520948	499.0012003790358	762.9929249255786	215.74440756522216	86.26841120390144
846.4854929106857	473.39212244215423	1545.875147775938	533.2001931688189	86.26841120390144
1052.9592277372517	696.6198263137517	1364.2780361896646	122.58263657161415	86.26841120390144
1122.1605532673107	848.9153911807565	1299.6944463938946	83.5416653901763	86.26841120390144
1195.4908564314665	861.421552646641	1518.9161552976375	255.75679078694898	86.26841120390144
1387.5239134940155	1199.8275810049158	1554.9342672953585	115.13250867954176	86.26841120390144
1488.2396386663665	1124.9862411619317	1705.4767877594763	138.41111677533726	86.26841120390144
952.0625428348138	822.8166323664143	1128.4619103236364	95.8170658167131	86.26841120390144
870.1802783374152	615.0629900249055	1089.5540860090684	144.5580187273195	86.26841120390144
609.9550895646867	503.26716409353537	903.7773899209403	137.0134507904937	86.26841120390144
955.5311289695171	797.5063164486525	1127.2206936097966	92.02311474547	86.26841120390144
1029.3814943970394	941.8008435831941	1122.9720385535259	99.78093630308403	86.26841120390144
754.1248742359527	599.0172224542335	1143.872619420381	174.9068065113127	86.26841120390144
639.7134159056836	503.7860190625125	813.6961644673456	106.67011988848807	86.26841120390144
743.2362224764285	617.9340607177402	885.1428831654196	104.36723814662267	86.26841120390144
664.1778033253181	544.0154164123701	834.5740037091828	113.00045140463666	86.26841120390144
628.9314415173022	508.31612986433345	795.5127108641346	116.37129182019495	86.26841120390144
643.72862416073	524.7832027169828	816.2300960709817	103.34832650801104	86.26841120390144
612.9864604391629	463.0704101686124	853.1476940529121	134.11654011466038	86.26841120390144
734.2218736734459	534.905023391076	947.983914340187	122.4429665112551	86.26841120390144
748.9071512038254	582.973701810031	912.0084047860721	111.54203364578548	86.26841120390144
711.7253558285702	500.65586061607127	848.960136578509	114.7665698553355	86.26841120390144
689.5386148644545	543.2351242484928	856.89931496921	86.64451264266106	86.26841120390144
753.8132719569845	570.9818910320515	920.4849846346362	100.59715317597417	86.26841120390144
696.2907830022255	556.2671420751084	866.474579207477	101.72211748728706	86.26841120390144
544.695548484248	399.9050362774184	1894.1384741136228	385.38391162187315	86.26841120390144
650.3189237321993	484.6885805372564	962.8983823789254	189.0879576588692	86.26841120390144
644.2106961854392	520.6755262293204	864.8614377294492	130.90850372708195	86.26841120390144
583.7473200755032	436.4803112105516	934.0724113135806	215.42377954484672	86.26841120390144
600.2009146412328	452.9030280317579	1119.617258040577	280.356293963193	86.26841120390144
1208.6110792960505	483.5547915479825	2051.929634030525	573.8258055661179	86.26841120390144
1140.7264552965605	822.17115967754	2119.2366335072065	419.83858590763066	86.26841120390144
1026.644789518507	589.6255749091155	1368.8600183335152	231.54865220106635	86.26841120390144
587.5487991805734	422.7434716388766	1146.5507797358796	384.26208703237626	86.26841120390144
456.3983682450017	285.92135372496256	772.4560118998328	244.58645626713655	86.26841120390144
662.1871213947015	494.97590654323005	906.3860721634173	221.44166752797983	86.26841120390144
1044.5347317109129	449.1258444465286	1806.5685401514054	425.2478630532851	86.26841120390144
702.3968093569404	427.2997000706327	2166.3167538698804	353.2994937400219	86.26841120390144
850.57438074068	366.16121263126536	2472.9767542662403	829.9060447947838	86.26841120390144
1598.1435412218796	508.3699754155954	2515.0494994728397	684.9499128688083	86.26841120390144
1898.1124934894488	619.957330303477	2506.0283702885313	383.8578904915735	86.26841120390144
2165.0054077179743	1106.5006699139096	2893.7851438274974	590.8385517680554	86.26841120390144
1149.2193443562558	716.3066921032118	2420.246205683881	311.15841025761495	86.26841120390144
541.5906181055242	378.1853351059786	774.1947282163234	137.61024068649488	86.26841120390144
900.4274690044158	385.2261112378861	1894.1082953414848	556.2330750177318	86.26841120390144
821.634811987664	553.335670103468	1588.1151017225332	328.56615990635726	86.26841120390144
773.6687093129044	409.88791171412106	2030.9651481348699	364.29525573997773	86.26841120390144
789.6548341712898	508.50095660666454	1110.110810603792	155.76843914938485	86.26841120390144
838.1386115066139	460.4173419150421	1437.4641329232468	309.39504601053795	86.26841120390144
732.5000182058767	447.85395515668694	1046.6887021040666	154.04682324728805	86.26841120390144
765.5829144212233	524.8467929644988	1006.18294653846	131.5769759461003	86.26841120390144
812.3978562911823	534.7665262054093	1922.5255894639513	272.1604807053388	86.26841120390144
963.5612336740415	747.5664515286462	1227.399377693209	158.5587598234706	86.26841120390144
1161.1240480534739	876.282893974463	1648.401617844508	263.5804435440943	86.26841120390144
1011.0971150816629	624.0964520573467	1784.9182340803425	302.568899165654	86.26841120390144
925.1107653500145	710.0439553180664	1978.2667059490195	316.0976024918839	86.26841120390144
1213.627516885986	700.3845630917014	1794.3890719880058	389.66450043059456	86.26841120390144
1128.9779437149714	824.4332738878323	1798.4777456066788	647.4507913225659	86.26841120390144
909.0887839559845	743.6626352853466	1449.5852222981373	421.55492242378057	86.26841120390144
1929.2939090452091	1201.860338854931	2435.3006713023256	626.0065015772745	86.26841120390144
2355.9088863550305	2003.0062878266576	2560.151615996528	117.84730702967298	86.26841120390144
2230.839514084921	1476.2175014863712	2748.208139983392	351.97419840525356	86.26841120390144
1589.123121970376	966.2938363232399	1944.4537095704725	433.14826047844963	86.26841120390144
1070.488213159046	841.9914373630702	1530.134241522405	358.9592574042357	86.26841120390144
624.7456539569376	436.02759258813404	839.645358769416	160.9178424504974	86.26841120390144
662.8438220866092	518.563598233093	888.252245766904	127.389259859995	86.26841120390144
651.1678174365647	461.50869635461873	1106.6160978501491	212.2380770342724	86.26841120390144
577.7787887424685	405.35679056110274	997.1213683708911	198.63825002389018	86.26841120390144
612.0426479134287	473.3720644652858	1032.564969721137	302.49113126498656	86.26841120390144
656.280431231055	515.582584237869	846.8463096821777	188.45807826090217	86.26841120390144
692.2157745452098	470.84735739740876	957.790856778086	130.91749900099228	86.26841120390144
625.8578385384244	449.642299795798	1165.0171634758608	248.67679544494166	86.26841120390144
633.20777075475	500.04026925918316	860.3318750785481	152.79645300042708	86.26841120390144
673.3298403206269	528.2227616776391	899.1271989531742	189.09403302342884	86.26841120390144
825.0582066955217	679.8914708943462	1185.221337881739	229.3720635712758	86.26841120390144
614.8794007616264	429.1202892242294	1078.3036280164556	267.54172365594155	86.26841120390144
707.1991245257723	470.25754672780454	1366.591577796946	328.93763958228175	86.26841120390144
569.8005472085567	414.3104337238766	842.792722743532	180.56218769571768	86.26841120390144
606.0033027698352	416.8432219480984	856.0844703875431	160.7331547224493	86.26841120390144
634.1261564027849	474.6369207695488	1066.0385279006975	362.5417229059425	86.26841120390144
744.5623874300135	531.5705613844597	2095.698369301546	624.3899292030638	86.26841120390144
1054.6404572191607	630.9725724647045	2237.4070859848607	1123.8007183765762	86.26841120390144
1541.7499520187162	1296.824329984981	1745.84153653574	90.00370135341204	86.26841120390144
1176.279440888468	851.046017501341	2307.65693784364	625.8661749136762	86.26841120390144
1032.9752225565212	299.68652543668827	1953.4531657713828	626.0462572949313	86.26841120390144
672.1565932438205	447.07076951429167	1609.697208395737	577.9130889747637	86.26841120390144
558.5091365022129	410.01735638722494	1226.2320120471466	275.5688356960137	86.26841120390144
503.5801282730622	454.8968782665045	924.8805116107922	318.84626017111975	86.26841120390144
493.0978149897046	460.88627653917916	1588.1313388580984	501.57143080872464	86.26841120390144
504.7752151849338	389.7000219114941	720.0255135877375	163.2849966108597	86.26841120390144
582.8522883285802	402.074768525263	811.1083766401457	116.80289415509851	86.26841120390144
474.67948674386844	339.6852765885953	1408.9825295351493	387.06661667591277	86.26841120390144
529.8160043128687	232.6843449408931	1464.6094114204639	634.745233261038	86.26841120390144
796.7662645689848	270.1555436377919	1422.9440787311146	403.87931447964877	86.26841120390144
676.5290638191252	244.76733136794846	1649.9392099059105	556.3834760006255	86.26841120390144
674.0604468128474	285.9266288243723	1443.6627554035376	558.6900037604479	86.26841120390144
567.2036352739376	393.98632326425536	1264.9107665746808	260.6279100639909	86.26841120390144
553.9073208393924	401.6692249052929	1015.978692146773	256.19698245220343	86.26841120390144
534.3049985576602	431.9156545519688	858.8905390871408	201.77695342183583	86.26841120390144
528.0403101618274	366.0970626368158	792.1929230050614	135.90297953212536	86.26841120390144
570.9495882600228	439.2790234083177	821.5875851233822	252.33514635047814	86.26841120390144
608.3079915612725	451.375802898135	1732.9034092381387	341.5324755861518	86.26841120390144
806.3926535063388	579.6491993120861	1173.9654671844419	332.39790307596985	86.26841120390144
827.4397613107029	648.6942174840636	1734.9228210282465	545.3555771076537	86.26841120390144
833.817432344078	595.1588921987388	1342.374540431799	271.8485206818498	86.26841120390144
699.2656728221917	417.8995387076439	995.4763906147459	176.4197534038334	86.26841120390144
499.5752638972068	375.8071404609383	919.0669323383977	293.0269966999318	86.26841120390144
590.9699557250606	335.49664730661317	1087.4418486511988	340.6220519160711	86.26841120390144
623.7313392581984	362.1201685638308	1493.7483406678562	425.2754516802298	86.26841120390144
808.790768335998	442.9390975032358	2013.3486195196006	545.0042948457159	86.26841120390144
827.143398880381	568.7240951952424	1635.7389583971094	357.58927847957966	86.26841120390144
446.0063519217826	331.82526289496195	900.7654195270359	191.15898598075387	86.26841120390144
605.9073021351714	391.3246835274493	1044.772882577325	368.6634705637328	86.26841120390144
660.1024197756396	456.62022091444265	1049.9558585907398	281.4477763031266	86.26841120390144
558.9257833640547	343.29727543280904	765.9935424579212	145.8200010630871	86.26841120390144
499.4764201407102	382.19237727477207	1351.7047828498019	254.7166596658025	86.26841120390144
563.1882930221966	411.2967667403091	799.1748333921939	123.70420605083534	86.26841120390144
470.2190469482023	321.24450834580557	1504.4434952827366	328.8175947958189	86.26841120390144
562.2666501813127	380.03430238737013	766.0432321989856	133.79703086038205	86.26841120390144
478.6369260020029	268.2387350029888	840.6584470617183	178.2027574743806	86.26841120390144
459.4676274988993	314.2293389519057	687.2231657696395	130.8690475801033	86.26841120390144
367.1200531761796	217.6283038885983	1327.280166456196	264.6258186771488	86.26841120390144
432.0878630159333	275.18905282766605	2113.152941156046	408.4543826754144	86.26841120390144
429.1292789995232	255.8067820830985	1545.2292874307636	286.3720540236849	86.26841120390144
479.1745516466194	286.6148894373415	1330.4973999248425	248.25929499043417	86.26841120390144
474.1156041559805	353.3256975709426	652.916096844903	130.41833929440477	86.26841120390144
900.6232906355456	593.9767219274712	1210.3229162615125	170.5384641752678	86.26841120390144
1112.796376114801	778.9304677075115	1362.5207112821693	170.69660834505743	86.26841120390144
572.0305740319296	412.6247191603065	2088.6522684330025	413.8576727633451	86.26841120390144
434.2690491353123	306.85341380186577	708.0686265871828	225.40223403104815	86.26841120390144
399.60706407395554	192.36424081705997	795.8260255727456	222.2083469646133	86.26841120390144
445.7588776241175	222.32640485957185	2099.9217530454684	493.3022492130901	86.26841120390144
354.3447518651476	272.4536726193012	1514.4794949108853	309.4798932592166	86.26841120390144
385.8542758848129	277.29411624454553	563.5086687398411	102.88307552688491	86.26841120390144
432.36214265565934	319.9297159638715	655.5315456434428	158.46212298150786	86.26841120390144
523.3981557046749	399.29820350766636	682.3705949357474	142.0116291089969	86.26841120390144
598.0903622261849	377.4520951705473	938.4895867878806	248.63623245581684	86.26841120390144
488.6817072732225	395.3074821308057	641.7595433736549	102.7873775870373	86.26841120390144
499.9187848384774	379.911850312647	714.8512855971663	129.9830039881799	86.26841120390144
554.5798057546031	431.49512571921144	699.5230088285598	107.33565001577456	86.26841120390144
614.9480786959496	429.18776112417055	842.8636521361526	118.3674557730754	86.26841120390144
570.6868903452543	390.800639707292	786.2918390318861	112.28603117011849	86.26841120390144
562.7233921291996	378.41787154229223	978.8994193167159	156.53527699756648	86.26841120390144
424.67430560063167	277.2653573166387	708.6554740143953	163.1614984779427	86.26841120390144
432.6053032865054	294.46057036646033	659.2619309565105	133.8919217087893	86.26841120390144
631.3933880754839	327.0886781523334	971.6853027618575	233.15183624349032	86.26841120390144
584.5154639191632	375.65676424122046	1301.434635188898	295.29883807063294	86.26841120390144
614.5288342663174	424.3725042752239	1164.6740905826427	343.65115271790916	86.26841120390144
622.0306472828751	458.9205097494315	891.3441148199792	144.63864541733946	86.26841120390144
580.1231955556755	279.5657504936497	1128.4023105263084	295.78439614400895	86.26841120390144
411.6094284534506	307.3190730804195	619.1150433945357	151.6604420510359	86.26841120390144
785.0638946201366	305.11145666285364	1259.7051951139645	305.3259659986876	86.26841120390144
969.5116202725587	603.4692992414957	1456.8679709797957	268.3956566301398	86.26841120390144
1187.7978848616144	722.0155248200355	1429.4387333727914	159.23823019542672	86.26841120390144
439.65666683194826	274.8308752948415	636.0992380921107	137.19296787801707	86.26841120390144
477.7950550782671	336.23951757826967	817.2732936604235	196.05518784680174	86.26841120390144
566.3737390580907	395.6831065328213	781.3596259191733	139.9287945434449	86.26841120390144
572.7688007498199	416.79617694909	825.2570762386825	150.55874107768472	86.26841120390144
1184.189062449784	516.6653768691714	6761.823943946595	1125.9013583776646	86.26841120390144
678.5198429399234	521.6689880199764	942.5199666932259	157.46750184148146	86.26841120390144
558.2627678662401	340.42337535164086	1042.751907304582	218.8780585586914	86.26841120390144
614.3515210933416	392.273026354968	1648.5510360562928	341.82901794100763	86.26841120390144
636.7757373214889	354.7802148000023	1835.3904192398347	562.2168599002804	86.26841120390144
481.20767920648115	335.71878726110856	974.5271622308524	184.8722019922722	86.26841120390144
479.6562863565651	331.00153142047645	946.5549900971037	200.0862967394486	86.26841120390144
780.8867643351449	287.31870454697093	1478.1162300146561	541.4495350722772	86.26841120390144
491.4316312153115	330.06364247810455	1223.1845276623917	322.49621666258054	86.26841120390144
678.8925164041314	278.524753711557	1821.3511783301285	691.6294786279801	86.26841120390144
457.59713857879484	322.31046576936126	1704.1047041544543	338.0936477375326	86.26841120390144
473.9857047665131	385.7256467731868	748.8288182830593	151.91429957682797	86.26841120390144
608.4776451483924	443.00073093396225	904.2907466263304	127.54807287591582	86.26841120390144
1264.9180710599485	705.9846184360495	3920.333319956059	756.4554514776767	86.26841120390144
1275.0410136203877	379.5213231337192	7655.997389127327	1283.7925290472258	86.26841120390144
1014.3831811933759	407.690474626879	5152.255044299338	824.230454726476	86.26841120390144
387.9453664936616	232.04965050627956	925.9062135339898	289.964030630666	86.26841120390144
368.3763333143864	216.64030243731904	1680.8419227089933	325.08490449648855	86.26841120390144
392.6891023981446	292.30135372261975	571.2282311852283	118.40675547919341	86.26841120390144
443.89988505085927	291.38828047913387	734.9995911869977	113.403309093235	86.26841120390144
282.26076488658094	228.8559434855436	1867.5472219223798	387.4146077902103	86.26841120390144
278.24357503481826	186.96793102104255	542.0261281119658	161.8840448109009	86.26841120390144
749.6818524049859	182.4445411389455	3342.1441631243774	940.6140679331878	86.26841120390144
1149.7374131394506	173.2397464720352	2743.3913629296176	1142.2879718142701	86.26841120390144
1431.9643366920623	171.40012531262673	3433.0523803492633	1458.875279661112	86.26841120390144
1244.7077428178677	164.5387741978829	3335.2016476248873	1424.6972253234667	86.26841120390144
626.0898309816577	213.81080439234748	1794.0772238622387	692.2131399233283	86.26841120390144
1394.628840154092	656.8227330473183	2790.7844714862613	1217.486352793821	86.26841120390144
1266.8664889466108	493.9868682385809	2848.5304246134674	1281.7312449014144	86.26841120390144
1336.143538148817	549.7372230577195	3217.87824660136	1450.5268917964786	86.26841120390144
1261.4688648369695	956.4486638811876	2714.3644470850913	1178.3774631605954	86.26841120390144
542.9357884937498	351.7799694561572	2107.4986931706344	755.6907447998692	86.26841120390144
464.69151406391643	277.01807648995225	1072.3242558229688	329.43281835781056	86.26841120390144
884.4025077894609	633.6632544802682	1175.2305586753175	108.3672587251007	86.26841120390144
680.7187833648884	404.1238424069001	2242.672567495632	525.0622260085055	86.26841120390144
512.3461216669181	315.7435776597555	2039.7613509862808	470.8743787275633	86.26841120390144
451.16192885563675	288.2916765626319	1296.3995369706713	231.37891398541382	86.26841120390144
1098.9780806000983	348.521483456967	8764.055326202822	1537.9715088223763	86.26841120390144
1683.5151492074867	264.2707920946655	8308.491920060414	2126.856080854019	86.26841120390144
2178.8171435296204	552.7089341874106	9135.155386388871	2948.431674657236	86.26841120390144
3426.9787539236772	456.5651002166767	8689.153852028014	2981.769211453086	86.26841120390144
869.0096702728641	348.8599912421139	2743.767598378882	388.2856521397986	86.26841120390144
578.2810426141064	372.7952867708765	949.4442233616719	240.73524279212197	86.26841120390144
401.6164798755243	194.93336430682498	656.8621163640249	154.31520551581474	86.26841120390144
548.2892326699243	315.9750590736375	878.1774037227707	138.46049367966728	86.26841120390144
396.61663681650134	225.31533869530156	608.40427604095	121.02982544319525	86.26841120390144
349.88627907842215	193.1424422173226	587.0009731522164	176.9032643705711	86.26841120390144
315.6897397424225	236.19917810609175	531.2632406785873	116.35392176911728	86.26841120390144
254.4704437437603	123.79822343443041	568.3987939977679	150.09672737357087	86.26841120390144
547.4117643272099	207.30901373342667	2274.2043101979075	506.76031871690793	86.26841120390144
412.4730960286366	217.74759772956224	1135.9883582304813	220.90421944942926	86.26841120390144
2145.9223879538863	1322.2598269289417	2748.3196270412855	331.2770186270433	86.26841120390144
307.2418317410071	202.2004062932354	1671.6077137847776	532.0259349992987	86.26841120390144
551.0593971695167	307.439801926723	780.3977870281503	130.00662691553674	86.26841120390144
572.7296930858561	307.4544417154835	963.6202121488465	221.7784080914683	86.26841120390144
562.4145918638538	369.7746631091745	843.7522104837176	109.2665114110143	86.26841120390144
515.9661759885391	334.78238982599237	1045.3928367696872	363.4330376063211	86.26841120390144
440.6408699229661	282.28203013922376	1218.4437628644534	316.85499139018305	86.26841120390144
366.90004961379475	263.26797812902197	763.2560261444893	149.23748942316578	86.26841120390144
448.9283777112354	230.39102414370873	1245.9207373177612	253.64368666213645	86.26841120390144
433.77493613581873	261.56264877542947	1050.305827232497	344.85964051860344	86.26841120390144
450.7981973733452	249.3595246874618	702.748497093254	130.42269491752776	86.26841120390144
436.8155911336856	213.04716037483198	1141.7977525405724	302.29129001911326	86.26841120390144
466.7017800751102	199.18857732553133	2038.4067621496317	360.8258697268482	86.26841120390144
620.4714027058321	193.78096853146639	1899.1487546777107	590.1761293414515	86.26841120390144
336.6262990853155	189.09522651006645	1154.8356877740255	283.05642551601	86.26841120390144
635.6663096191944	311.8381011858506	1540.7610869816122	346.87321712495486	86.26841120390144
661.3349740482951	346.4000684283443	1693.1778250438012	295.3598135928278	86.26841120390144
703.0425051540101	206.01701179638502	2230.325013289713	578.1500750567396	86.26841120390144
416.36297769770687	238.76349586462936	1136.142301048224	196.19842637655242	86.26841120390144
362.22019751697377	206.75349027216615	636.125066445973	103.04395524337276	86.26841120390144
568.8933513285444	214.0303815762333	1677.700312989112	486.69286436830373	86.26841120390144
426.10896182725537	183.23483997876454	1408.0954786720954	392.8142323984513	86.26841120390144
328.4696488702777	184.81344440115248	688.337200817037	155.62689195287476	86.26841120390144
385.67838859988626	215.14184318704264	1578.9202726418391	293.22153252586315	86.26841120390144
830.0798430250699	227.39394966573735	1680.8299726980702	551.5294756339947	86.26841120390144
706.671944332049	241.6093999018027	2402.756122420846	927.6560216525953	86.26841120390144
590.4035375740681	283.8945306952295	2578.006227328763	860.9680644310131	86.26841120390144
493.9861627684078	227.0000001540457	1399.7441578508328	412.108245096283	86.26841120390144
690.1129970556884	272.3968381206502	1452.250579317569	530.2055246543179	86.26841120390144
465.3700489110693	214.78829019444467	1261.3316900331408	481.9983813713666	86.26841120390144
486.9329391369648	95.61907739850527	1636.1752555761427	482.7214509620361	86.26841120390144
274.48768064154353	81.22204980155165	1125.2626610593604	232.89048570628134	86.26841120390144
207.3705603494558	92.83318753318865	569.0416307817328	128.53820578116392	86.26841120390144
318.9849845272464	151.0662273841333	856.2193799296374	187.75762956751947	86.26841120390144
397.4907110462781	117.0512790184836	1671.5577101157512	429.8269326660908	86.26841120390144
285.28360633998307	123.27211174610086	1147.2339420425114	222.28418156947765	86.26841120390144
632.5553814624468	129.4681834570053	2206.9053154067074	572.670608592068	86.26841120390144
476.45443816186236	133.67501217514481	2700.3567028733814	746.9338403690024	86.26841120390144
197.32936633466358	113.37110122530679	533.1521284238659	173.64124578291916	86.26841120390144
312.4477799115064	135.05573043194985	579.7769439934615	152.41511514923607	86.26841120390144
354.6339767797012	150.9536700161677	1145.3521633810508	301.63837541069154	86.26841120390144
365.8152507087401	142.1162086045231	1660.6053163378765	346.7153192950753	86.26841120390144
274.60662547757397	158.16453246701715	994.7071846724734	268.1718139301066	86.26841120390144
225.22464748908882	172.99425942078912	898.6722338032616	433.65976232462543	86.26841120390144
272.80208800263557	102.06383063630949	728.6612313904822	182.99888734554867	86.26841120390144
264.4798776018605	171.66837456579572	1580.3494101464457	361.6109939919099	86.26841120390144
766.3359891480599	198.69074328934326	1575.947631548373	462.55349115413054	86.26841120390144
323.9368285351108	117.09399389133651	914.2348922375556	278.2548680542372	86.26841120390144
454.0434089585885	108.01861544367125	1274.8451774097448	373.8754696028343	86.26841120390144
387.075167856369	161.73456102217443	1621.8591302346415	560.2494918891796	86.26841120390144
361.37751418699077	168.97048935986143	1525.3824013693068	454.5169064116782	86.26841120390144
731.3518841333167	153.10467650365888	1662.3306119454273	565.6372372055249	86.26841120390144
1155.8834923839192	320.08438358048653	1862.6327370487743	501.595146112216	86.26841120390144
708.4740066263904	156.3905522572102	1758.6339748674247	654.167637870003	86.26841120390144
487.01397198373786	224.26800721887932	1594.8228586509408	533.7075978060634	86.26841120390144
639.8724752917825	184.41010958391018	1663.1226339307736	551.9908292460628	86.26841120390144
999.8431445971728	304.6327283904869	2157.1808796114674	687.591633060499	86.26841120390144
1243.2215555126459	351.5741765268936	2131.82785830217	654.9138751572503	86.26841120390144
776.783715790362	451.31098671446836	1758.1696669381727	566.4914128594904	86.26841120390144
540.062225869711	241.07518867480528	1481.1686281799555	393.7778078147011	86.26841120390144
1094.132745779208	392.37026113446353	2430.8424289029717	984.6356355361022	86.26841120390144
1304.4585507222387	228.80580388778756	2433.4203746187177	898.6711191145912	86.26841120390144
630.6625691341477	205.43636625032008	1715.539076059565	670.9779653197327	86.26841120390144
852.1935933226414	255.05308426190186	2324.9231311561084	869.4531118174611	86.26841120390144
644.6233720777354	280.8487655665631	1811.1819433096664	575.5091552857505	86.26841120390144
656.3147858830937	283.0600820515753	1544.2991461187873	553.6284383159632	86.26841120390144
750.6337482476304	443.335098842184	2236.6896948205863	517.1435607878375	86.26841120390144
710.1555194664766	260.71636580606565	1105.4968328871466	232.35099669284256	86.26841120390144
555.931796989187	267.3836559179175	1175.3617902695732	250.94183969333181	86.26841120390144
505.2713537390235	277.46533815816156	837.0615682765099	195.78128484584624	86.26841120390144
377.12154887370366	217.0184465768523	670.4775483892155	173.2489669598576	86.26841120390144
368.92820755272237	269.10779823563087	522.3345747458158	125.65294401508345	86.26841120390144
423.48994956666206	266.5783882891563	1181.011677683243	247.82481167039595	86.26841120390144
364.778175151362	255.1118037070155	620.1443911278878	182.60200412777226	86.26841120390144
382.3900568477224	292.9334684337619	549.1539523815403	182.06235209773484	86.26841120390144
402.8500549447425	293.2661097014064	621.0298242172788	142.5574284588169	86.26841120390144
410.0567495166486	302.1059976302188	868.0800919324712	237.6980362913549	86.26841120390144
432.10893061520915	342.5697024413828	619.3779146850775	143.98343875464337	86.26841120390144
438.9207184590132	263.6095621445982	909.098534782529	255.11563754174676	86.26841120390144
379.42497750495	272.9341762838703	695.5154899096681	162.2735701970048	86.26841120390144
365.5154476974282	264.7111964081418	570.1510793866396	146.34871544358327	86.26841120390144
386.8491507461435	274.7453660428975	653.8418419781556	205.95338361899812	86.26841120390144
426.4044378995796	230.07614522015126	2302.271525841714	425.05245819483105	86.26841120390144
411.94688840018534	279.01264112175784	1142.2015500635134	209.0881101376953	86.26841120390144
386.57368549948785	235.74140110311444	1178.5237042257586	263.11441740328553	86.26841120390144
348.3586284046141	248.09273405039556	1779.3152524411835	615.6126835696416	86.26841120390144
349.4676848228518	250.69508081708966	1131.7828879410915	310.09915539788614	86.26841120390144
395.4741278880265	270.6474655224949	1273.1899194488867	292.1601499784364	86.26841120390144
386.1719573175477	286.4542939783284	842.4091451418167	222.2314171591285	86.26841120390144
411.0172801628417	275.7518226907786	747.6363033844207	199.3102795666622	86.26841120390144
379.35925672534506	307.5598440156692	644.6015536590917	199.66245885443286	86.26841120390144
366.4885793353562	299.5564507180585	639.8289586435918	183.60326203309032	86.26841120390144
386.61064780708875	295.1932282228903	770.2610782695236	186.94411493808875	86.26841120390144
478.84793191494447	313.1214166639271	944.3549589863588	229.67212532774926	86.26841120390144
452.38123789483035	263.1122126493052	1517.780746791857	452.0603623373868	86.26841120390144
362.99397064238104	256.32018304496603	551.7274314779082	137.49516102425372	86.26841120390144
850.1415864915023	298.7460977879982	2410.91826091197	843.7885686907915	86.26841120390144
546.6112099570794	279.2525992738005	1480.0803528791175	452.51313632665335	86.26841120390144
729.3195059433217	332.798893996071	1829.0054437374768	672.9353393683417	86.26841120390144
497.0509260556092	296.5923616548143	1120.6516346889523	308.80886515963107	86.26841120390144
553.685612797101	269.7202417212441	1184.6725646498141	287.38951645893314	86.26841120390144
829.2559142276972	297.598765017793	2186.306867188894	745.9814632928221	86.26841120390144
670.4825306211665	320.6806951965527	2044.0974396734048	628.7370716178152	86.26841120390144
606.6538933792436	289.5083056669052	1719.1320111100868	478.97294231598335	86.26841120390144
648.068352580786	375.8472096232215	2114.5496904909387	885.7710226238311	86.26841120390144
519.5451860831512	277.7231620105474	702.368805545067	119.6425679580743	86.26841120390144
599.2050787987006	374.6720051636229	1838.215262190833	489.9887168848892	86.26841120390144
690.420352009568	365.5270215643792	1318.0369261181975	323.6669841791008	86.26841120390144
593.666625546032	295.03390932736306	1846.92834033487	511.73442492253133	86.26841120390144
521.6939992514142	283.37439183132517	1644.7991881864962	375.6985056553664	86.26841120390144
463.6687267398161	266.82401800218753	1331.0625952646267	324.5723040130979	86.26841120390144
505.69655814740963	258.0447881801574	1095.9595119870141	296.6151104296814	86.26841120390144
610.9861926211787	286.5310756853348	1678.7865562682396	401.6865066090196	86.26841120390144
574.7386610346867	269.4104752457361	1550.4123156226062	376.8114754249622	86.26841120390144
676.9964193107625	253.4009305487359	3994.146715740849	767.9225175280652	86.26841120390144
459.0182211573973	274.7144049692662	2352.4412984854366	754.0161941226081	86.26841120390144
506.4638343907041	240.93361914779106	1392.7910867895127	623.7801700410384	86.26841120390144
532.8026732155395	338.065134782704	1368.3576622637133	340.71259684973796	86.26841120390144
593.7418146493627	290.05867509369597	1214.8796972848297	263.2658092795737	86.26841120390144
631.8585717251414	287.6143462712559	2412.833161867912	481.1643586110184	86.26841120390144
1425.854048912566	344.0887265046621	2371.044006908002	973.820491794396	86.26841120390144
843.6033659727732	376.5875254699724	1868.6834485734792	314.74234039491773	86.26841120390144
680.8502696846349	361.9033926628596	1039.0960690303707	255.7416704438307	86.26841120390144
850.4298208187687	430.19079511103126	1821.4539582642874	673.4906680160883	86.26841120390144
1384.9563708393744	734.6614027177654	2008.9545581033285	421.93330183837423	86.26841120390144
840.1722132064983	313.5953275789879	1872.1729782061864	771.2747568922899	86.26841120390144
1017.6029201825853	629.8756217149654	1775.5559306905395	543.969247933808	86.26841120390144
377.3627978285172	216.04398718603863	1149.102965553125	393.3273287153944	86.26841120390144
417.9026287208476	240.07925622099503	1020.0575811270556	234.52121773423477	86.26841120390144
397.0737952569667	281.95568906199003	1087.632055436641	514.9223627641807	86.26841120390144
543.7044687692153	269.7166629552934	1488.989168222661	576.9499838481295	86.26841120390144
1553.297380452992	429.9990993633757	8739.382773555059	1606.7471771325122	86.26841120390144
1321.9628521115721	722.4719425482585	2467.31216256334	546.4337921534895	86.26841120390144
2014.442297356477	514.6441704254988	6904.161121820229	2030.8441752983435	86.26841120390144
3729.0261279499323	693.4025183169695	8835.11994689961	2618.3068848346866	86.26841120390144
1649.5542010350555	583.1243549002935	8532.41980006705	1412.910050279383	86.26841120390144
677.5803260820858	344.94225875605457	1234.839977541457	271.7060097632184	86.26841120390144
579.6586191566078	326.95291736639433	1296.6555509843813	294.5474319383271	86.26841120390144
535.1706542974076	326.23824954742526	1944.268024867962	429.9456509517992	86.26841120390144
505.15831933065795	259.9886919087225	1805.9116799218828	388.6977377298716	86.26841120390144
634.7863613071302	325.1110941361932	1051.254477631081	205.8668418498524	86.26841120390144
479.6571772121209	311.15762794249935	752.1288241739926	151.28149132473274	86.26841120390144
421.82040668745105	217.80277300436168	738.5528359395461	156.80029968828208	86.26841120390144
398.9143359163862	310.94227568334225	589.6950356566769	121.49093464216503	86.26841120390144
311.49888308832425	222.14639087862656	527.8642837506303	166.04343706966426	86.26841120390144
352.79015004793405	216.63799737212094	645.4843704370982	169.46382819370712	86.26841120390144
331.30466288053935	213.83874305767927	537.0420391674583	155.38832287774954	86.26841120390144
353.9851718566969	190.65155306493517	794.7720266884551	209.7150271404724	86.26841120390144
311.28514753759396	246.77117424852545	1131.9451001928576	283.23222395795466	86.26841120390144
368.0998370866455	262.84217098859824	940.3004791582002	223.6534028909644	86.26841120390144
421.83276065028923	235.9788527953089	1169.8119339173575	271.6125316280385	86.26841120390144
336.3465170664426	227.5126561194139	577.0553758964652	129.19453782535598	86.26841120390144
339.7801831892826	213.30741129902228	507.2826093886842	153.7344248184659	86.26841120390144
324.20844146920376	186.93584309975776	594.1238625287634	139.52289088979927	86.26841120390144
338.3751596612038	219.59293096620698	573.0082750217663	170.06889950297312	86.26841120390144
586.3966742427762	378.9276859590918	835.0984441854235	144.09734560842142	86.26841120390144
1151.2296003863657	340.95807594803887	3579.930136033684	1071.9448756609868	86.26841120390144
896.259821609189	433.2050393985796	4679.249458667433	852.5083173017478	86.26841120390144
845.088875487425	418.83369505730576	2566.3530204823255	417.69538566440787	86.26841120390144
494.9734558010131	271.96710556917	784.8687015140936	151.6861237704088	86.26841120390144
567.2243857177104	342.53340405755614	835.6502779539384	128.3202831872837	86.26841120390144
536.3405994135054	378.82362696564945	1084.4813182412165	210.80304733460034	86.26841120390144
615.2393566341026	373.9752102531308	955.3310493592163	125.30383859714402	86.26841120390144
680.1448987511112	416.61261164162454	1307.231879595134	355.328407295085	86.26841120390144
636.9116122479371	411.0552322734994	865.6502520277775	119.01435050449133	86.26841120390144
604.3591646528542	397.9803485333267	862.2295753876487	154.39395571729682	86.26841120390144
975.1565482710912	368.9882537640798	4457.116101626174	698.245662294217	86.26841120390144
681.5199952924321	368.03169867319576	900.7235729304903	141.19947394838573	86.26841120390144
696.8042922346724	370.8915551235321	1167.6368540624305	191.4750162043819	86.26841120390144
593.6977328468937	311.5530710967118	843.5949002124138	130.26942825252226	86.26841120390144
585.6845314048819	299.36974983784035	1054.465256044245	156.31606542070173	86.26841120390144
335.47810010933426	363.11323640566803	2591.3345881040623	953.9751653160578	86.26841120390144
440.6074645327775	289.66064015296166	952.0310300152912	232.93100911265464	86.26841120390144
409.6701128237941	247.51000299737166	1188.962084630613	294.6044260116547	86.26841120390144
447.72492064881413	265.990855607653	796.234136484766	163.22208269034118	86.26841120390144
515.1006897480224	222.23200218750483	989.5360692668606	256.407224098181	86.26841120390144
289.65842612473597	218.95683630722525	1231.2932304469136	292.5363441212088	86.26841120390144
318.7904621576968	194.92309155052757	783.2552280250628	160.51334426620426	86.26841120390144
361.49495875304456	242.76747196086097	1079.748645240159	348.3115689325522	86.26841120390144
262.56596868978926	152.86927782656917	461.3383548717166	149.42246775873767	86.26841120390144
270.90109628551556	206.48740586838693	1490.3406804164447	348.56053380047734	86.26841120390144
276.9929146031336	172.68768620619588	857.1666602335964	210.31683717392252	86.26841120390144
259.49153469219664	202.1435839604503	899.2638414981374	272.41089079514353	86.26841120390144
278.57349448847856	198.26502975207953	785.801331048217	196.41356376723766	86.26841120390144
292.69604995714917	177.8004987614153	2521.002536569994	648.3751217667108	86.26841120390144
270.35564125463065	172.3225707882983	540.6180467585581	133.35994557778122	86.26841120390144
345.8625630149538	175.96319152634433	889.1019222080412	279.9872184046697	86.26841120390144
339.86420757092844	226.51276979830024	1442.8160731653738	397.3616820894493	86.26841120390144
355.04903610417836	228.5630155788972	1243.2267797445577	301.8884148143897	86.26841120390144
443.71593977377046	296.8991494238303	2179.7974710741405	713.6617974725325	86.26841120390144
326.739037628093	235.76065022003726	3498.058856534759	683.7539962759018	86.26841120390144
904.8659241248588	413.5641846818244	5242.44330587201	1222.7725691873525	86.26841120390144
422.7716027608105	250.51580869736225	690.9659683873024	132.99898737383882	86.26841120390144
448.7598574046578	244.64467905673092	709.6627854387639	172.19493898216896	86.26841120390144
643.941901183335	219.31941167106453	5944.538085741845	1157.3667006988157	86.26841120390144
344.3222068751759	194.7564728793134	3035.4804230327604	616.5238642572834	86.26841120390144
298.9238756342067	226.30521454560318	1489.3345194262283	433.6655956925735	86.26841120390144
316.3249398266958	188.89690837274196	1323.1456139911893	352.2557550168024	86.26841120390144
256.8406583658411	170.4465053797854	1606.05973843585	431.3311637776487	86.26841120390144
356.25570520214245	205.81545316835624	1109.447720957308	279.9836997983445	86.26841120390144
321.1791497258733	179.64976507101935	1812.758550178661	417.1503635951681	86.26841120390144
490.0589923464932	243.84012837075431	1995.909883054691	654.2100708534568	86.26841120390144
1158.1350664720376	234.94468539721575	6899.4065938763015	1577.9371210419552	86.26841120390144
1708.0045925311315	337.4716339677374	7289.917028924407	2629.779359159817	86.26841120390144
2074.9469511053294	284.3958717263146	6919.709770638363	2413.513222866377	86.26841120390144
4094.228512756494	493.9391454187969	7641.033674304927	2758.58917379794	86.26841120390144
1777.8427927522614	302.78050387468164	6210.008998597519	1675.552597548452	86.26841120390144
613.2386649521702	269.24717394132324	3706.2909671515135	672.0606010518756	86.26841120390144
448.19437669895416	310.18909871845267	1651.9444240255086	451.5817947426576	86.26841120390144
358.2417901572138	222.4816222383403	664.9047046199856	149.7868586464625	86.26841120390144
416.8853972502247	253.21737708760983	1847.4008610625726	489.10441905487903	86.26841120390144
1128.6837961747583	273.68429358148273	3389.6786928956235	1089.3927553587441	86.26841120390144
391.8077615195152	304.7248243965329	1580.1029519926863	394.3353479590701	86.26841120390144
463.3792917762824	321.75970081568187	1201.9023919553267	328.4982192616425	86.26841120390144
471.5566264563384	250.50577303088252	1207.2225898404927	210.58812691169427	86.26841120390144
361.8402453835483	288.1129948077559	968.5242285216866	409.6031354262189	86.26841120390144
435.35376564670383	288.65915115259645	660.5733298588051	114.63537536646743	86.26841120390144
399.4326151520761	215.08372595448355	630.8638113442377	174.63030447821637	86.26841120390144
534.5159818127831	230.26757000776095	1999.7279945150615	324.96048782062644	86.26841120390144
442.3778362085824	277.4818083775419	1388.234705762817	301.24563939351304	86.26841120390144
433.63395034243746	262.8806179010947	695.2621328782731	103.89530654864977	86.26841120390144
554.7077041659292	301.89767034550084	1102.8464927460402	200.4537162759725	86.26841120390144
844.3713474892432	316.84568070826873	5904.907599416797	1091.6837567705595	86.26841120390144
775.9577406382223	313.777333936788	3091.835028572388	546.9231969664526	86.26841120390144
576.3346543502589	330.3061566971262	1065.9077576791158	177.34586609070848	86.26841120390144
408.7822871013802	247.58653138129833	669.8787695339641	154.66298235800656	86.26841120390144
520.6330236407155	280.8116264861566	913.6492239706025	169.30747783157707	86.26841120390144
488.9825920968426	308.0686386644431	789.02812725092	126.40269734515262	86.26841120390144
497.04050964241674	232.76173182012417	978.1838709199071	185.85122361891314	86.26841120390144
477.6051885631774	279.76083174895905	762.823776809712	177.75689401695692	86.26841120390144
457.0412328203842	286.6323267756355	730.8172324068988	146.79929207177213	86.26841120390144
419.25459268611905	238.03600990506507	695.4779861001555	140.58090684389967	86.26841120390144
336.2474324335837	307.709531060419	2125.9678777094446	474.7323950382096	86.26841120390144
398.1888305525874	281.93627725296363	1041.5618766487955	247.5102054199183	86.26841120390144
371.2421105734915	272.2206895022203	964.0083986364896	235.52469430087316	86.26841120390144
405.4521920876942	238.69864585326152	673.3426595028898	144.94316659964417	86.26841120390144
370.65099900032106	236.79321811339744	843.942667421874	196.94767166481648	86.26841120390144
412.1111341472722	303.27580569056937	687.7999264622208	148.04204423906003	86.26841120390144
360.4988095782546	254.0199917899582	722.1843835710945	288.7026926229207	86.26841120390144
414.6534754546642	248.0869116901531	609.944378835035	128.7191594585018	86.26841120390144
392.5144429487936	290.1361899961893	660.8982252473793	191.16180129473756	86.26841120390144
385.06775324034305	268.02445824584925	639.9451913835903	141.21923756491756	86.26841120390144
354.55804958350194	241.88851454788198	644.5798689733043	142.1665000327701	86.26841120390144
394.9793973230731	229.72820023742685	1669.204445006284	318.75147692230894	86.26841120390144
386.46533323994316	258.5248161674794	568.1001877325665	106.72249420673889	86.26841120390144
362.94589589708977	274.65803703403986	610.6689519452764	128.50357707944443	86.26841120390144
369.63303397353405	259.1988113494403	751.9709937138848	244.57351796601228	86.26841120390144
349.3442920465222	260.7414306046267	1877.7648099286564	402.175128087075	86.26841120390144
404.19247278695195	273.4887733301781	1366.4745323987895	288.205381213755	86.26841120390144
314.14880576606896	257.3599082984393	2980.4180787706123	622.6917020839285	86.26841120390144
405.0142431863551	299.40477293781186	829.0913122830748	217.55773580533872	86.26841120390144
454.97642192374695	239.71441897304854	938.9861692159575	176.5633805872791	86.26841120390144
290.2700799585522	235.55480819968602	2612.7024266352732	714.1047642936688	86.26841120390144
467.944632474025	286.8086772363395	1490.7459837393135	417.59065551606017	86.26841120390144
402.4666159236647	263.6703728042748	893.5317740100595	252.4578810737487	86.26841120390144
397.5949427456178	304.4964019874131	1566.8951524222448	371.7978261919822	86.26841120390144
413.71738491675643	271.9267743341761	2293.212013035004	490.1959080962004	86.26841120390144
378.8298812937123	260.2596888985141	674.6446245854171	169.8290269089783	86.26841120390144
389.37913505778886	298.1210390956093	726.1678942388901	192.0366989578045	86.26841120390144
418.4609648086021	270.66219250054655	1763.328989650688	349.5874986845025	86.26841120390144
426.959449880379	270.1094968373508	670.6784774719017	158.27944432134436	86.26841120390144
527.7202695331979	278.7149737462767	2759.3659789986987	589.5799821659951	86.26841120390144
572.0838240413558	267.119900431713	3261.7188048162084	586.2458481584622	86.26841120390144
518.3495608249384	321.41738817842145	1895.7819997189504	638.3609783048953	86.26841120390144
568.3645400715833	270.7638497993741	2821.3243867259957	607.149075460491	86.26841120390144
415.5202484696355	253.65731407496776	2105.902621987947	424.12291567304527	86.26841120390144
553.8758656738693	262.5719502771925	3383.333139753527	600.2061012956394	86.26841120390144
334.6572746665713	282.0532719641703	548.996001849269	186.38051571409272	86.26841120390144
370.4003577348069	280.2858195070125	1255.555146403482	453.4652591803848	86.26841120390144
446.71433980386075	306.5261000110233	939.4962105214693	239.82313625850944	86.26841120390144
458.62936441209246	322.5402093655283	1675.2496491142554	540.2055052826331	86.26841120390144
642.7411281111223	301.81965582939137	2194.5718580294565	732.088456445336	86.26841120390144
398.5447428511692	233.01939988163588	669.7039492390865	168.4010503236402	86.26841120390144
423.57508665887775	277.8884979566448	1536.5352908200637	411.9776757183228	86.26841120390144
593.5441252297592	312.6502102893658	1450.9514042157618	305.4999568621089	86.26841120390144
360.5235786588706	279.86468101107374	1632.6526512496368	373.6631983969104	86.26841120390144
409.5846297416772	280.401616016301	1760.3452700896137	443.6884615371984	86.26841120390144
448.6934010632914	313.3033705030514	931.7096812920482	213.76034998415275	86.26841120390144
466.93444559405407	292.8910163480902	1175.4535477498446	288.0244863794054	86.26841120390144
630.617863055093	289.11972994540383	3081.259173377121	510.84913432504493	86.26841120390144
406.2488888342751	254.3718273171621	604.15062991423	128.75693669473813	86.26841120390144
999.9688766932405	242.1053854624307	7120.677835279538	1215.257002902855	86.26841120390144
435.48580940754465	312.1909245553816	1478.2061705570168	344.8878499465411	86.26841120390144
395.1592100545742	252.12115397919482	1620.929058616899	561.9991339804259	86.26841120390144
330.3929235552629	301.98532018614856	2136.8311644373935	473.8678414591144	86.26841120390144
372.4798651267125	285.99847925086857	1400.6285135639064	301.7799464701325	86.26841120390144
441.6983915039945	298.5281102611007	1768.5633570720954	506.15473976574447	86.26841120390144
478.0758290139231	275.5540118926332	1982.4335541908179	633.4564401546883	86.26841120390144
410.9210515718047	294.69476759065157	936.0125228357635	245.23405598257781	86.26841120390144
811.7674349606318	310.90217013609913	4978.350040137323	834.3191388574782	86.26841120390144
432.064083185698	306.1308616408093	779.5569600183699	187.73432093892012	86.26841120390144
382.10688089567157	281.2863845828237	1200.0117134047134	421.75848378868386	86.26841120390144
371.00405138502583	323.38072561693883	1246.1539397020351	454.74925039782164	86.26841120390144
404.8825147918904	285.47178485819427	1562.9439977543477	438.79666611299956	86.26841120390144
422.03646740757864	335.02145883024275	1747.0850213199462	435.1732443105745	86.26841120390144
442.7937383702128	250.13416198766916	1792.0251018250772	474.08953609145885	86.26841120390144
388.94638967139133	257.8721215160583	710.7660846329918	150.1788902576196	86.26841120390144
356.18412088364846	252.43021299302862	1794.2454998497128	490.2322078373066	86.26841120390144
417.4004764249326	236.53766437937756	1903.4431461463184	399.4060481432996	86.26841120390144
445.32835792804275	283.7623524034625	1655.962732636421	431.0543067052942	86.26841120390144
406.4430638186062	277.0055915778976	1640.4015098104765	457.8302090905936	86.26841120390144
1074.8195858110698	266.6572048860158	8893.95384616477	1603.8547253313868	86.26841120390144
471.52349886423065	252.98227010461173	2244.186902820245	593.5578999379081	86.26841120390144
608.7004628316133	297.7333854809962	1996.3787293804864	664.0335454316412	86.26841120390144
371.77630479827303	291.59239012255694	1479.7721188292107	330.4458474796039	86.26841120390144
850.2133752906275	287.72043138993644	6933.827728682345	1340.9602419581292	86.26841120390144
442.14250359050106	238.63184583933258	2258.8413049275327	509.2031192722182	86.26841120390144
436.02500088698696	291.5204512782671	1874.5939177094272	475.6357189344129	86.26841120390144
369.5203301645069	274.57984131106724	611.726378008752	162.75207894294152	86.26841120390144
472.1658601155466	273.44480311149744	1975.9597574555605	488.947322487537	86.26841120390144
466.287912804824	267.9124500231887	1733.1202235984708	400.53055284895447	86.26841120390144
406.50624761540246	283.84159094617416	2018.9284357297454	410.8122823576626	86.26841120390144
545.5437880130906	305.524327618737	2320.6622429272456	702.3312114198617	86.26841120390144
408.4983460714091	308.08952253228034	1742.1898284806603	430.3311199456455	86.26841120390144
565.8523221549502	285.05453904840886	2266.1403089934784	738.9575554757826	86.26841120390144
376.88410639668706	259.03867216054806	1427.7031155379307	388.0836468056791	86.26841120390144
463.79325476442864	319.5373985944376	1617.9563548090618	598.8543442361886	86.26841120390144
375.7196714850509	284.8439928702239	574.1746358877472	134.01131682561672	86.26841120390144
489.7465806165458	346.0957004684346	1703.6738847249605	454.931307173381	86.26841120390144
394.8056770091537	305.0165626130655	580.982708403643	129.78904229160491	86.26841120390144
377.91729417615926	265.9663530118612	1346.3125661100541	426.4963626261817	86.26841120390144
459.75343135223494	276.7871513325171	2016.541762907119	434.4862274920864	86.26841120390144
389.24985620399065	269.27315270605396	1331.2620961590562	272.80925410334595	86.26841120390144
370.02218169643885	232.52958303368064	651.2773860005072	157.79634926543847	86.26841120390144
356.571387851902	269.28813265986344	737.1737140753258	285.4912560889582	86.26841120390144
