steps	episodes	average_discriminator_loss	average_rewards	average_value	average_entropy	average_value_loss	average_policy_loss	n_updates
16384	16	-3.284930946527049	-1.3910362049937248	-33.66183710670471	0.6239270459413528	67.03621265411377	-0.07132750337943435	2560
32768	32	0.28106812480604276	-2.1378015838563442	-122.62506493377686	0.31190950935706496	145.31585914611816	-0.01970215406268835	5120
49152	48	-2.6966384081221184	-1.6331904903054237	-64.67259126281738	0.03728292290307581	29.797050848007203	-0.004847714267671108	7680
65536	64	-5.003563012775965	-1.3518724497407675	-52.080405075073244	6.0480151171759644e-05	24.16687079489231	-0.0055280598811805245	10240
81920	80	-6.449043244862929	-1.1760171726346016	-51.26033707761764	2.2319087583781537e-05	25.297289422750474	-0.011443671304732561	12800
98304	96	-8.17491096566245	-1.0408228660623233	-49.4459599686265	2.2173666603727325e-05	24.40994778186083	-0.004263230692595243	15360
114688	112	-1.851915694619529	-0.4190493364419256	649.2891176300049	0.07127968031897057	5830.939763183594	-0.006118077747523785	17920
131072	128	-11.480489341106265	-0.7014733504038304	321.72625486755373	0.027542125213660115	221.1928006362915	-0.00988835446536541	20480
147456	144	-12.137920936830342	-1.468787904207905	-234.3909788503647	0.01948578000086963	2018.1702272033692	-0.012331656953319907	23040
163840	160	-2.3285998446247542	-1.7573423882946373	370.44017823028565	0.010400721860338222	1315.7107147979737	0.002436397150158882	25600
180224	176	-6.48509278068319	-1.3914642677727072	304.7036495819092	0.0002762786511544554	911.4759181213379	-0.003500965740531683	28160
196608	192	-7.462821530949324	-1.02298132252569	282.0267072753906	0.0014480564034946468	737.1597075653076	0.0052729716151952745	30720
212992	208	-8.094789970150217	-0.6745753716677427	283.1793859863281	0.0011619479239703722	746.4082450675965	0.009564068634063005	33280
229376	224	-8.4280409315601	-0.34163784701377153	313.6270936584473	0.0011581734877508009	887.2044071960449	-0.0026057686656713484	35840
245760	240	-8.910229003243149	-0.03210878111422062	340.0708605041504	1.7299488418389898e-05	968.8021424102783	0.0013391875848174095	38400
262144	256	-8.111957688296213	0.2735584626207128	348.83526889038086	0.0009901421463738838	2912.9470932769777	0.0002972900867462158	40960
278528	272	-12.766216985490173	0.3290439797017504	336.9040146484375	0.0027026373876305365	833.1622216033935	-0.005367370191961527	43520
294912	288	1.4202319699462969	-0.05777503042999241	325.7651598510742	0.025884577353732213	629.0314492797852	-0.006442725360393524	46080
311296	304	-8.60554385338351	0.04995590771891569	325.39779777526854	0.007431581389007859	922.2896347808838	-0.0013315832801163196	48640
327680	320	-9.844116401316597	0.22179811606183647	313.97968231201173	0.0017734811297801497	830.0041217041015	-0.0003150178678333759	51200
344064	336	-10.464620549516752	0.40580196616550285	327.7853401184082	3.932536599479689e-06	920.6724044799805	0.004719464518129826	53760
360448	352	-10.951062822965905	0.5929661502384327	363.9708544006348	0.0009808094917992507	1118.6892654418946	0.006143256966024638	56320
376832	368	-11.435279614636675	0.7795908659210672	384.3632560424805	0.0007047612801446637	1221.6924515533447	-0.0043198752589523794	58880
393216	384	-11.502700419435278	0.968868360000973	409.2187082214355	0.000609086159832519	1359.9885538101196	-0.0019317824952304362	61440
409600	400	-6.796986587418243	1.197857036665082	449.8206735839844	0.005131557196110673	1667.9033563232422	-0.006398611152544618	64000
425984	416	-2.0598071582065893	1.4369060672962894	812.552689086914	0.03199018056798964	4918.753109741211	-0.00022336553782224656	66560
442368	432	-2.661546606433578	1.5420337077230215	583.6211678161621	0.021326558645435287	2633.898932189941	-0.00698722867295146	69120
458752	448	-5.0443797649797055	1.6323503724831556	383.57303598022463	0.0075395931269695935	1444.1925085449218	-0.001158064603805542	71680
475136	464	-3.1952213874561712	1.7380419230281279	478.34252865600587	0.02002086519141242	1444.2422398376466	-0.008482677415013313	74240
491520	480	-4.142587770010345	1.8314401269579927	416.18565701293943	0.019167440865659628	1387.853744506836	0.004052684111520648	76800
507904	496	-5.659085903280415	1.9479299861216737	526.2644859924317	0.01601353664473703	1713.865095062256	-0.0009227489167824387	79360
524288	512	-5.036580929638818	2.0804660991416313	623.3779677124023	0.01648097255605834	2543.563308105469	-0.0005524063296616078	81920
540672	528	-3.2078670359430834	2.211566307384408	614.3234243164062	0.02017801291720973	2651.452271118164	-0.015371030820533633	84480
557056	544	-3.3911877753892914	2.313141005935476	563.941801361084	0.0214677002181008	2434.8446742248534	-0.00447249149903655	87040
573440	560	-3.0154761882750316	2.4052808421530893	533.900380065918	0.02296514468410026	2232.9953948974608	-0.009981511291116477	89600
589824	576	-2.7897878539608794	2.4836412238267562	514.7023249816895	0.015278295599635644	2107.232267303467	-0.0029525736719369887	92160
606208	592	-2.5069290820746684	2.5430691274940163	484.9214248352051	0.01858285871135346	1756.3653485870361	-0.010309688970446587	94720
622592	608	-2.8731197931114583	2.5829001304840573	428.6350270080566	0.019793583898633397	1443.0616648864745	0.0016451736818999052	97280
638976	624	-3.4528098221458494	2.6218843995474086	386.85607971191405	0.014593417316649282	1331.274498977661	0.005356788896024227	99840
655360	640	-3.136318026633933	2.6681694165337833	415.87437435913085	0.01733455269989833	1160.1011305999755	-0.013336668666452169	102400
671744	656	-3.981332351299003	2.712074778474322	413.1485256958008	0.017553670239032846	1437.6228770446778	-0.005410201139748097	104960
688128	672	-3.1903347626747562	2.7662806951307823	442.99229470825196	0.01888219953706506	1608.9366886901855	-0.003927526026964188	107520
704512	688	-3.4600446794535964	2.815599104736087	441.39784661865235	0.023840679014765578	1470.2593147277832	-0.005740366950631142	110080
720896	704	-2.6085717514627613	2.868194977033206	459.6871361694336	0.022475301948632707	1875.372448577881	-0.0038567690085619688	112640
737280	720	-1.7940396411488764	2.907607720999254	467.4536020507812	0.020663355097423446	1767.1108743286134	-0.005341280363500118	115200
753664	736	-1.2029844355115202	2.9359543699690183	464.4817934875488	0.01738599030680095	1826.1595582580567	-0.006129908245056868	117760
770048	752	-1.3927569656572305	2.9362990742430406	411.3172518005371	0.01057548679750503	1098.7938262939454	0.0019090691208839417	120320
786432	768	-2.526583154078107	2.8668555062031373	198.23347187805174	0.012115297957363094	184.12584671020508	0.0012465343903750182	122880
802816	784	-1.7520391558599657	2.8062042548720325	89.80007132720947	0.018754814203789508	108.29545936584472	-0.0004685746878385544	125440
819200	800	-1.8731853206497617	2.838669108487666	235.88641432189942	0.019024431195977465	678.4635070037842	0.0011940556485205889	128000
835584	816	-1.7854086591606029	2.8770083437728533	355.2619091796875	0.02520836327704494	1020.9207822418213	-0.005946245435625315	130560
851968	832	-1.5479568040706218	2.9123083711601794	417.23729901123045	0.014090176481955066	1458.8692211151124	-0.0043002292048186066	133120
868352	848	-1.4114159046679269	2.93361930046582	395.02871142578124	0.02283751599205379	1193.1324975585937	-0.005271479096263647	135680
884736	864	-1.4738104899064637	2.9338970419226422	344.39325622558596	0.02168786545667114	793.1319493865967	-0.009167201519012451	138240
901120	880	-1.6914144127168693	2.912818877568299	261.08610830688474	0.019693303352700562	474.24847118377687	-0.0054811426438391205	140800
917504	896	-1.6369294518237003	2.8812837372201363	168.22578950500488	0.02538598102987174	240.4425478744507	-0.001278318241238594	143360
933888	912	-1.7487491747122257	2.861922737309023	155.18686666870119	0.02896919736648899	245.74163597106934	0.0055340839363634585	145920
950272	928	-1.8080577403386124	2.8569937394931912	195.57825459289552	0.022691149466138757	348.8230173873901	-0.00490512534044683	148480
966656	944	-2.0673284088289363	2.8617004151377134	244.91532037353517	0.01488402769846541	505.28388717651364	-0.0015983335115015507	151040
983040	960	-1.8059042317611165	2.8753794675382474	310.1192895507813	0.025177030463559527	863.2721027374267	0.005325308907777071	153600
999424	976	-1.1518839521741029	2.8917467990187835	338.23446377563477	0.03605417261503028	984.3260900878906	-0.009459090307354928	156160
1015808	992	-1.2703823231400457	2.8998842725169753	333.1155351867676	0.025143423682472254	896.781156539917	0.0005667936988174915	158720
1032192	1008	-1.2894792548650875	2.9079337077777065	328.5857290344238	0.02451945426694699	734.9633902740478	-0.0038910993188619614	161280
1048576	1024	-1.3769582282565533	2.8938464620441664	272.3134596710205	0.022269464153884665	470.3740821075439	-0.0029990320652723314	163840
1064960	1040	-0.45532488272280897	2.882854463532567	260.34767530822756	0.018110302921421777	508.93347885131834	-0.003240854348987341	166400
1081344	1056	-1.1318214138792828	2.8692909398144395	223.82790171813966	0.0166090286175158	373.9361024093628	-0.0003744563926011324	168960
1097728	1072	-1.079891946826363	2.8626877781448523	213.87391633605958	0.02156695543251573	554.5774741363525	-0.008600844088941812	171520
1114112	1088	-1.6541360596576706	2.8822845694170716	313.31285186767576	0.019836698165237192	907.2827157592774	-0.00036004044115543364	174080
1130496	1104	-2.4682689657746812	2.904569838385003	366.7303999328613	0.025678715696573085	1086.8653289031981	-0.00045071957632899286	176640
1146880	1120	-2.978242091685999	2.925643483256655	383.9094015197754	0.013567464261498947	946.9831871032715	-0.004656138867139816	179200
1163264	1136	-3.19921491955407	2.936651397785041	366.81440240478514	0.013914423816646676	1129.016851196289	-0.005806161817163229	181760
1179648	1152	-1.7762822301555425	2.954179080022085	415.22538668823245	0.01971648479064734	1616.5942831420898	-0.0024163020215928555	184320
1196032	1168	-0.9359352320383768	2.9823520869680054	451.2521485595703	0.024124114843614815	1855.9625198364258	-0.0135310042463243	186880
1212416	1184	-0.5429269933068427	3.0036157128224903	502.0164507446289	0.012769782127638818	1934.0939221191406	-0.005410514641553164	189440
1228800	1200	-1.4107559253862128	2.9931756802648306	368.3255226135254	0.010067855260739595	898.2616215896606	-6.451248191297054e-05	192000
1245184	1216	-2.0346747355777772	2.980449463216294	253.92566160583496	0.00654633529511709	482.7555147171021	-0.0007528844103217125	194560
1261568	1232	-2.00526542507112	2.974502514733316	209.68917044067382	0.012800571994272767	504.297068862915	-0.0052086792606860395	197120
1277952	1248	-2.105769732862711	2.994598774597622	330.02039236450196	0.008802964200496548	1169.468487930298	0.007789751989766955	199680
1294336	1264	-2.2978055958319454	3.034766709526317	450.80139846801757	0.019494175177685185	1866.1315165710448	-0.0008965671062469482	202240
1310720	1280	-2.174465835093055	3.0779587231809273	557.7323915710449	0.015074562405834966	2568.5341415405273	-0.00887047590687871	204800
1327104	1296	-2.183277646063827	3.107836872730174	524.6946345825195	0.018777605985207516	2370.1854496765136	0.003746630400419235	207360
1343488	1312	-2.4411571773262692	3.129895635517087	492.3649706115723	0.02135196691934412	1868.39190284729	0.003556085266172886	209920
1359872	1328	-2.6687609770158307	3.126980281042227	423.45663427734377	0.016736081440545923	1245.9681883239746	0.003491026163101196	212480
1376256	1344	-2.134338709414238	3.109455227164463	320.4223889465332	0.023680711339127213	868.5395861816406	-0.004777952767908573	215040
1392640	1360	-1.8057961726849898	3.1174948180642197	351.8422015686035	0.016483979528206336	1212.6193862915038	-0.0034024028573185205	217600
1409024	1376	-2.060207507146988	3.143873258407206	433.88125787353516	0.012098809790619986	1583.977068939209	-0.006019502431154251	220160
1425408	1392	-2.3544663421851584	3.1731566512935805	469.07804498291017	0.02123910193996875	1751.7244682312012	-0.003370403330773115	222720
1441792	1408	-2.12187944683386	3.203636786498299	534.5388342285156	0.02168642091480499	2380.8687677001953	-0.001111279372125864	225280
1458176	1424	-2.014286683049053	3.2379514454665146	550.2079431152343	0.007203263233986248	2601.592456665039	0.003519374467432499	227840
1474560	1440	-2.08337477914989	3.2713346514643895	566.7819713439941	0.01867197104286365	2476.0998071289064	-0.0025009669363498686	230400
1490944	1456	-1.987097609502729	3.3010641736193347	595.1745068969726	0.01692364495473668	2579.1255947875975	0.0034152525663375855	232960
1507328	1472	-2.0464178521763534	3.3225976079904838	520.0272947082519	0.014975044242822673	2189.3834994506838	-0.0046716740261763335	235520
1523712	1488	-1.9774325160277075	3.3365821896261103	476.3214580078125	0.01602311545202887	1904.0440466308594	0.0015567367523908616	238080
1540096	1504	-2.2365512092527933	3.3470864416635098	460.7642222595215	0.011124261628962028	1729.0643270874023	0.0026222720835357904	240640
1556480	1520	-2.2186721771154554	3.3597154485748004	437.0448634338379	0.020176562319966777	1531.4923097229005	-0.0005354537069797516	243200
1572864	1536	-2.538750710357446	3.37262369756354	431.5417825927734	0.015852686169742624	1578.5443505859375	0.0015166747011244298	245760
1589248	1552	-2.813882159553468	3.377940656617284	416.1454484863281	0.02363737870200253	1314.2396829223633	-0.005800232109613716	248320
1605632	1568	-3.431858703658916	3.370406791890914	323.54515368652346	0.017406953238746997	745.9008013153076	-0.0042696018889546395	250880
1622016	1584	-3.0835946060596036	3.358491314800851	263.8888978881836	0.017756364082727957	522.6758055114747	-0.012433168012648821	253440
1638400	1600	-2.5680459652883	3.3534991073794664	257.2239154510498	0.024232383218362477	640.585270614624	-0.009067767364904285	256000
1654784	1616	-3.0155934363529084	3.354197109708249	290.1749635620117	0.019107683768337387	706.4791738891602	-0.009538109581917524	258560
1671168	1632	-2.3671889526448213	3.3613112422948084	317.4734553833008	0.024560545589675846	1119.4996851348876	0.002575547005981207	261120
1687552	1648	-2.4852077342076226	3.370012664697269	368.86357217407226	0.016786137154470155	1156.5468714904785	0.001806582249701023	263680
1703936	1664	-2.418770744864829	3.3825816563867894	393.88679708862304	0.019202769459281312	1260.478703765869	-0.004926389046013355	266240
1720320	1680	-2.1619090231824667	3.404933159142023	471.2736743469238	0.01925242716561491	1880.8502848815917	0.0015251148212701083	268800
1736704	1696	-1.88127720434824	3.4324020794153496	516.680371887207	0.01457632986554657	2380.006637878418	-0.002595173791050911	271360
1753088	1712	-2.1027525001033207	3.4642419297178493	585.775767578125	0.018773347909651048	2857.7425917053224	-0.0023686813749372957	273920
1769472	1728	-2.298938839493785	3.4936158265401094	586.9304149780273	0.01544909197677674	2851.8931953430174	-0.00541757196187973	276480
1785856	1744	-2.3113624914293176	3.519245833995829	568.6223866577149	0.02262168467114934	2580.0417124938963	-0.004122001770883799	279040
1802240	1760	-2.5477729300754146	3.541422764296559	562.5733926086426	0.015588619962522606	2501.555281982422	-0.001442715674638748	281600
1818624	1776	-2.309772000211291	3.557228905140414	520.2282707824708	0.016211079482453258	2119.9121488952637	-0.002603964861482382	284160
1835008	1792	-2.3531076276828533	3.5729423628488024	500.7200372314453	0.017372150922102585	2150.1773112487795	0.0012555707991123198	286720
1851392	1808	-2.3746245860108175	3.5854483827190324	471.41022634887696	0.018750021831201204	1768.024771270752	-0.009149029217660427	289280
1867776	1824	-2.0275141265317798	3.5995527490352592	475.6763943786621	0.017557279921983308	1847.1499124145507	-0.0013721271045506	291840
1884160	1840	-2.255066986026708	3.6179884708607974	501.61005740356444	0.02211457288394716	2044.88123046875	-0.006617913311347365	294400
1900544	1856	-1.999480591105763	3.634263140904107	507.00605700683593	0.018607128217954745	2113.6593046569824	0.00035943254828453065	296960
1916928	1872	-1.788243722902611	3.650649518554664	527.693776550293	0.01830917136771806	2265.5706578063964	0.004110105391591787	299520
1933312	1888	-1.8310503527536057	3.6652905865398755	487.6510289611816	0.010020063016679362	1874.7009284973144	-0.006662545930594206	302080
1949696	1904	-1.8241534492364153	3.6778001039124586	508.23828634643553	0.017658304767631475	1915.4388108825683	-0.009050491601228713	304640
1966080	1920	-1.7264284322760068	3.6873301511164756	462.55187789916994	0.017558712415240926	1754.5618696594238	0.00037016214802861215	307200
1982464	1936	-1.8369429975100793	3.696576147548054	455.6195103149414	0.012147762492727908	1758.207970275879	0.004025884121656418	309760
1998848	1952	-2.0013187455683945	3.705072340921911	449.43298599243167	0.014470908437688038	1412.3154866027833	-0.015151597205549478	312320
2015232	1968	-2.0225141645194964	3.712486376137874	429.94587799072264	0.013460345322060804	1516.9586226654053	-0.003996125720441342	314880
2031616	1984	-2.229781488076318	3.7227556787341114	434.59860333251953	0.013387554255705572	1603.416248397827	0.002113881027325988	317440
2048000	2000	-2.2708074437067842	3.729434026256204	427.52123706054687	0.014718637670285835	1396.24446975708	-0.009914030749350787	320000
2064384	2016	-2.4136349360318854	3.7327658865334734	397.9829478149414	0.01362454456694765	1320.6513375854493	0.0032676108740270137	322560
2080768	2032	-2.2206497157886624	3.7392845369846097	412.7172951660156	0.016057147765775468	1269.1229661560058	-0.015511121293529868	325120
2097152	2048	-2.3922598589481785	3.74371588138456	390.1966921691895	0.01086636745640913	1197.6284602355956	-0.008110458459705115	327680
2113536	2064	-2.5000630544577724	3.74238741537917	362.2435010986328	0.015125204001124591	1112.5955043029785	0.004263638816773892	330240
2129920	2080	-2.951074537542649	3.7429741034284234	357.61375982666016	0.009615376180099179	975.7852638244628	-0.0035936975851655006	332800
2146304	2096	-2.484116455441341	3.744822624089722	357.7422638244629	0.01543813355710931	1166.3648149108888	0.009616426313295961	335360
2162688	2112	-2.498180257942062	3.749932780424415	380.34605599975583	0.013698133432059122	1097.7911560821533	-0.013329444946721196	337920
2179072	2128	-2.6898848055400886	3.7577761286323454	409.885130859375	0.010493773316059933	1356.131700592041	0.00029317276552319525	340480
2195456	2144	-2.5433499682312832	3.7650241932011586	418.3262383728027	0.01127184482583511	1440.7857261657714	-0.002299768440425396	343040
2211840	2160	-2.142695951277856	3.7718541207274905	458.1003415527344	0.015744998867249553	1763.6738049316407	0.003510713819414377	345600
2228224	2176	-2.115709757533856	3.7798492496641463	423.9738003845215	0.013243651971690678	1584.3613465881347	-0.008275471702218056	348160
2244608	2192	-2.0836567360688933	3.7884064469160172	456.8842432861328	0.00884072243702992	1522.6478867340088	-0.008771234899759292	350720
2260992	2208	-2.1835979896364734	3.794741048342616	450.2995918273926	0.014062469359586414	1652.9261375427245	-0.0004060286469757557	353280
2277376	2224	-2.2477480003754606	3.8004836513118136	428.9375551452637	0.01310990556532527	1522.392453918457	-0.007311044521629811	355840
2293760	2240	-2.27045992160961	3.808460494463465	435.2497434997559	0.012871101950275304	1503.4183895874023	-0.0063043152168393134	358400
2310144	2256	-2.2270306700835936	3.8186891349626984	474.54904440307615	0.01347913260958823	1903.8846774291992	0.0035539630614221094	360960
2326528	2272	-2.145098598080687	3.828796489151116	475.7665334167481	0.013291129282298985	1816.8461207580567	-0.005214415676891804	363520
2342912	2288	-2.368329776474275	3.8363126508136105	465.35095831298827	0.01233403415269606	1736.5138855743407	1.5438571572303773e-05	366080
2359296	2304	-2.5722238392177967	3.8429104594850085	452.09846182250976	0.011957241640933288	1530.4782090759277	-0.010396213307976722	368640
2375680	2320	-2.5229102322286927	3.843609917176695	409.6205838317871	0.014677719080193958	1418.589398498535	0.005596486087888479	371200
2392064	2336	-2.3291482141306625	3.842407598900162	367.93441806030273	0.017603806699568115	1175.9974160003662	0.003790178019553423	373760
2408448	2352	-2.197542510630563	3.844490237800138	361.30603036499025	0.016226530676127275	1170.1939934539796	-0.0008151461184024811	376320
2424832	2368	-1.968739930381067	3.850102049285999	405.14282470703125	0.011993364228279742	1376.4030461883544	-0.00042415885254740713	378880
2441216	2384	-2.242454998352099	3.855775793939329	408.4334069824219	0.010469739369064937	1332.6344972991944	-0.006199075598269701	381440
2457600	2400	-2.114979057490826	3.8630703242744007	433.9088472290039	0.01347500388273806	1572.3649270629883	-0.001388632794842124	384000
2473984	2416	-2.1138640776816757	3.871519863223102	467.7703155517578	0.009923371460477863	1675.3908462524414	0.0025074595585465433	386560
2490368	2432	-2.144342207088601	3.8779758019005195	450.968932220459	0.01393705017473687	1613.1284950256347	-0.0025257982686161997	389120
2506752	2448	-2.435043310481589	3.8842754309595215	436.6562352600098	0.008997690476410096	1515.6943254852295	-0.0009303240198642016	391680
2523136	2464	-2.69894818127295	3.890889951173071	452.37037271118163	0.006166673971562167	1384.9088426208496	-0.0005283657740801573	394240
2539520	2480	-2.594772730245255	3.896256033078797	406.9343480529785	0.008902312358451117	1404.707315750122	-0.005318512227386236	396800
2555904	2496	-2.291341577399522	3.9015331115597527	445.4138601074219	0.011860524269247196	1626.986104888916	0.0012585930712521076	399360
2572288	2512	-2.23711947244592	3.9055951818657717	431.59937423706054	0.00417263968585544	1531.3295634460449	0.0013557861465960741	401920
2588672	2528	-2.113641315197805	3.9072302602632325	412.53748480224607	0.012291607053567757	1427.5960501861573	0.0033770926762372254	404480
2605056	2544	-2.4065339794335885	3.9108476976295874	393.81929241943357	0.013603510518105431	1291.466460494995	-0.0017953474167734385	407040
2621440	2560	-2.312844887830783	3.9176355868694372	424.5019410095215	0.014867834769393412	1474.1147743988038	0.0008123856782913208	409600
2637824	2576	-2.4446502432902344	3.9217482879410803	426.0278103942871	0.01730209507973194	1356.5025930023194	-0.006520466888323426	412160
2654208	2592	-2.4099280810807833	3.9247799376025796	419.8814085998535	0.014274005171979721	1426.1251992034913	0.0032874484732747077	414720
2670592	2608	-2.3466759584741665	3.9277030990281903	402.43584463500974	0.010463680962874818	1284.6738311004638	-0.008800236154347657	417280
2686976	2624	-2.4368805304416457	3.93158706078851	409.375250213623	0.014300586901621429	1355.4211673736572	-0.004845799170434475	419840
2703360	2640	-2.4516662316764704	3.934581651843407	406.19946130371096	0.013264414258630156	1317.4305192565919	0.0036225499864667656	422400
2719744	2656	-2.414419739798177	3.935523983236986	385.7395285949707	0.011447040710339777	1199.752871170044	0.003632636051625013	424960
2736128	2672	-2.4237582761496306	3.9357778811994604	369.26913903808594	0.010644260193560448	1041.83178565979	-0.003349662572145462	427520
2752512	2688	-2.4732881919834764	3.9356612474546724	359.8776014404297	0.014453595459852248	1179.8117191314698	0.005884730285033584	430080
2768896	2704	-2.35667284138361	3.93852926465578	376.24969079589846	0.013887268287185705	1214.4908023834228	-0.0005420529283583164	432640
2785280	2720	-2.4142130266935564	3.9426060904584386	405.76735745239256	0.010060565032778777	1312.287191619873	0.00017081694677472113	435200
2801664	2736	-2.3304931138325484	3.945665957994367	404.6559806518555	0.011483954782825179	1466.6079557037353	0.008027255851775408	437760
2818048	2752	-2.396911340217106	3.9478732413439035	399.92657592773435	0.011800665651340967	1224.7973167419434	-0.00758754026144743	440320
2834432	2768	-2.2214772768793627	3.9522903975142394	424.6655744628906	0.008338158270841525	1490.623589553833	-0.005535512706264853	442880
2850816	2784	-2.069822341795545	3.95894767601985	440.6663318481445	0.013739321233607087	1535.6223444366456	-0.006548273768275976	445440
2867200	2800	-2.492481028007809	3.966875439041427	449.10514822387694	0.004018856475105334	1691.4323461914062	-0.0057725456170737745	448000
2883584	2816	-2.4829130302933047	3.9749209511792287	453.63780026245115	0.007802782573297107	1807.0011999511719	-0.00014427106827497483	450560
2899968	2832	-2.229796192069538	3.9818618860053645	475.64715451049807	0.012798536568468357	2066.5011114501954	0.004019703734666109	453120
2916352	2848	-2.3298943124306386	3.985275450392804	449.50352014160154	0.016837919237991484	1633.560586013794	-0.009084092658013106	455680
2932736	2864	-2.3206814851081	3.9855105137795874	407.90669131469724	0.014566070263762285	1398.2800018310547	0.0039250866882503035	458240
2949120	2880	-2.26609094800055	3.9867021713095405	398.86435470581057	0.011712305699954673	1313.6931004333496	0.0018498568050563336	460800
2965504	2896	-2.0648656413801945	3.988026105906835	397.44468270874023	0.01597886633433978	1446.368900909424	-0.0008664664346724749	463360
2981888	2912	-2.055840082484763	3.990924446147631	410.61878775024417	0.011840230878241183	1374.7614423370362	-0.0092526582069695	465920
2998272	2928	-2.195670205899514	3.994110059227204	410.58449981689455	0.01276216661934093	1363.987039642334	-0.004504058547317982	468480
3014656	2944	-2.0181032866933384	3.9982230935508953	424.1338151855469	0.01994261638815225	1350.232660446167	-0.01196863166987896	471040
3031040	2960	-1.9624591582850552	4.007278742027041	461.29230990600587	0.012832464380310684	1939.3340254211425	-0.006731015043333173	473600
3047424	2976	-2.0650886394050905	4.017938517124182	498.88271685791017	0.010784411446469857	2234.0787048339844	0.004057986084371805	476160
3063808	2992	-2.1827182943942027	4.027980400289205	520.5548519897461	0.01085064601734658	2256.609293670654	0.0016435116901993751	478720
3080192	3008	-2.240026961687487	4.037599971329675	528.047103149414	0.007075313439110678	2303.2639624786375	0.0010433599539101124	481280
3096576	3024	-2.1341197061482817	4.045615307878329	514.6100571594238	0.013451935391191385	2159.446872253418	-0.002002498973160982	483840
3112960	3040	-2.1426580338603816	4.053724751984211	520.7461750488281	0.01233329682235988	2079.5884591674803	-0.00774047177284956	486400
3129344	3056	-2.0329972356129438	4.061098651745946	510.7836819152832	0.009948363699352042	1962.342119140625	0.0007838952541351318	488960
3145728	3072	-2.113079600106459	4.071672397985822	524.7134375610351	0.010194860622327877	2403.287983627319	-0.00117480942979455	491520
3162112	3088	-2.182532909222413	4.083711341882385	562.7453038330078	0.011764127744360458	2576.1009202575683	-0.002853619921952486	494080
3178496	3104	-2.369927076249849	4.0943430139942425	565.2935303955078	0.012943466983886744	2503.6564767456057	-0.0061832543462514876	496640
3194880	3120	-2.604969625793863	4.102368905003637	542.0800160827637	0.01025690797106963	2379.1687279510497	0.00028784798458218573	499200
3211264	3136	-2.5764322865754368	4.111746941303492	541.3016425170898	0.008499161432937441	2432.8378117370607	0.0027355823665857317	501760
3227648	3152	-2.3727914448948577	4.121061726884567	545.3831537475586	0.010675065389206652	2413.097995300293	0.007950188294053077	504320
3244032	3168	-2.3021254747924393	4.132550404538786	553.8728493957519	0.01396723307834862	2537.7254127502442	-0.0025089907832443713	506880
3260416	3184	-2.311560987390578	4.144331970415897	579.1530833129883	0.015211496650016504	2730.4267721557617	-0.0027327636256814004	509440
3276800	3200	-2.475392653328832	4.156771537074819	593.8370995483399	0.014526520519004363	2767.6683988952636	-0.004942344836890698	512000
3293184	3216	-2.4516730337641204	4.167119645963038	589.9073966674805	0.012803991139891151	2593.7773727416993	-0.005449690651148558	514560
3309568	3232	-2.8109361811215057	4.173010692157146	521.3008880310059	0.007385129629196558	2197.4831008911133	0.0029898325819522143	517120
3325952	3248	-2.4178520395774394	4.177708990477356	474.1679659729004	0.009489091222666148	2109.1935809326174	-0.0010528022795915604	519680
3342336	3264	-2.422680678812321	4.187078265007585	514.5472391357422	0.012041423635164854	2187.2195597076416	0.004732083827257157	522240
3358720	3280	-2.3397404147712515	4.198133914654211	552.4949479370117	0.014900346015072908	2705.3009495544434	0.006501352079212665	524800
3375104	3296	-2.653426169946324	4.209462648465578	565.8300754394531	0.013482405438944443	2775.131826324463	-0.0003889135457575321	527360
3391488	3312	-2.4537563748732207	4.2223245993994425	601.6385752563476	0.00939333372975326	2853.4757260131837	-0.004273239569738507	529920
3407872	3328	-2.5113654164741748	4.234417014979185	604.4132817993165	0.015107759364019237	3174.8390480041503	0.00347143130376935	532480
3424256	3344	-2.3767135593094864	4.2456875765812025	602.6672849731445	0.015742797865807553	2913.1029472351074	0.0016396032739430667	535040
3440640	3360	-2.5924964324659667	4.255503384281127	570.6410696411133	0.013247930206866883	2742.1976553344725	-0.008041624650359154	537600
3457024	3376	-2.2340574824456128	4.264640267435197	574.8490612792968	0.00873473883408988	2652.548260650635	-0.0014676400739699602	540160
3473408	3392	-2.341123631960247	4.272556756473726	540.1805447998047	0.012764213881987427	2493.861481323242	-0.0008510666154325008	542720
3489792	3408	-2.290365578924771	4.280734574299813	558.6759822998047	0.008247073613376652	2369.0665097808837	-0.00453951045870781	545280
3506176	3424	-2.2778571962979623	4.288867493664898	560.125686340332	0.014944103484371285	2576.5339974975586	0.0026605276949703692	547840
3522560	3440	-2.2688645157129503	4.296102481118815	552.8962896118164	0.011572045790903644	2521.745263214111	0.0019341775216162205	550400
3538944	3456	-2.343250409102533	4.3025023170177725	528.3963364868164	0.013203039647285166	2247.7104629516602	0.0009579673036932946	552960
3555328	3472	-2.515021275400184	4.30806127012909	521.7046029968262	0.01040310256094258	2116.488924255371	-0.0026386960223317144	555520
3571712	3488	-2.8864806368006395	4.312739029398547	507.87356030273435	0.008160498850140146	2070.7413036346434	-0.00022378750145435333	558080
3588096	3504	-3.292932668524794	4.311766038210765	441.71964993286133	0.010677795178373379	1447.3796962738038	-0.002102922950871289	560640
3604480	3520	-3.0776002335278316	4.310886378730224	407.12311892700194	0.006009969952977428	1358.382208404541	0.010725721977651119	563200
3620864	3536	-2.9718573898784815	4.31289190081753	431.2036296081543	0.014449269146666489	1354.8117100524903	-0.0050339552853256465	565760
3637248	3552	-2.633849920678418	4.317574375929932	458.0905957641602	0.01441737199342789	1724.9434442138672	-0.0013821063376963138	568320
3653632	3568	-2.1451163297384044	4.324889726176725	506.4977936401367	0.012080405647063605	2344.9157150268557	0.0046343601867556575	570880
3670016	3584	-2.2026084993043913	4.333840541017707	530.3901893310547	0.008828966727054844	2542.0142864990235	0.004022052949294448	573440
3686400	3600	-2.3508073599608617	4.343838670526941	573.3431407470703	0.01004714698450907	2679.139070892334	-0.004045512955635786	576000
3702784	3616	-2.3269693533442917	4.354552403496232	594.9682447509765	0.013381324531715184	2910.9704203796387	0.0011287400498986243	578560
3719168	3632	-2.3700908890170975	4.36653350786786	628.9626146850586	0.012447089899959914	3176.9241537475586	-0.0009773426596075296	581120
3735552	3648	-2.4277626699092796	4.377132662563797	617.8566764526367	0.011365345801437488	3149.146150817871	-0.0032762300036847593	583680
3751936	3664	-2.4461333228447475	4.387211633569613	623.1646152954102	0.0109626102861383	3193.8986477661133	-0.00019405601546168327	586240
3768320	3680	-2.26888305623224	4.396244744122352	605.7622994384766	0.007435603082134365	2746.0502685546876	-0.010516548119485379	588800
3784704	3696	-2.3695519450479186	4.404656611487786	595.3389437866211	0.011189498235849655	2994.6893421936034	0.003827209901064634	591360
3801088	3712	-2.515895862165373	4.412212711477909	562.8728755493164	0.010230073251608424	2675.593162536621	0.008801784422248602	593920
3817472	3728	-2.461556098188739	4.418189310728544	553.9949940795898	0.009183045360386815	2365.1905261230468	-0.005504755266010761	596480
3833856	3744	-2.5161312174815684	4.424280237955734	541.9169391174316	0.007466436991694095	2310.5980406188964	-0.004987735897302627	599040
3850240	3760	-2.3793639811212195	4.428939272502952	525.6720727233886	0.014043285623611849	2161.629478302002	4.743700847029686e-05	601600
3866624	3776	-2.5549046419691295	4.435261514740286	528.3071354980468	0.012039282196609045	2202.4212577056883	-0.007238309923559427	604160
3883008	3792	-2.41188147780858	4.442688686946084	546.581276550293	0.008846459170037416	2398.3442974853515	-0.0043317808024585245	606720
3899392	3808	-2.501686514627654	4.448927507187952	545.9016265869141	0.007046013654638005	2375.358662414551	0.0007205343805253506	609280
3915776	3824	-2.445303580052219	4.455921582604864	546.8581694641114	0.009204897141258779	2576.928550720215	0.005719683449715376	611840
3932160	3840	-2.40660523195751	4.465111168233367	579.2387864990235	0.011715691809455883	2464.634810180664	-0.007327579669654369	614400
3948544	3856	-2.472501578807365	4.473098171210203	586.312952758789	0.016630797705963846	2960.9316036987307	0.00524349482730031	616960
3964928	3872	-2.4052070561368017	4.4810790183207345	584.6433075561523	0.01254076233010403	2884.578769226074	0.003254618654027581	619520
3981312	3888	-2.5458371814405547	4.488748683858617	577.1695363769531	0.010231141237884734	2607.2346398925783	-0.005480762515217066	622080
3997696	3904	-2.844445520865731	4.4926766733730545	554.3895197753907	0.01240720176473891	2412.2970376586914	0.01149741917848587	624640
4014080	3920	-2.9258269975818694	4.494669339129207	449.63500659179687	0.010512410239103178	1859.509449005127	-0.0032086652517318726	627200
4030464	3936	-2.5158187889060937	4.497159390437712	482.26162615966797	0.014076384360682646	1973.4430177307129	-0.0018608089722692966	629760
4046848	3952	-2.4330654407041146	4.503753798700839	528.5067786254883	0.013795701163298802	2342.169242019653	0.0028893190249800684	632320
4063232	3968	-2.4254639156842606	4.513415601953203	575.1821803588867	0.009805403246866577	2927.8210972595216	0.00012084593996405601	634880
4079616	3984	-2.6501347419121304	4.523108728925687	592.5176861572265	0.009037402790751808	3050.9045683288573	-0.0005093242786824703	637440
4096000	4000	-2.525999807218555	4.53469400215894	642.3152017822266	0.01431049262303527	3530.52556930542	-0.00072569883428514	640000
4112384	4016	-2.5725832124385053	4.571785690523684	674.3602133789062	0.015381267333120802	3462.821951446533	-0.005456042774021626	642560
4128768	4032	-2.444380041334312	4.614785052753985	702.9099654541016	0.006699111080823438	4001.012070465088	-0.004056199062615633	645120
4145152	4048	-2.4106037998390386	4.6460632402673365	682.8189233398438	0.012132299379116957	3701.5222355651854	-0.0016386817395687104	647680
4161536	4064	-2.4607847051233986	4.675117302037775	650.8086413574218	0.013366805179880177	3358.0921662902833	-0.003719088826328516	650240
4177920	4080	-2.543911605094094	4.705080496944487	636.7487896118164	0.012715946479218925	3320.2311106872558	0.001109477560967207	652800
4194304	4096	-2.6178364107548258	4.734692060537636	645.3604371337891	0.012965369594874245	3460.6643309020997	-0.000921743493527174	655360
4210688	4112	-2.5321057920288292	4.749075636066497	643.1955693969727	0.007092081990655212	2968.6005200195314	-0.01394212419167161	657920
4227072	4128	-2.4787128546210004	4.7862625907361505	623.4726486816406	0.008950321452912262	3106.622598876953	-0.005570464711636305	660480
4243456	4144	-2.465414926802274	4.842721560806036	597.5716474609375	0.013177261781732218	3104.2395774841307	0.00957242053002119	663040
4259840	4160	-2.567189252133481	4.885497450917959	586.5880244750977	0.012296985260313623	2938.403853302002	0.002486450867727399	665600
4276224	4176	-2.5821669946447945	4.902285481542349	582.1379422607422	0.012656132762547017	2729.024953765869	-0.01057357057929039	668160
4292608	4192	-2.4661410925234666	4.919574876159429	623.0924318237305	0.009035827761170815	3461.8377726745607	0.009336670152842999	670720
4308992	4208	-2.448416877251584	4.937717741817236	667.3902033691406	0.013153346142808886	3923.2201892089843	-0.0022541852854192257	673280
4325376	4224	-2.5305865448946134	4.957218057960272	734.5942741699218	0.013564314892993454	4682.213312072754	0.003483302779495716	675840
4341760	4240	-2.4206587204341776	4.974790657371282	762.4036825561524	0.010891710558714553	4827.806319274902	0.0024844072200357913	678400
4358144	4256	-2.3878498841398397	4.988455170482397	775.7971670532227	0.010065755510783654	4680.935059661865	0.0016445800568908452	680960
4374528	4272	-2.3663037429875695	5.012644907802343	713.1649246826172	0.009009004397214408	4314.87362411499	0.005191127061843872	683520
4390912	4288	-2.3649649458737114	5.064942105531692	640.3304642333984	0.012994890787769326	3045.8533419799805	-0.011240348778665065	686080
4407296	4304	-2.4998916788641363	5.085981935024262	648.6930285644531	0.009689503398295109	3670.4278596496583	0.0010362914949655533	688640
4423680	4320	-2.4680122346458955	5.101870142936707	665.8373946533203	0.015659109438073533	3607.4355130004883	-0.0006494747661054134	691200
4440064	4336	-2.482517185379751	5.1155338616371155	662.9013355712891	0.009046831085239572	3515.9071087646485	-0.005714238528162241	693760
4456448	4352	-2.4707024008319713	5.12745755815506	677.2980575561523	0.013435478091073804	3354.800402832031	-0.010524230673909188	696320
4472832	4368	-2.5091748367561957	5.135612178325653	652.4893952636719	0.010227523003749784	3316.4574877929685	-0.00548488387838006	698880
4489216	4384	-2.365993982068263	5.140504910945892	645.2619157104492	0.010728422651013087	3090.455500335693	-0.0027290444634854795	701440
4505600	4400	-2.472215327478945	5.138434551239014	584.1513129882812	0.0157420870886706	2618.6926214599607	-0.005668193511664868	704000
4521984	4416	-2.5509565142267383	5.13176364517212	559.6817515258789	0.009919200057284408	2535.575441894531	0.007282735370099544	706560
4538368	4432	-2.492700676275883	5.137756366729736	547.2324293823242	0.00818076238452818	2439.493731689453	0.002710319273173809	709120
4554752	4448	-2.5105712263369933	5.144674270153046	539.1700064697266	0.007898460245296914	2266.404261779785	-0.0015350934490561486	711680
4571136	4464	-2.5357723051104695	5.1498721971511845	541.2500085144043	0.009881706011436588	2312.5356706237794	-0.0012754809111356735	714240
4587520	4480	-2.5288518655044028	5.158726862907409	579.6683208007812	0.016912493097398017	2926.4222592163087	-0.0007029719464480877	716800
4603904	4496	-2.636413917434402	5.161792428970337	587.5534237060547	0.008065604042900056	2937.5896409606935	0.00473808353766799	719360
4620288	4512	-2.3999056051992813	5.162350714683533	584.7673654785157	0.013771143991859105	2923.065170593262	0.00904739361256361	721920
4636672	4528	-2.5709091571676543	5.162747244358063	590.4523316040039	0.00915538059488999	2737.7316761779784	0.00468496534973383	724480
4653056	4544	-2.8697499769208954	5.160747107505799	528.9304116210938	0.0055101706236594765	1893.7717181396483	-0.006246961019933224	727040
4669440	4560	-2.9798097070832736	5.157251792430878	481.73441217041017	0.007434120815950967	1704.779097442627	-0.00017383825033903121	729600
4685824	4576	-2.6278155848230234	5.157084939002991	486.928192565918	0.007682968934383686	1937.8808840179443	0.01058897826820612	732160
4702208	4592	-2.5376254866169767	5.1606604099273685	468.8836898498535	0.010152996968037252	2100.5530707550047	0.00012092994526028633	734720
4718592	4608	-2.563801220537629	5.1729632565975185	554.2610154418945	0.010736736020694596	2830.334599914551	-0.004229800347238779	737280
4734976	4624	-2.4506347320200876	5.187697521924973	662.0366646118164	0.015851737272340512	3548.5312118530273	-0.0020578096620738505	739840
4751360	4640	-2.8221214474583975	5.200785450696945	683.6544176025391	0.007930249513926627	3843.43916305542	0.001636389484629035	742400
4767744	4656	-2.6198614354133607	5.2165803730487825	726.1083512573242	0.012808988410961581	4500.164619750976	0.0016837081732228398	744960
4784128	4672	-2.897304832048714	5.2291195571422575	738.055323791504	0.0070607420898682405	4606.368551177979	0.006723701041191816	747520
4800512	4688	-2.4961215747403913	5.2429745028018955	754.1754145507813	0.007923151808908646	4602.465294494629	0.0007180622592568397	750080
4816896	4704	-2.542054280485492	5.252485861063003	720.5333009033203	0.011098321535028106	3986.162024230957	-0.007127351202070713	752640
4833280	4720	-2.5664718056679705	5.263737313985825	703.8289335327148	0.008354208585872576	3985.3589210510254	0.0016234253719449043	755200
4849664	4736	-2.532675845711492	5.275575077772141	668.8719028320312	0.008621211922899665	3813.078645629883	0.009557233387604357	757760
4866048	4752	-2.673564020110294	5.292531347990036	648.8231187133789	0.007967835392563776	3367.597515563965	0.0019055969454348086	760320
4882432	4768	-2.5058854899499567	5.322452199161052	660.2944379882813	0.01060941188590152	3516.0520729064942	-0.00018971702083945275	762880
4898816	4784	-2.5806850701496007	5.349392050921917	624.9036071777343	0.007313481000576097	3259.36150680542	0.005477227019146085	765440
4915200	4800	-2.644217368141748	5.355546335875988	594.918488708496	0.009363314018417454	2633.287820739746	0.003887377083301544	768000
4931584	4816	-2.604125541578047	5.35950027436018	566.3450878295898	0.005474705163591223	2475.540868988037	-0.002771261893212795	770560
4947968	4832	-2.677239354671445	5.364830681502819	556.2237060546875	0.01007880703225844	2513.2079071044923	-0.0015598542429506779	773120
4964352	4848	-2.552112057426479	5.375280134856701	576.266393737793	0.007780031928811459	2753.5259419250488	-0.0012830367404967546	775680
4980736	4864	-2.573958570765797	5.393404209315777	633.446461303711	0.008781952589252141	3558.581053009033	0.00358759555965662	778240
4997120	4880	-2.621391655692365	5.417017012774944	674.8942274169922	0.011537971977663755	3547.1781661987307	-0.001101064831018448	780800
5013504	4896	-2.5511785966870373	5.443435593962669	690.1490275268554	0.008864478916185983	3732.184378814697	-0.0052824939042329785	783360
5029888	4912	-2.5303990716519764	5.46628609263897	681.993965637207	0.006135325038109455	3886.6985102844237	0.00253193249925971	785920
5046272	4928	-2.7776435070931913	5.48429800927639	678.5655122680664	0.006035661579413486	3209.1651472473145	-0.008707985933870076	788480
5062656	4944	-2.839154798341915	5.4990044728517535	645.6815767211914	0.006394442901792705	3505.68403793335	0.008057191129773855	791040
5079040	4960	-2.679968311191071	5.51085214984417	615.8374732666016	0.009087766868286721	2825.1151667785643	-0.0028111744299530983	793600
5095424	4976	-2.6220494989841243	5.52372666490078	627.7172547607422	0.006435319193808129	3363.6546315002442	-0.002796532288193703	796160
5111808	4992	-2.6016710599618964	5.540065697073937	666.1169826660156	0.006185754901963545	3662.109336242676	0.00015618547797203064	798720
5128192	5008	-2.7608339063064196	5.555729766488075	674.6290388793946	0.006160586591010891	3282.6783294677734	-0.007323199193924665	801280
5144576	5024	-2.5404757007407026	5.577097957491874	692.8443803710937	0.009894035448990752	4086.1267805480957	0.006700941547751427	803840
5160960	5040	-2.572611133122351	5.597474217891693	667.5343435058594	0.007603405839965537	3479.15958694458	0.0008603051863610745	806400
5177344	5056	-2.7307943793334997	5.617956449270248	644.858707397461	0.004518473604680318	3338.737099609375	-0.0014368646591901779	808960
5193728	5072	-2.62733346756408	5.634764669895172	604.3348018798828	0.005880455102116642	2959.2222012329103	-0.009075691886246205	811520
5210112	5088	-2.8104298066888003	5.64419820022583	610.0588330078125	0.006766812929027256	3023.882302093506	-0.0004765305295586586	814080
5226496	5104	-2.4233753321268594	5.653112642765045	580.327760925293	0.006456619739730938	3197.9979531860354	0.0005254757404327393	816640
5242880	5120	-2.4633223531302066	5.6608941035270695	611.7500934448242	0.004349299222214852	3148.1881857299804	0.01111470377072692	819200
5259264	5136	-2.5084787184167654	5.671167204856872	567.6684362182617	0.007255255808722447	2713.933742752075	-0.0007619445212185382	821760
5275648	5152	-2.5038306292355994	5.6802148952484135	577.1548617553711	0.007894876149412863	2760.5705987548827	-0.0058325034938752655	824320
5292032	5168	-2.546710998282302	5.68561639547348	585.1737565917969	0.008701962698338537	2707.932343902588	0.005457704849541187	826880
5308416	5184	-2.4618098300215787	5.692335111618042	578.9205158081055	0.006537822972201219	2578.657050857544	-0.0036964497156441213	829440
5324800	5200	-2.6687788198059423	5.708293708205223	570.288946105957	0.009647618504168653	2674.9954287719725	0.00109831303358078	832000
5341184	5216	-2.5838542007934304	5.7242930483818055	569.3653888549804	0.006672307556469883	2497.5172926330565	0.003824515026062727	834560
5357568	5232	-2.645198348656297	5.737600348234176	546.3463419189453	0.013031712812429885	2304.475818939209	-0.008531533516943454	837120
5373952	5248	-2.5576395218647083	5.74168786406517	523.4981231689453	0.006981220643265539	2282.5437297058106	-0.0028602993302047253	839680
5390336	5264	-2.6751954888072795	5.739093023538589	508.36140551757813	0.007489743228192045	2119.9089126586914	0.0076111662574112416	842240
5406720	5280	-2.5911373356566765	5.736562950372696	517.6696263732911	0.010594710453421268	2155.8736863708496	-0.010911454856395721	844800
5423104	5296	-2.573267937457189	5.738637730360031	529.3894274597168	0.0038115147971037153	2397.1606423950197	0.0031051638722419737	847360
5439488	5312	-2.516072553701233	5.744625822782517	549.5339039306641	0.009193767200309268	2486.6049270629883	-0.0008418220840394497	849920
5455872	5328	-2.5558670701901427	5.759403828382492	574.3641376342773	0.00964202115876393	2752.7443571472168	0.00040788745507597924	852480
5472256	5344	-2.5466079128915444	5.779571751356125	597.2838477783204	0.008783933448282117	3149.414709625244	0.01577548626810312	855040
5488640	5360	-2.595448743402958	5.7913548247814175	613.1149996948242	0.010385977826823772	3042.5943977355955	0.0018528620712459087	857600
5505024	5376	-2.58806514189858	5.795533969163895	590.1563922119141	0.010180118362212694	2862.7151234436037	0.004956240765750408	860160
5521408	5392	-2.4875112104332073	5.800087631464004	607.196073425293	0.005254864537360755	3020.2124327087404	0.003929936569184065	862720
5537792	5408	-2.4865996392141096	5.80296211361885	596.4199383544922	0.007925376323963212	2967.5104846191407	-0.0011039845272898675	865280
5554176	5424	-2.6352868298240937	5.80519389462471	613.807038696289	0.008151357149944655	2934.3261613464356	-0.000290937265381217	867840
5570560	5440	-2.594893040162977	5.806642652273178	603.3836425170898	0.010384304759076748	2877.354022064209	-0.008380647115409375	870400
5586944	5456	-2.6270265272175894	5.80867079949379	594.0147527465821	0.006087560062252923	2975.1642832946777	0.003239904083311558	872960
5603328	5472	-2.7069329401608555	5.8137077314853665	588.1534846191406	0.006017116767657629	2895.471460418701	-0.0020138612017035484	875520
5619712	5488	-2.6331404963606038	5.821556539297104	604.6795494995117	0.009115126246283956	2703.089792327881	-0.010110128819942475	878080
5636096	5504	-2.583983894139994	5.830584203958511	595.4614427490235	0.00580224288350602	2809.9755981445314	-0.009611283503472805	880640
5652480	5520	-2.6374873101417906	5.83893936753273	599.0375286254883	0.007243162215352697	3038.821445159912	-0.0002245677448809147	883200
5668864	5536	-2.78458046430815	5.848075915575027	609.6788710327148	0.006663816660904366	2768.8261561584472	-0.006230400837957859	885760
5685248	5552	-2.708193042340223	5.859721711397171	627.4894442138672	0.005967151534864762	3046.859302825928	-0.004059377163648605	888320
5701632	5568	-2.6901230717361906	5.876667778491974	609.679356628418	0.006019830281296137	3070.736699523926	-9.132422506809235e-05	890880
5718016	5584	-2.7245125630246476	5.894860886573792	630.1893008422852	0.007801631511399689	2807.9341931152344	-0.0017204668186604976	893440
5734400	5600	-2.763403754508123	5.909714900493622	609.1908339233398	0.007331282980823722	3266.3626968383787	0.008208142267540098	896000
5750784	5616	-2.6538538324143737	5.9241642124652865	624.654701965332	0.00527041382611891	3231.071025085449	0.00785592855885625	898560
5767168	5632	-2.588648437571246	5.937595598459244	653.9456576538086	0.0070322061101536805	3421.1735919189455	-0.0013257013447582722	901120
5783552	5648	-2.6282325316094792	5.950055286169052	656.718833618164	0.010161331262867841	3414.057677154541	0.002146344780921936	903680
5799936	5664	-2.5815701720141804	5.960376396894455	664.1818172607422	0.007984282493477705	3667.3045782470704	0.0006626087427139282	906240
5816320	5680	-2.7480148455356246	5.966847708463669	661.2492474365234	0.009278545000594222	3632.609053039551	-0.0004739718697965145	908800
5832704	5696	-2.6917907098294234	5.972217784643173	675.5907448730469	0.005600906171540337	3390.2411912536622	-0.0021994811948388817	911360
5849088	5712	-2.7257474064487033	5.975083360910416	681.2570738525391	0.008082121225136905	3500.4405337524413	-0.006783855212852359	913920
5865472	5728	-2.7782266878951343	5.978358559370041	682.2402984008789	0.011499139169456572	3705.787006072998	-0.004519081404432654	916480
5881856	5744	-2.874078006957192	5.984359839200973	689.3377291259766	0.004308579193405888	4044.3197969055177	0.0031244387663900853	919040
5898240	5760	-2.8505688253771515	5.992847369909287	685.1135361328126	0.003955116111531848	3855.382642364502	-0.004727486930787564	921600
5914624	5776	-2.8132623446560463	6.003739638566971	722.0636916503906	0.00927131370277509	3920.389218444824	-0.004762118980288506	924160
5931008	5792	-2.700862843811512	6.013974165201187	729.3972095947265	0.00986948491138769	4102.381289978028	-0.0014675563853234052	926720
5947392	5808	-2.4892753400788643	6.023308709383011	701.952990600586	0.007088331574318998	4096.459621582031	-0.0008313311636447907	929280
5963776	5824	-2.728255523892585	6.030104198694229	668.8634197387695	0.008506607903787324	3509.438182067871	0.004867595750838518	931840
5980160	5840	-2.540411389707122	6.035147118806839	653.5855651245117	0.009004751401760573	3231.4497065734863	-0.006706520579755306	934400
5996544	5856	-2.476113151398953	6.040153103113174	641.2469434204102	0.01034805602100473	3065.809136352539	-0.0021550465002655983	936960
6012928	5872	-2.49100034412602	6.044797695398331	627.5740333251953	0.007634015225247671	3267.9547354125975	0.005272470880299807	939520
6029312	5888	-2.5781716374480164	6.048234852075577	587.6166015014649	0.007223428007813683	2854.506742858887	0.001792774274945259	942080
6045696	5904	-2.5969499069177546	6.052218803167343	568.505003112793	0.004742856482770447	2646.349853210449	-0.0016333805210888386	944640
6062080	5920	-2.56076485605631	6.0582641274929045	564.0161488647461	0.007998499180082469	2663.7113693237307	0.005340404603630305	947200
6078464	5936	-2.5105811738558113	6.065037562131882	600.0556693115234	0.00605288337876026	2767.044407653809	-0.003421187046915293	949760
6094848	5952	-2.5317350990283303	6.072434467077255	595.039246887207	0.011367158247406379	2742.119351348877	-0.00019112668465822935	952320
6111232	5968	-2.483498111398425	6.081557686090469	615.4362385253906	0.0081397156721719	3025.8658348083495	-0.003648939076811075	954880
6127616	5984	-2.5186154464562422	6.090991650819778	630.2295538330078	0.005320625445995038	3465.312348022461	-0.0022341210395097734	957440
6144000	6000	-2.5903086155727504	6.1003919503688815	646.1329063110352	0.009704795261627378	3296.2112336730956	-0.003967389315366745	960000
6160384	6016	-2.5506026961468162	6.111326640129089	637.0866681518555	0.0077738343696019405	2886.161283569336	-0.01018870109692216	962560
6176768	6032	-2.590239472132642	6.12062858915329	626.8616654663086	0.007086653264227969	3082.020182800293	-0.0018421485647559166	965120
6193152	6048	-2.5494311559461056	6.13104842042923	627.0188940429688	0.010727214933477686	3065.3111965942385	-0.0010234288312494756	967680
6209536	6064	-2.6161937993098983	6.144819094419479	636.5553541259766	0.009109383060952478	3227.3522816467284	0.00606289504095912	970240
6225920	6080	-2.6469363237693906	6.156170158386231	618.1137777709961	0.004532581881728323	3304.906036376953	0.010402567591518164	972800
6242304	6096	-2.595890250868164	6.169612658977509	645.321681640625	0.0071424097728511595	3325.8200454711914	-0.008982615657150745	975360
6258688	6112	-2.735272986989934	6.179895802497864	653.236911682129	0.0071541589275286675	3401.123662261963	-0.001581281889230013	977920
6275072	6128	-2.718935910030734	6.187117128372193	628.2448920898438	0.006742467282789976	2926.0258399963377	-0.009777492135763169	980480
6291456	6144	-2.7027348390538246	6.19516601228714	616.8825299682617	0.009180131073492295	3109.1333476257323	-0.001741632968187332	983040
6307840	6160	-2.6097041027876546	6.204106063365936	616.0327788696289	0.005219094731869065	3283.1607328796385	0.004205049555748701	985600
6324224	6176	-2.598100527729839	6.212090846061707	626.9334395141601	0.005752894001100053	3189.1763232421877	-0.004228883464820683	988160
6340608	6192	-2.5954138093553483	6.219430539131165	625.9974841918945	0.007105150477453079	2845.049065246582	-0.008039824785664678	990720
6356992	6208	-2.656213308880571	6.228237958431244	619.4663189697266	0.008095389543237285	3138.195791931152	0.006495956350117921	993280
6373376	6224	-2.676727067572996	6.237390448093414	628.5497448730468	0.00996938528483953	3364.754376678467	0.0034127471037209032	995840
6389760	6240	-2.622094926151447	6.246846562385559	651.2840902709961	0.008563300226451583	3232.17546005249	-0.007205926422029734	998400
6406144	6256	-2.6805087439068593	6.25390477180481	643.3709560546876	0.012412152885995295	3006.2083435058594	-0.00947347978129983	1000960
6422528	6272	-2.7095670126853513	6.260599078655243	637.4492645263672	0.006706449505984088	3527.144896697998	0.005275909751653671	1003520
6438912	6288	-2.6242730180816727	6.268934979915619	637.055267578125	0.008447866787421009	3331.8856148529053	0.002240929398685694	1006080
6455296	6304	-2.6756857264572753	6.277271743297577	635.1090308227539	0.005148036385092606	3276.270868835449	0.0002087787725031376	1008640
6471680	6320	-2.688731957765296	6.289116878271103	626.0004618530273	0.006109915703962973	3280.0262283325196	-0.0029722584411501886	1011200
6488064	6336	-2.658422527352348	6.301598956108093	621.8829927368164	0.009051293211187358	3112.8686993408205	-0.00251879109069705	1013760
6504448	6352	-2.6430952045884917	6.312343745708466	623.9021267700195	0.0076604304447283975	3248.2149882507324	0.007254031337797642	1016320
6520832	6368	-2.7534645021134057	6.321744770050048	625.819280883789	0.007526524137300981	3118.3172717285156	-0.003942922875285149	1018880
6537216	6384	-2.8855910716196522	6.332023227691651	636.0058240356445	0.004241560824761078	3162.792596282959	-0.008418410439044238	1021440
6553600	6400	-2.7477389706689865	6.341027297496796	658.6632033691407	0.009558001288484917	3445.0037185668943	0.0003229505755007267	1024000
6569984	6416	-2.824016090916935	6.349074915885925	652.0250949707031	0.007879473259205731	3354.6318785095214	-0.0013860812410712241	1026560
6586368	6432	-2.738105532912072	6.358995993137359	682.107567565918	0.00850090183361704	3572.5163778686524	-0.0025400065258145334	1029120
6602752	6448	-2.716868456829805	6.368472601890564	668.5266646118164	0.0030125716879261734	3571.2754330444336	0.003541819900274277	1031680
6619136	6464	-2.7280730909626	6.37782952260971	665.5321077880859	0.006901697880807454	3271.89563079834	-0.0026506984513252974	1034240
6635520	6480	-2.752864706692286	6.388139675617218	658.5133853149414	0.008272064446605857	3619.261669006348	-0.0013092929124832154	1036800
6651904	6496	-2.771497292460874	6.397939642906189	654.9849458007812	0.008584128484528204	3311.819867553711	-0.00333536040969193	1039360
6668288	6512	-2.673446505100932	6.410467698574066	672.0176348266601	0.005799190930170703	3719.1211279296876	-0.003929848279803991	1041920
6684672	6528	-2.6831964257345535	6.423594265937806	686.278892150879	0.006028674015923556	3619.011428527832	-0.004229252375662327	1044480
6701056	6544	-2.7589244973813183	6.433998576641082	648.703470336914	0.0035560306413838995	3440.69193649292	0.0027095184847712515	1047040
6717440	6560	-2.699470109699294	6.442187446117401	660.7197839355468	0.006626946416818825	3152.2401194763183	-0.009938263446092605	1049600
6733824	6576	-2.7363730899700895	6.450883680820465	638.2125179443359	0.0067373918038695245	3147.4537002563475	-0.005970396157354116	1052160
6750208	6592	-2.7828560708789154	6.459480604171753	634.0500665283203	0.006398936351847468	3037.095369720459	-0.0021748991124331952	1054720
6766592	6608	-2.863513838347979	6.468287992477417	612.6965462646484	0.005772331471681667	2930.785449142456	-0.0023751491121947765	1057280
6782976	6624	-2.802777606887743	6.475559907913208	588.76637890625	0.008675662445649905	2687.4485276794435	-0.008841990893706679	1059840
6799360	6640	-2.8784556450685486	6.483844715118408	583.8682373657226	0.004688559985835605	2813.716340942383	-0.002473041396588087	1062400
6815744	6656	-2.8823927221903576	6.4934145121574405	603.6476073608399	0.004301891309646688	2712.26990234375	-0.003008348178118467	1064960
6832128	6672	-2.710732624629047	6.502909119129181	580.0695166015626	0.006977000723080252	2773.5257913208006	-0.003149903602898121	1067520
6848512	6688	-2.758458796888124	6.5120000483989715	588.2355561523437	0.005764200595178401	2717.62712890625	-0.0007985446788370609	1070080
6864896	6704	-2.864561672185548	6.516954637765885	546.7173076171875	0.00947229713655966	2246.9567263031004	-0.0018998974235728383	1072640
6881280	6720	-2.932138088511303	6.52082873749733	539.1844323120117	0.006199871863572221	2039.691870880127	-0.00491853890940547	1075200
6897664	6736	-2.809767924968619	6.5255824682712555	527.2706413574218	0.008404990712796784	2343.127325897217	0.0025056270137429238	1077760
6914048	6752	-2.838635857014917	6.531914109945297	545.9288287963867	0.006282238211413359	2424.5359183502196	-0.00030441887676715853	1080320
6930432	6768	-2.8846938089756295	6.535622427225113	526.9387070922852	0.00480467821641248	2226.133523864746	0.0021516611147671936	1082880
6946816	6784	-2.8011744339768776	6.53737875008583	506.7524781188965	0.006830255216344087	2191.3751587677	0.005496465433388949	1085440
6963200	6800	-2.864804869311396	6.5378310797214505	498.24053350830076	0.004487807116308872	1937.3887698364258	-0.009126055687665939	1088000
6979584	6816	-2.9600910685835404	6.5374969551563265	496.4851777038574	0.006108051689728021	1880.3220156860352	-0.003575349487364292	1090560
6995968	6832	-2.930217029013671	6.538344828367233	496.0912674865723	0.006227410934673317	1971.0062253570557	0.0017755005229264497	1093120
7012352	6848	-2.76496598179359	6.54292729306221	517.2438996887207	0.005924737285643314	2156.392611160278	-0.002677646046504378	1095680
7028736	6864	-3.011189883314073	6.550372819423676	519.7244965820313	0.006844142017561855	2169.780777130127	-0.007188488440588117	1098240
7045120	6880	-2.759573682071641	6.559875507831573	556.8081110839844	0.006370639582826664	2549.2040200805664	-0.003586419774219394	1100800
7061504	6896	-2.798922754516825	6.570838600635528	612.6842508544922	0.005218475031361857	2999.7275399780274	0.001781063750386238	1103360
7077888	6912	-3.0247906874991024	6.580136816501618	619.8430896606445	0.007369447896627186	3168.305384063721	-0.005157186090946198	1105920
7094272	6928	-3.0643208398092536	6.591030519008637	636.9676737670899	0.0074952992833782605	3556.920249786377	0.0015270159021019936	1108480
7110656	6944	-3.255002988549881	6.602147747516632	634.2646883544921	0.006942722529186087	3710.1107192993163	0.008215891867876053	1111040
7127040	6960	-3.0100197731079534	6.611308472633362	707.8395753173828	0.011588563673557456	4141.245665588379	-0.0015599197335541249	1113600
7143424	6976	-2.989303274324164	6.6220034389495845	754.4113239135742	0.007879694350819182	4595.132999572754	-0.001778367143124342	1116160
7159808	6992	-2.7755177165246567	6.632487464427948	769.6242576904297	0.0088222802534904	4920.259149780273	0.0037860932014882566	1118720
7176192	7008	-2.8394376164530404	6.641172860622406	726.3190787353516	0.006759267723678679	4288.375085449219	-0.0007993877120316029	1121280
7192576	7024	-2.729062941520475	6.652169546604156	737.9184812011719	0.004325139921708432	4535.1493588256835	-0.0011426309682428836	1123840
7208960	7040	-2.9171626515630633	6.6607337918281555	728.5250896606445	0.00930796029251615	4057.898248901367	0.0035074978321790696	1126400
7225344	7056	-2.7550338859432375	6.671768568992615	731.3616539916992	0.006799190204999561	4736.903243255615	0.009893396645784378	1128960
7241728	7072	-2.7721558054271154	6.679697199344635	731.6976008300782	0.007009880098898789	4307.333081970215	-0.0015970858186483384	1131520
7258112	7088	-2.7180526142693124	6.685134647846222	720.5743017578125	0.005849367729053277	4531.4101678466795	0.0039263124018907546	1134080
7274496	7104	-2.7081028269375675	6.688233222961426	676.1102415771485	0.006536406651279827	3697.2539579772947	0.005152606870979071	1136640
7290880	7120	-2.7314966590232217	6.692774547576905	642.8915550537109	0.008291198644795165	3244.1626251220705	-0.007094115819782019	1139200
7307264	7136	-2.7845198791651056	6.695180772781372	619.2775392456055	0.0035979202795117372	3158.6088861083986	0.003623212706297636	1141760
7323648	7152	-2.7828894362226126	6.697875384330749	613.575539428711	0.005166519977510897	2924.6227606201173	-0.006530679669231177	1144320
7340032	7168	-2.8760220501897855	6.696512803077698	576.3790007324219	0.004609918359470837	2753.8777841186525	0.002500566178932786	1146880
7356416	7184	-2.9275007746107877	6.694479470252991	553.8355401611328	0.005849103034241131	2471.1802993011474	-0.003647450655698776	1149440
7372800	7200	-3.034965829377994	6.691734428405762	548.1004085083008	0.003635324675149288	2375.199716949463	-0.002135956883430481	1152000
7389184	7216	-2.8896780112143605	6.691276970863342	542.9480041198731	0.005066581434672271	2394.705818023682	-0.012410129830241203	1154560
7405568	7232	-2.8799900153428317	6.6965132303237915	574.6405596923828	0.009420282302886938	2718.943380737305	-0.0023799543268978596	1157120
7421952	7248	-2.8150344146536663	6.701676346302032	586.0932073974609	0.004252416915555082	2788.942509918213	-0.0010016318783164025	1159680
7438336	7264	-2.9895684980629014	6.702921914100647	581.6074118652343	0.0056145837148716795	2704.3916497039795	-0.005065271910279989	1162240
7454720	7280	-2.9560916506773793	6.701212606430054	562.8921346435546	0.003825925460988317	2654.345187072754	0.0029985642246901987	1164800
7471104	7296	-2.8309212594786657	6.701992872238159	574.5397892456054	0.006586988588727354	3125.548385620117	0.00748590175062418	1167360
7487488	7312	-2.9253799739512614	6.70441253376007	627.4639768676758	0.007547519549834602	3277.6110194396974	-0.0015189040824770928	1169920
7503872	7328	-2.79125184122147	6.709039063453674	682.7369028320312	0.009713877610111272	3855.8757554626463	0.006075021401047706	1172480
7520256	7344	-2.9115494860042817	6.713725871562958	694.418207824707	0.008943479103490356	3942.22029296875	-0.004974961020052433	1175040
7536640	7360	-2.943471251670271	6.718809181690216	696.6338031616211	0.0041414277281285215	3759.809171600342	-0.006577183865010739	1177600
7553024	7376	-2.8975857897084207	6.726165281772613	712.6727766113281	0.007340239326090145	3979.609316711426	-0.007344298679381609	1180160
7569408	7392	-2.8513209132519552	6.733128966808319	698.4013764038086	0.008518585785545724	4118.951276397705	0.003205557195469737	1182720
7585792	7408	-2.8610843561277726	6.739579955101013	692.5941921386719	0.009320768684993139	3900.389122467041	0.0038967682980000974	1185280
7602176	7424	-2.9021925198119134	6.747459551334381	705.8953571777344	0.007160631768530484	4164.795105743408	-0.004527488853782415	1187840
7618560	7440	-2.803928231770638	6.756203558921814	720.8428190307617	0.010911336316380952	4135.578364562988	-0.009175608959048986	1190400
7634944	7456	-2.883952706662938	6.765063694477082	712.1617899780274	0.0064941994764057915	4180.466316680908	-0.005112359076738357	1192960
7651328	7472	-2.8676280393721534	6.774681472778321	722.4901828613281	0.005567165904056201	4343.208418884277	-0.000159640833735466	1195520
7667712	7488	-3.0024698318932206	6.785053287506104	709.8581115722657	0.01002726504381786	3993.465816345215	-0.0023860025219619276	1198080
7684096	7504	-2.8822506749215537	6.801623646736145	732.7829672241211	0.008637240586115539	4676.164633026123	0.0064788533560931685	1200640
7700480	7520	-2.8634244250897316	6.817435264587402	739.7149838867188	0.007829331930795819	4704.750060119629	0.004858650118112564	1203200
7716864	7536	-2.8489246757621878	6.83076816701889	728.1789658813476	0.0068456775351512745	4349.635069122314	0.0026550882309675215	1205760
7733248	7552	-2.888935638087336	6.842091828823089	747.9338930664062	0.006650252981608053	4625.599910125732	0.007552427239716053	1208320
7749632	7568	-2.973286678507924	6.850857833862305	732.2392360229492	0.0070999007686424415	4783.968117218017	0.010967198237776756	1210880
7766016	7584	-2.8141991847227326	6.857148133277893	722.2758567504883	0.006954409682922297	4225.0287103271485	-0.0032736529596149922	1213440
7782400	7600	-2.8127132017132825	6.861776702404022	711.2678838500976	0.008174311466867458	4096.64290222168	-0.00507761774584651	1216000
7798784	7616	-2.823439437938854	6.864730905532837	689.9161635131836	0.009403724273850578	4026.5122288513185	0.003611520137637854	1218560
7815168	7632	-2.910474989823997	6.866880756855011	706.3433094482422	0.006644085965161855	3889.0545570373533	-0.0011394154466688633	1221120
7831552	7648	-2.823671728569083	6.868919778347015	668.1498815917969	0.006506852574532975	3592.784186706543	-0.004173432756215334	1223680
7847936	7664	-2.8884884575782346	6.8712713580131535	667.5790664672852	0.0106351056308663	3632.387181854248	-0.005146313896402716	1226240
7864320	7680	-2.8849227192280815	6.873959051132202	645.9601124877929	0.006115970207333484	3410.510432281494	-0.0016675332002341746	1228800
7880704	7696	-2.879894736601971	6.876411227703095	642.3893813476562	0.006119128993380773	3417.460167388916	0.0016444880701601506	1231360
7897088	7712	-2.8797131185028704	6.879627006530762	634.5481143188476	0.0070464816121061195	3488.03955116272	0.008344644624739885	1233920
7913472	7728	-2.895470981888473	6.884326373100281	633.8606080932617	0.005335153183462284	3368.82387512207	-0.0013787066750228405	1236480
7929856	7744	-2.902327361627482	6.888225450515747	623.8409601440429	0.006023791187912473	2918.3850930786134	-0.004590423125773668	1239040
7946240	7760	-2.9418357041939163	6.893040323734284	611.884260131836	0.00678508862062091	3023.8784395599364	-0.0036188152991235255	1241600
7962624	7776	-3.0055555085707457	6.896955162525177	608.4812454223633	0.0025607567189450857	3394.050728149414	0.00685739129781723	1244160
7979008	7792	-2.958347915562801	6.900254559516907	637.3912319946289	0.007888305929984775	3365.9612461853026	0.003304302655160427	1246720
7995392	7808	-2.9194986221264116	6.906550148010254	652.3291057739258	0.008094344759881432	3726.0490724182127	0.00817789745517075	1249280
8011776	7824	-2.881719544388354	6.911512932777405	658.2024496459961	0.006053589474312277	3730.317787628174	0.001452053152024746	1251840
8028160	7840	-2.981723874263931	6.914509996414185	647.6681356201171	0.005570132942183898	3367.0255757141113	-0.001242118366062641	1254400
8044544	7856	-2.8161223829695956	6.918760411262512	680.2352253417969	0.006701771490833261	3586.408399810791	0.004136727377772331	1256960
8060928	7872	-2.8687238589394837	6.920783762454986	655.3015601196289	0.00770189744557121	3372.8950872802734	0.0025832881405949593	1259520
8077312	7888	-2.804418157202657	6.92448493719101	669.980899597168	0.005258169320285567	3673.978215789795	0.005191357135772705	1262080
8093696	7904	-2.916035104901064	6.931292258739472	643.4593627929687	0.00452332715695033	3464.266598815918	0.003086121454834938	1264640
8110080	7920	-2.946190347254276	6.93871007347107	631.6121024169922	0.0036118125883431522	3217.599174194336	0.0023090126551687717	1267200
8126464	7936	-2.9398199950624258	6.945190505504608	617.071173828125	0.006308979821375012	3098.3644807434084	0.0035263585671782495	1269760
8142848	7952	-2.899706470568664	6.94821681022644	625.5094154663086	0.006789958640663364	3063.279030303955	-0.0034454763866961003	1272320
8159232	7968	-2.8992882488458416	6.948550077915192	631.3426804199219	0.00734154239365628	3150.6710998535154	0.0018498844746500254	1274880
8175616	7984	-2.9141361112706363	6.947391341686249	620.5105017089844	0.004928800801231683	2957.265310821533	-0.004261638820171356	1277440
8192000	8000	-2.8123376371255144	6.94324285697937	613.4042612915039	0.005642154296407682	3000.6775497436524	-0.0012566159293055535	1280000
8208384	8016	-2.8934848041152583	6.936992041587829	590.0675055541992	0.005346888695193907	2678.1071408081057	-0.008053471576422453	1282560
8224768	8032	-2.9400030456567183	6.931407714366913	588.9220427246094	0.00436979217678072	2849.0802097320557	-0.005120353307574987	1285120
8241152	8048	-2.884806233175099	6.929427193164825	595.2973621215821	0.007829972763377456	2736.889698638916	-0.007556172870099544	1287680
8257536	8064	-2.9798923789253458	6.9297704777717595	610.0050025634765	0.005318973649234304	2699.6166282653808	-0.015595458038151265	1290240
8273920	8080	-2.951355974031612	6.9314045944213865	642.8759067993165	0.007325629331961899	3497.5929211425782	0.002725740410387516	1292800
8290304	8096	-2.9583400597712024	6.934529296398162	679.343283996582	0.0074923053752990664	3834.6537699890137	0.005789771284908056	1295360
8306688	8112	-3.1051594659979456	6.940840518951416	719.6147590942383	0.007029238125249605	4398.647763671875	-0.0028011526353657248	1297920
8323072	8128	-3.0182769996868446	6.947671312808991	740.3155368041993	0.011509363401327065	4679.399711303711	0.005154099147766829	1300480
8339456	8144	-2.9278220903198235	6.953349613666535	736.8957862548829	0.005834440109302162	4526.867556304932	0.0028261906281113625	1303040
8355840	8160	-3.1587548743858935	6.959327860832214	716.8890986938477	0.004453248706016471	4227.15241104126	0.002795979902148247	1305600
8372224	8176	-2.8798609662223607	6.964169253349304	726.5273781738281	0.009884993886086319	4484.254420776368	0.008408033438026905	1308160
8388608	8192	-2.894038447848987	6.964790632247925	695.6758424682617	0.004235316722722012	3986.3764848327637	0.0032947269082069398	1310720
8404992	8208	-2.936727628983557	6.962258244514465	684.9991561279297	0.005062605559999644	3829.6064546203615	-0.0030952620692551135	1313280
8421376	8224	-2.9203353327121584	6.955983078956604	682.4656404418945	0.006732036599819521	3960.4177458190916	0.007954812701791525	1315840
8437760	8240	-2.9674879239872096	6.949520399570465	678.2149264526367	0.004478363056427185	3588.5960011291504	0.000503030102699995	1318400
8454144	8256	-2.9840927469623275	6.9444765458107	634.7268872680664	0.004639475516145847	3487.3973347473143	-0.0010640247911214828	1320960
8470528	8272	-2.910567832372151	6.945277859687805	657.8482796020508	0.006865617035985408	3682.6391273498534	-0.00020072114653885365	1323520
8486912	8288	-2.9415475013693793	6.950032989978791	676.5919094238282	0.005157088962953339	3630.7049588012696	-0.004745670035481453	1326080
8503296	8304	-2.99661823154334	6.950883829116822	678.2316314697266	0.005794434285480804	3902.562052307129	0.006857573240995407	1328640
8519680	8320	-2.9199868476474657	6.951132727146149	682.7342672729492	0.008136357325359814	3789.219090423584	-0.0018288243561983108	1331200
8536064	8336	-3.0099264119099827	6.950793039798737	672.6664556884766	0.007585061727893293	3731.6551008605957	0.0026129001379013063	1333760
8552448	8352	-3.001923231834546	6.952018951892852	690.3507835083008	0.003704762035330141	3804.8735997009276	-0.0071086853370070455	1336320
8568832	8368	-2.9508612484028562	6.955752236366272	705.9858643798829	0.004213016036754957	4298.293162536621	0.003488831128925085	1338880
8585216	8384	-3.0541000871667636	6.9594252243042	689.0087918701172	0.006241211167894962	3864.7979495239256	-8.174749091267585e-05	1341440
8601600	8400	-3.016287223008461	6.966328802585601	695.6789293823242	0.008392912579059181	4040.252755584717	0.0025901662930846213	1344000
8617984	8416	-3.03978812358994	6.976476081848144	730.7128027954102	0.004117173593132543	3952.0562716674804	-0.00639549408107996	1346560
8634368	8432	-2.997228095094208	6.9854488024711605	730.4444318847657	0.006921876666528076	4283.45972366333	-5.551930516958237e-06	1349120
8650752	8448	-3.0683792471755296	6.993067804813385	715.374727722168	0.006305036162987807	4332.4627708435055	0.0036993576399981976	1351680
8667136	8464	-3.013288631078787	6.998929986000061	700.8837203979492	0.004828620621287898	4255.2542356872555	0.01074001545086503	1354240
8683520	8480	-3.065384187088348	7.00293741607666	695.399265625	0.005957079380940939	4110.839613342285	0.006289543025195599	1356800
8699904	8496	-3.026459506199695	7.009507035732269	702.2781201782227	0.004009987449511687	4067.011301879883	-0.0008284581638872624	1359360
8716288	8512	-2.9326868550200014	7.014898197174072	704.9635956420899	0.005135167322265407	4141.764499969482	0.0013664520904421806	1361920
8732672	8528	-2.9995105923134835	7.019959626674652	702.7810458984375	0.0062718849838267875	4080.6254803466795	-0.0005362465046346188	1364480
8749056	8544	-2.983701709770132	7.02981753540039	692.3632030029297	0.005905026890573654	3913.3139894104006	-0.00441488889977336	1367040
8765440	8560	-2.9961953294323758	7.039468649387359	669.2292321166992	0.006659933710957018	3689.7957312011717	0.0004784531332552433	1369600
8781824	8576	-3.0355347119653597	7.047477482318878	659.7310845336914	0.0031132587243650547	3659.410506286621	0.0028003758750855924	1372160
8798208	8592	-2.973829299881123	7.0545074110031125	665.735412109375	0.003826467909770173	3487.919528808594	-0.0015735599119216204	1374720
8814592	8608	-3.0473757924875247	7.05471461391449	676.0734708251953	0.007896519762079411	3244.0302256774903	-0.006148567274212837	1377280
8830976	8624	-3.0471487517105413	7.052732097625732	653.2766225585938	0.008475250103873445	3768.122677612305	0.0037157775834202765	1379840
8847360	8640	-2.9824238309245557	7.050780967712402	661.6345463867187	0.007727299743245298	3489.961840133667	-0.0009277234040200711	1382400
8863744	8656	-3.0362723824204876	7.04605233669281	658.6488279418945	0.007892902760364322	3636.8199305725097	0.0040753094479441644	1384960
8880128	8672	-3.0351066763810812	7.044237379074096	669.1312748413086	0.00583557998697753	3764.4375196838378	-0.0020265376381576063	1387520
8896512	8688	-3.017496466080658	7.041095180988312	683.4282160644532	0.00872536906186765	3678.244649963379	-0.00029500043019652366	1390080
8912896	8704	-3.0148022859664634	7.040207223892212	673.8474320068359	0.0034318559457904674	3720.585523529053	0.002421620152890682	1392640
8929280	8720	-3.0368285188991577	7.039257603645325	650.6717760009766	0.006112576091002057	3569.5426428222654	-0.003616277063265443	1395200
8945664	8736	-2.9979870838681237	7.038444718837738	642.6428291625976	0.00822051796542679	3563.488536376953	0.003097014371305704	1397760
8962048	8752	-3.009860626858659	7.038453963756561	646.0721303710937	0.004862360769714396	3246.4133660888674	-0.0022338383551687	1400320
8978432	8768	-3.022834526533261	7.037677896499634	627.98697265625	0.0023992514552779163	3110.1498467254637	-0.008634807243943214	1402880
8994816	8784	-3.0566198270972817	7.04016819190979	650.2447603149415	0.005340746771112844	3502.944896697998	0.0034402235597372054	1405440
9011200	8800	-2.973697096424177	7.046868411540985	674.7332772827149	0.005450184431990122	3754.5998127746584	-0.0032340896315872667	1408000
9027584	8816	-2.9987556095267647	7.053608748435974	674.2371036376953	0.007855451588880813	3622.757833862305	0.005372946988791228	1410560
9043968	8832	-3.0385914021693172	7.058993982315063	671.757553527832	0.006455828595719665	3757.56223236084	0.0013993081264197826	1413120
9060352	8848	-3.0220703497854995	7.063438918113708	682.62679296875	0.007260040758417788	3957.6096697998046	0.0025445823930203915	1415680
9076736	8864	-3.0761639325926082	7.064304225921631	694.6068937988281	0.003974845148958896	3869.0316484069826	-0.0006740659475326539	1418240
9093120	8880	-3.000794876297936	7.0644877319335935	702.8905015869141	0.003876163581261439	4265.32105758667	0.00010563030838966369	1420800
9109504	8896	-3.0443327486775815	7.0646095352172855	701.6140551147461	0.0034251741479813962	4146.670517272949	-0.0004735495522618294	1423360
9125888	8912	-3.0716128221754917	7.065039536476135	699.3043684082031	0.004177943410796134	4155.909442138672	0.0008054344169795513	1425920
9142272	8928	-2.9821002029208468	7.067687562465668	693.4574598999023	0.007400101765081093	4081.587513885498	-0.0027609651349484923	1428480
9158656	8944	-3.0696790539305656	7.070146337032318	679.4747733764649	0.00898977828708109	3780.187072906494	-0.004871226474642753	1431040
9175040	8960	-3.0688873678604143	7.073196562767029	670.1185394897461	0.004371177670076564	3651.6557472229006	-0.002852939162403345	1433600
9191424	8976	-3.0971860796445982	7.07389105129242	668.0918127441406	0.006076746948596563	3521.235836639404	-0.005318904481828213	1436160
9207808	8992	-3.0268940060213207	7.073854826450348	662.5540568237304	0.006078460005908358	3935.721135559082	0.0034593573212623597	1438720
9224192	9008	-3.043603614432737	7.074538505554199	675.9596750488281	0.0033558287075605066	3798.0885293579104	-0.0033247544802725315	1441280
9240576	9024	-3.07820094818715	7.073866146087647	662.5971853637695	0.007771159334334907	3482.25173538208	-0.0013357403315603733	1443840
9256960	9040	-3.0531467446824534	7.075845191955566	686.5240673217774	0.005199122644332894	3941.2774072265624	0.003633434399962425	1446400
9273344	9056	-3.181947661896236	7.079611285209656	697.258051574707	0.006720681964335699	4416.920783233642	0.005978872701525688	1448960
9289728	9072	-3.266613897238858	7.08425282907486	725.325892211914	0.0039903630488937105	4334.191379241944	0.004470555800944567	1451520
9306112	9088	-2.976290265331976	7.091191868782044	729.5153975219727	0.004809318161046644	4424.488507385254	-0.005247952826321125	1454080
9322496	9104	-3.05106451097643	7.095856685638427	717.5303533325196	0.006537020664318499	4273.952365722656	0.0013404666632413865	1456640
9338880	9120	-3.0522206845348703	7.101988192081452	715.602860534668	0.0038713184003295272	4191.984869537354	-0.0018452464416623116	1459200
9355264	9136	-3.0208164727645928	7.106834319591522	708.0634565429688	0.003843768707220032	4002.8189743041994	0.0035799156688153745	1461760
9371648	9152	-3.1087605646401646	7.112100332260132	696.0579671020507	0.007472069371223618	3990.6646810913085	-0.003639034926891327	1464320
9388032	9168	-2.954962544218637	7.117278532028198	696.5280149536133	0.006524097316972826	4199.463484039306	0.009206652976572513	1466880
9404416	9184	-3.1742723908685146	7.121783268451691	674.2197807617188	0.0024620360419194344	3882.72311920166	0.001258354689925909	1469440
9420800	9200	-3.025496495061554	7.1281846828460695	695.017390625	0.004539861231640329	3972.446880340576	-0.001155174970626831	1472000
9437184	9216	-2.955036480201408	7.134459259033203	698.961301940918	0.007147978959045131	4237.8214144897465	0.007429441623389721	1474560
9453568	9232	-3.0575459706122055	7.141307499885559	688.4260495605469	0.007870849827949377	3785.7402758789062	-0.005362212415784598	1477120
9469952	9248	-3.0386159772751853	7.149948865890503	697.1832434082031	0.0019956303887867536	3994.865881195068	0.003875812739133835	1479680
9486336	9264	-3.0396358106946573	7.1580655517578125	691.7769281616211	0.004619741669854757	3958.0551371765137	0.0006314446963369846	1482240
9502720	9280	-3.1864264642428606	7.165607069015503	683.1749155273437	0.007588823090711113	4001.700148010254	0.001969025544822216	1484800
9519104	9296	-3.2605942868879065	7.174141201019287	720.2835305175781	0.008678073075001862	4260.53204788208	0.0031041340343654156	1487360
9535488	9312	-3.052093152090907	7.181461225986481	730.3422753295898	0.0029799114497227157	4636.365178985596	0.009340448956936597	1489920
9551872	9328	-3.147915805139579	7.187374570846558	721.9085206298828	0.0033153867096149454	4453.908695220947	-0.0015190746076405048	1492480
9568256	9344	-3.011091593766585	7.194263927459716	756.0449792480468	0.0038185837805783268	4417.808576354981	-0.005634556375443935	1495040
9584640	9360	-3.0940907704578713	7.199105528831482	733.6743328857422	0.004519380127465455	4370.168027191162	-0.001696210242807865	1497600
9601024	9376	-2.940655000071507	7.203739252090454	719.8233931274414	0.004340461368343091	4241.108307800293	0.00033988505601882933	1500160
9617408	9392	-3.0611526048136875	7.205941655635834	692.9025153808594	0.0038735846587354553	3744.420637664795	-0.0070924022980034356	1502720
9633792	9408	-3.015208475565538	7.209500931739807	677.9413284912109	0.007753393988656916	3613.214383850098	-0.005249347295612097	1505280
9650176	9424	-3.012657686491497	7.21167728805542	669.3581671142579	0.0054965533777380626	3867.556974334717	0.0006503516435623169	1507840
9666560	9440	-3.1742926380997525	7.215840917110443	680.7171331176758	0.005018478939612208	3873.9483641052248	0.0045420885644853115	1510400
9682944	9456	-3.033732298197225	7.221515759468079	708.46836328125	0.0033005051624660497	4164.247135620117	0.0008582356758415699	1512960
9699328	9472	-3.155029841461219	7.227040547370911	709.0085052490234	0.0037456275695417042	3877.4713781738283	-0.005682436283677816	1515520
9715712	9488	-3.04666187921213	7.232605815410614	723.3178742675781	0.004919940291787195	4090.3880891418457	-0.006095759570598602	1518080
9732096	9504	-3.0967633056016637	7.237226391792297	710.4051644897461	0.0028548476987692913	4444.800870056152	0.005926845576614142	1520640
9748480	9520	-3.1315582093587144	7.241816826343537	704.8895456542969	0.006766147374730296	4345.260102844239	0.0039494001306593415	1523200
9764864	9536	-3.155362667544745	7.246819103717804	713.0168695678711	0.00611438062928201	4206.06173538208	-0.004845818039029837	1525760
9781248	9552	-3.095023175593	7.2514964256286625	720.5260365600586	0.006522479423281731	4248.635805053711	-0.0026235015131533144	1528320
9797632	9568	-3.0285788914049045	7.254553832054138	714.1134859619141	0.002694096282506836	4374.137059326172	0.004008317645639181	1530880
9814016	9584	-3.072884225758724	7.259050129890442	703.0883478393555	0.005592824038694706	4396.6623124694825	0.008396439282223582	1533440
9830400	9600	-3.0848427160801366	7.262250056743622	690.5691029663086	0.004999262151965676	3752.4310842895507	-0.004950161799788475	1536000
9846784	9616	-3.1052044523116202	7.263671461582184	687.283508972168	0.0018598588451620888	3985.4562437438963	0.00552282452583313	1538560
9863168	9632	-3.1362916334318	7.264524278640747	686.7241412353516	0.005004180403867988	3896.2040145874025	-0.0012501399032771587	1541120
9879552	9648	-3.113906868472695	7.265665919303894	677.1298444824218	0.00811184008458768	3434.1807975769043	-0.01898046860471368	1543680
9895936	9664	-3.066668670215644	7.267280603408813	700.8120879516601	0.003923249415714284	3995.5244355773925	0.004895326122641564	1546240
9912320	9680	-3.15749387949612	7.26829629611969	687.2712033081054	0.0060203623267287435	3926.557604370117	2.758009359240532e-06	1548800
9928704	9696	-3.1542759847622364	7.269701847076416	712.0476743164063	0.004316013554006418	4130.326285552978	0.0017027940787374973	1551360
9945088	9712	-3.182000714343041	7.271159763813019	710.9131369018555	0.004819439784992273	4278.559873199463	-0.0005242715962231159	1553920
9961472	9728	-3.072543862232007	7.272158215999603	701.4242918701171	0.004584438931858184	4110.240299987793	-0.0033121186681091784	1556480
9977856	9744	-3.1072252967786045	7.270905497074128	692.268145690918	0.005635882168034245	4178.603006134033	0.010622479189187288	1559040
9994240	9760	-2.997443124434911	7.268722711086273	685.9688286743165	0.008014307407775478	3759.1135113525393	-0.003986584674566984	1561600
10010624	9776	-3.130664985500276	7.266094689846039	679.6924787597657	0.005095403069634432	4010.086340179443	0.006805017665028572	1564160
10027008	9792	-3.1092831979328768	7.264512197971344	674.2327849121094	0.006007331878747028	3616.404231414795	-0.00513231948018074	1566720
10043392	9808	-3.1075601900266485	7.264775845050812	683.6536199951172	0.005054230232656891	3970.2403494262694	0.004541517002508044	1569280
10059776	9824	-3.1344336380828173	7.267776911258697	681.5101692504883	0.007710154173084728	3818.2450650024416	-0.0021657664142549038	1571840
10076160	9840	-3.0586071361815557	7.269568876743317	681.2316857299804	0.0036079904049189145	3774.4661638641355	-0.002029318353161216	1574400
10092544	9856	-3.112162477651611	7.271091813087463	663.1008410644531	0.00866699951825133	3429.8860969543457	-0.007949485313147306	1576960
10108928	9872	-3.09337916264683	7.273116893768311	662.7943334960937	0.005027188470249417	3528.908950805664	-0.0030895072408020498	1579520
10125312	9888	-3.1574922564560546	7.277002923011779	657.5804213256836	0.008033220480270767	3563.819461517334	-0.0004747401736676693	1582080
10141696	9904	-3.0626325039407236	7.281255224704743	656.6704100341797	0.006631585468868409	3621.4468389892577	0.003459128439426422	1584640
10158080	9920	-3.0792174660144376	7.285424326419831	659.0602229614258	0.004948550577390512	3791.386856842041	0.0015777034498751163	1587200
10174464	9936	-3.1683534144489096	7.288749582767487	665.2001927490235	0.004074470925440058	3698.6359312438963	0.0008106793276965619	1589760
10190848	9952	-3.0438176224278286	7.292920550823212	674.0215427246094	0.006255357371084743	3490.448694610596	-0.006303348261862993	1592320
10207232	9968	-3.1923641190808265	7.295223753929138	678.1302631835938	0.005601933152003496	3801.995383758545	-0.0010375907551497222	1594880
10223616	9984	-3.0875557667911053	7.296997860431671	678.2497793579101	0.002167833725643191	4006.0552032470705	0.0005971185304224491	1597440
10240000	10000	-3.13432156934496	7.299504810810089	675.7000952148437	0.008133930203832336	3951.0573402404784	0.0007865073531866073	1600000
