mean_dist	min_dist	max_dist	agent_within_SS	expert_within_SS
394.98363457529695	316.5294370266219	448.4305897109698	31.762764999179232	7.765060702991739
229.45133891687806	122.6746398471606	357.307804346211	46.60609355668366	7.765060702991739
245.2166214650906	27.50785078434272	794.7689734528375	226.9791117877938	7.765060702991739
95.19977248430362	35.19532782362948	163.29980381546935	36.31566603950911	7.765060702991739
103.39800392156101	28.549374148969893	182.61508276506459	55.879063623021395	7.765060702991739
121.48685664172496	2.650226792592466	355.732752114412	113.58681189767447	7.765060702991739
538.8827645548824	406.99167738601477	630.5726979082314	57.36214403895457	7.765060702991739
938.4233964354842	19.046947367594374	4075.732044031699	1385.5497822277155	7.765060702991739
1226.5236520008034	15.149670480075217	4075.732044031699	1716.529281684745	7.765060702991739
3252.9405988675976	33.25062656051261	4075.746642610015	1307.3632905156005	7.765060702991739
4069.9875645649317	4058.5341988464684	4075.746642610015	0.0	7.765060702991739
4069.9875645649317	4058.5341988464684	4075.746642610015	0.0	7.765060702991739
4069.9875645649317	4058.5341988464684	4075.746642610015	0.0	7.765060702991739
4069.9875645649317	4058.5341988464684	4075.746642610015	0.0	7.765060702991739
4069.9875645649317	4058.5341988464684	4075.746642610015	0.0	7.765060702991739
4069.9875645649317	4058.5341988464684	4075.746642610015	0.0	7.765060702991739
4069.9875645649317	4058.5341988464684	4075.746642610015	0.0	7.765060702991739
4069.9875645649317	4058.5341988464684	4075.746642610015	0.0	7.765060702991739
4069.9875645649317	4058.5341988464684	4075.746642610015	0.0	7.765060702991739
4069.9875645649317	4058.5341988464684	4075.746642610015	0.0	7.765060702991739
4069.9875645649317	4058.5341988464684	4075.746642610015	0.0	7.765060702991739
4069.9875645649317	4058.5341988464684	4075.746642610015	0.0	7.765060702991739
4069.9875645649317	4058.5341988464684	4075.746642610015	0.0	7.765060702991739
4069.9860584175453	4058.5195383546384	4075.746642610015	0.3117691453623979	7.765060702991739
4069.9875645649317	4058.5341988464684	4075.746642610015	0.0	7.765060702991739
4069.9860584175453	4058.5195383546384	4075.746642610015	0.3117691453623979	7.765060702991739
4069.9860584175453	4058.5195383546384	4075.746642610015	0.3117691453623979	7.765060702991739
2442.011129560019	11.168037520463667	4075.746642610015	1953.6243545221437	7.765060702991739
810.4227640386255	1.4516563100750208	4075.746642610015	1303.8656301838425	7.765060702991739
675.8929332601381	438.44396010579777	783.3630818344614	83.55065884070515	7.765060702991739
554.4795563150791	438.4954087163846	630.2827255215063	44.918527149657336	7.765060702991739
434.7003193373438	352.7945220419815	575.7535990029538	54.29344730244185	7.765060702991739
515.9860227700211	272.7561378011073	4075.732044031699	740.8752528679245	7.765060702991739
423.08322433235554	34.125381560748394	4075.732044031699	744.0362994116067	7.765060702991739
819.5265848274032	19.936646943779298	4075.746642610015	1301.5652479481637	7.765060702991739
2442.771855503235	8.003112527496855	4075.746642610015	1952.7686188607954	7.765060702991739
2036.678818872898	8.308479240536824	4075.746642610015	2033.413700211821	7.765060702991739
816.657681036055	8.858574631520366	4075.746642610015	1301.5401856775159	7.765060702991739
402.53511656746844	0.7893182622369167	4075.732044031699	733.6657039930324	7.765060702991739
436.4743032016512	146.24155616340326	4075.732044031699	737.1591460009379	7.765060702991739
838.0261155734963	247.29994917409408	4075.732044031699	1310.8519775465486	7.765060702991739
854.9979259308217	315.1016651500187	4075.732044031699	1313.1107989096322	7.765060702991739
308.6826190351265	32.727301400460085	480.78155723863426	131.32735597325217	7.765060702991739
1227.2625509243996	12.34216273984368	4075.746642610015	1705.8856062863226	7.765060702991739
1227.6360862310153	24.951893383102185	4075.746642610015	1705.665003906914	7.765060702991739
818.64351601153	20.778548966294572	4075.746642610015	1300.8649232754578	7.765060702991739
2446.9809009757496	27.026747033582783	4075.746642610015	1947.8150408968304	7.765060702991739
3256.6358867394893	27.026747033582783	4075.746642610015	1301.4500806099309	7.765060702991739
1229.2708890287058	19.084777948518088	4075.746642610015	1704.7748249457957	7.765060702991739
362.19016915090873	24.527050657228898	497.8318701322396	90.32805572398462	7.765060702991739
381.6287175585354	313.91141675092	439.92232521929265	29.306460320232922	7.765060702991739
388.3904602226253	249.0750589032215	480.7794538118602	49.39017936754757	7.765060702991739
120.84433281839333	6.6027551178581705	357.29757699338666	111.90359864155339	7.765060702991739
408.0191805170257	12.33123338140515	4075.746642610015	732.7344412175854	7.765060702991739
820.1431207636584	17.903922583980464	4075.746642610015	1300.3063439036537	7.765060702991739
818.2616514902813	20.91949090295324	4075.746642610015	1301.0348856525893	7.765060702991739
810.2523489625811	9.243081114279953	4075.746642610015	1304.0986866865067	7.765060702991739
390.2493558409627	0.2544244528309331	729.9069964347574	310.7265971868566	7.765060702991739
1632.3955846507124	0.017841142603992326	4075.746642610015	1975.8553358267036	7.765060702991739
822.1376073891483	6.260676557012569	4075.732044031699	1323.8902908497514	7.765060702991739
408.78994006339565	0.7178451334867343	4075.732044031699	732.5387313372845	7.765060702991739
407.56486213857545	1.6696997719620563	4075.746642610015	732.6079464564793	7.765060702991739
410.0720754945908	1.5405564306803121	4075.732044031699	732.4099228283501	7.765060702991739
26.24120580620385	1.9429340205142605	73.03774262900814	12.915155642969257	7.765060702991739
411.23202008276655	2.8826037877828954	4075.746642610015	732.090745100618	7.765060702991739
24.25551548203346	9.248240761376893	65.42873694174273	4.810327113670214	7.765060702991739
12.043174232760274	1.2297155701457485	54.01753736495861	5.1154853312746775	7.765060702991739
14.02148242836304	1.3975647943213596	59.49137382708964	21.516529506701012	7.765060702991739
11.57219871319144	0.7556120879627867	63.988102510647465	15.310715092052993	7.765060702991739
8.669659818209535	0.37562632444780414	42.75015466996593	12.321164681843946	7.765060702991739
6.851377688694927	0.06567615094798591	49.55483851428876	12.234844340443031	7.765060702991739
36.66910941408738	0.4466220136350514	126.49116147029629	24.332839991465686	7.765060702991739
16.416239824462107	0.5285918921513382	63.37855176065969	15.321006822891821	7.765060702991739
8.419472345203314	0.14701585948628956	58.94186177485503	12.67113122865584	7.765060702991739
14.335016369213445	0.591280625019066	80.88237167037586	23.416785834297542	7.765060702991739
23.012201095279234	0.05275731703064652	100.48004989309855	21.94505452944581	7.765060702991739
2.630957242998353	0.08500231617827533	50.79917023849411	9.490300125909814	7.765060702991739
5.7783049647722695	0.268486736617649	31.778882466453037	7.6598460270857744	7.765060702991739
16.741760001810448	1.7073083352996625	51.34281861132557	8.200476627622566	7.765060702991739
11.039385901672373	1.1864087847564666	79.12079073205949	14.896878400047166	7.765060702991739
5.555422148894633	0.728248248729634	43.86579376717542	10.087337150216564	7.765060702991739
5.646522162751498	0.2872596874557018	42.16357152013136	9.683513678179468	7.765060702991739
9.46829168002757	1.013650774320932	44.729780910745276	13.609139486506953	7.765060702991739
3.419024681815763	0.5871811074761151	44.162112705299464	11.147787491140708	7.765060702991739
11.035032117008118	1.0569758440565107	43.90122994636113	10.898266267035591	7.765060702991739
3.8610426582310686	0.21274855700758055	42.10725984394748	7.969901454349459	7.765060702991739
6.954897890135438	0.07336990821695606	42.75327907417776	7.695218058197817	7.765060702991739
10.487040409800336	2.336923939070893	51.09369471247504	9.452151928843756	7.765060702991739
7.820305809093251	0.7662866859557321	44.24852606466118	7.601153957436385	7.765060702991739
7.153863888066301	1.1706951006979376	50.91258291869601	9.543066263155307	7.765060702991739
8.316263751308066	1.0862490165079293	44.18897288929843	7.1609588421828345	7.765060702991739
5.17693437798292	0.3761307655846797	45.762539844585454	6.471154393007511	7.765060702991739
4.353711179073905	0.11347365206724808	43.880488649714735	6.8164749039202785	7.765060702991739
4.705292740872326	0.15129312164279438	43.91707508117373	8.741315965701034	7.765060702991739
7.641769405481395	0.27268238237889664	44.22951999070594	7.067998885380374	7.765060702991739
2.694808320485215	0.16607044350767242	34.50390514099855	6.049974356669624	7.765060702991739
5.600013953224902	0.09543557404266889	37.98015723636467	10.555628399284394	7.765060702991739
2.5455395090454576	0.0785184012956882	34.516513072968365	8.04356836045719	7.765060702991739
5.9331286663848655	0.314838847576642	42.103576935520145	6.797790557640683	7.765060702991739
4.83075459349095	0.330458764389281	34.48435315875312	4.806928854610283	7.765060702991739
4.530685919071221	0.1616661595668374	40.81882700635119	4.600594448413801	7.765060702991739
4.239074710474788	0.48507457671776727	43.03513737177569	5.609142295238681	7.765060702991739
3.1228168038389463	0.5388792824922867	34.49655156367571	4.083317467225884	7.765060702991739
3.832446708445029	0.7840254929313526	32.57405420568419	8.346851367018894	7.765060702991739
6.525536385212891	0.44142778558040124	42.09655873319246	7.629285234933262	7.765060702991739
3.959229845032858	0.31867913628782546	43.48945779867328	8.578118420641056	7.765060702991739
2.0651389552419785	0.40364595643815615	31.772662562193723	7.18335119555554	7.765060702991739
6.3305648030558785	0.6672301879095732	44.0884987351478	11.66271484789485	7.765060702991739
5.624653150578314	1.0139912929951544	41.80614165773045	6.549771091832187	7.765060702991739
3.9764198154054213	0.7113478694665568	42.08692479353922	9.029362693600847	7.765060702991739
2.9868385370650032	0.9683302869466159	41.79924365409101	8.550441317532135	7.765060702991739
5.8513083534698875	1.0192024782998423	43.11989085787523	5.844076905389261	7.765060702991739
4.573950613475466	0.5465407302022441	45.21703346579674	10.506861818438626	7.765060702991739
1.9493379574076155	0.7230359429740277	41.80287797967528	9.145918234856861	7.765060702991739
7.614121300401882	1.0568484426332698	43.86764857067883	7.007213713591087	7.765060702991739
7.266758992847172	1.1214447659270252	43.6699925237131	8.877537734506726	7.765060702991739
8.526734521211953	1.2043157224393612	42.785548707665555	8.29306026785182	7.765060702991739
8.454056983107884	1.6385974632611648	42.177990697598	9.074481380989416	7.765060702991739
12.224426666892473	1.3333248939768545	43.041264877319925	6.903848281320639	7.765060702991739
12.51109316367076	2.0296872039773453	44.193327735842566	9.839033123334422	7.765060702991739
13.794714456364497	1.8487674234071534	49.5524192669167	6.764770571630548	7.765060702991739
13.295515641605721	1.263851909914826	52.30911833471792	6.33390019510257	7.765060702991739
16.272734442201024	1.5942439803494655	45.9373280986395	7.204613802615114	7.765060702991739
16.94854353538668	4.973549685801305	49.82245816785014	6.421505091153404	7.765060702991739
17.57212958798646	2.8286642651094933	51.12937951599684	7.08812782550438	7.765060702991739
24.133331934208623	6.9531502291191725	51.38935546005099	9.650773525767892	7.765060702991739
23.265641925650044	6.0541246801436	54.17718737985867	11.065110320188232	7.765060702991739
18.378601960232064	0.6355901623493201	54.79052323005458	7.3924420124727295	7.765060702991739
17.900158724539047	0.5730347124840663	49.42364437027346	12.532461713052125	7.765060702991739
11.867704104159808	3.1268034024645956	42.77437762114504	8.485233568515074	7.765060702991739
19.52239589970265	4.736465333135673	48.10975550213833	8.418678766789945	7.765060702991739
24.055164946137083	4.104577297923739	72.80933813574276	12.212445077545649	7.765060702991739
17.732868878602588	2.92287276443914	52.88702141735305	7.786397911604437	7.765060702991739
17.72969053266139	2.477540585079399	53.64676619859929	10.220397648695018	7.765060702991739
17.34811545879748	1.8362560941307418	51.205119694781786	6.011382539919706	7.765060702991739
11.670263572157666	2.2819219500718106	51.43795002154477	6.956486770321919	7.765060702991739
16.26570684557885	2.8492836633703247	48.81171110898768	12.575335771751101	7.765060702991739
9.070670243261604	0.09582302352476467	43.95283959817609	9.05781748117965	7.765060702991739
12.55500082781718	1.496113762117786	52.30418933931445	7.68551692419913	7.765060702991739
7.176627474577105	1.526729001985821	44.17769047555457	9.765186537417488	7.765060702991739
13.602993966652583	2.11087477559948	53.469487821999145	11.405266769721841	7.765060702991739
15.37033829742394	1.5919457044038403	51.74783460064189	8.815285252598915	7.765060702991739
14.7539485255001	1.4977054848791096	53.160392791688594	7.831390568676848	7.765060702991739
15.820095407097607	2.8239589705673307	50.584125533594126	9.431175703718074	7.765060702991739
16.59998809731786	3.198854417776226	52.055677872802185	7.976460446964528	7.765060702991739
12.102098919419419	2.2242002687652214	42.284807002267485	5.510680014056138	7.765060702991739
414.37503432581474	1.6663969280804436	4075.732044031699	731.304568162104	7.765060702991739
22.326378083284606	2.1922694324849834	72.46822700142411	20.387783866754713	7.765060702991739
17.78067637175963	2.304607526474789	51.917486757007545	8.904100221370713	7.765060702991739
14.984627126798815	1.077249661780545	52.111962708356586	9.717899058789945	7.765060702991739
12.119895259035237	0.5415181525616805	50.27374959872665	11.306511092314077	7.765060702991739
411.82253836542657	1.566443682141329	4075.732044031699	731.7318423509707	7.765060702991739
13.286105288224698	1.0604298878550948	73.09887480413315	14.481184202523087	7.765060702991739
4.316093541497216	1.476727267450848	44.153077140063544	12.4580612385183	7.765060702991739
3.2368748278024673	0.1603556200491502	75.29181774871167	18.493936397997434	7.765060702991739
26.033145153395754	0.8514423297768351	71.81642698738659	29.985613317869035	7.765060702991739
11.328322255805801	0.7048841131429199	75.29181774871167	16.564430244511833	7.765060702991739
5.929290758161808	0.5565557050913814	63.63375279366019	24.389751763551544	7.765060702991739
9.892829079961682	0.5073581155755575	42.52908572736318	9.928724591199428	7.765060702991739
6.024202568916205	0.19282353103822025	62.05651813308291	11.440123605381658	7.765060702991739
3.382896274138344	0.505881690145752	41.33981417709533	7.796475266855192	7.765060702991739
6.303962077267593	0.5927879885564661	50.19717852425159	14.31474447239213	7.765060702991739
10.699926740377979	0.9812346886778767	50.226214904732494	13.107663336480078	7.765060702991739
2.124871980755914	0.7562263899854132	41.845270457753074	7.5002171431156315	7.765060702991739
2.8905706430672153	0.5146751664778983	32.546916843891545	6.7908296616647466	7.765060702991739
6.6652873532960415	0.47201368942806604	32.5025472839792	7.581996994571687	7.765060702991739
1.4175875544942742	0.4242174081827109	33.484959246750364	5.885887486502758	7.765060702991739
13.894036972987147	0.9642010659393027	43.47544847126607	9.35226848916869	7.765060702991739
20.368285039236646	1.473685768609104	66.83357848286312	18.06310331408828	7.765060702991739
15.169473927412305	1.7017063716384702	46.849916326795835	12.717633751415475	7.765060702991739
9.297213780032173	1.5249420196899797	51.13389690541573	8.653437694385563	7.765060702991739
11.69353739869244	1.343590668130699	41.896772925151	11.787028597290222	7.765060702991739
11.243653453604429	0.9885389946042655	42.53093424337189	14.995126736978312	7.765060702991739
10.133456627512844	1.8038700810868018	55.32389608013895	13.270293661739649	7.765060702991739
14.658953654332118	1.538642912789876	56.26912824872921	12.936426552989053	7.765060702991739
12.054160208348971	1.342845690116509	44.25763087872035	8.736969284244838	7.765060702991739
14.861634245762877	1.8559881674254004	45.35333631976373	10.738763997346298	7.765060702991739
6.834358764619438	0.8672317624586464	36.93326132088417	9.446166851004483	7.765060702991739
15.190354787113083	1.3523737972918375	45.04776819995224	14.181507121340104	7.765060702991739
9.150876868418013	1.39394807263846	43.38381787202891	10.6827631873278	7.765060702991739
13.35228991133937	0.41175657206476396	45.07462442255142	8.862221060942016	7.765060702991739
18.63036830671193	1.3656763338789568	50.72649087489853	11.8565950154723	7.765060702991739
13.235366481130216	0.6181599009450647	49.053369725091294	14.712339896599602	7.765060702991739
8.93888963246259	0.7467144018054488	30.55567608874146	9.4107951007606	7.765060702991739
7.220947716231302	0.9670979270349638	43.001200037602324	10.739736500968712	7.765060702991739
15.592350439320997	1.1531282257394369	56.69914750225632	15.813226235686244	7.765060702991739
6.515711666409669	1.9953283562152448	53.08506344923686	12.396214124164032	7.765060702991739
12.305641740567573	2.1223206906457803	45.1472009013577	11.123968759873918	7.765060702991739
4.793406860570243	2.320021535855214	43.10635836151357	14.767329713709625	7.765060702991739
18.16656638776922	1.2555007485909648	70.4636922876381	15.87516170082119	7.765060702991739
10.55003773723594	1.326079568790261	43.51557071788316	11.003497587840057	7.765060702991739
9.275859749532396	2.202730621057127	54.381529788913284	12.501022088630743	7.765060702991739
9.947553636806143	1.6716071318762562	63.7286143065296	11.931782354522587	7.765060702991739
11.365319778306986	1.8682514849266996	42.59447742685976	8.650549482780374	7.765060702991739
13.325022196934793	2.556283279220107	63.7286143065296	13.81044141219859	7.765060702991739
15.798432786711462	2.6511911013002574	56.090631430311596	12.371364285034542	7.765060702991739
13.894419551212728	2.2010977257740114	56.090631430311596	16.360412633494924	7.765060702991739
15.810096894948453	1.8643080678879762	53.09618489779836	8.462510320211955	7.765060702991739
16.403345881287102	2.6290536616568008	55.45149997060176	11.89764934468855	7.765060702991739
18.166953989284536	2.0368937119261723	52.32440577562321	7.608333007059831	7.765060702991739
19.694174417817013	1.5354436697647864	68.048279223387	13.796648650919483	7.765060702991739
11.298088762598107	3.374426436671642	44.7590296602695	10.980491257590046	7.765060702991739
8.67120380668451	2.2134912684228	46.72457421645035	15.319457754075653	7.765060702991739
9.372187184390812	1.0448937091597958	42.54760319566044	11.959690231780355	7.765060702991739
21.518394613073845	0.687374737287464	58.94886098436764	17.983967007682264	7.765060702991739
32.69150441284187	0.6170569158832799	100.55827873291342	28.24822521559226	7.765060702991739
14.233867151517405	0.40845334692719815	59.17434558927445	14.175912882241354	7.765060702991739
10.716749034892244	0.15586214099448079	45.41329656305552	10.720082388964103	7.765060702991739
9.000471108014931	0.4148984166629728	46.969825216830124	13.121802131420747	7.765060702991739
2.806009739765811	0.3732427918697755	47.45030381935244	13.815546609158583	7.765060702991739
11.75900751509829	0.4164685817231524	58.95428770063689	17.091469835564986	7.765060702991739
3.7633532490832784	0.5575403187410222	43.84733850220981	10.108304808028349	7.765060702991739
2.2661472730758883	0.7523521941905157	42.09194994677696	9.028570961795122	7.765060702991739
5.6706136202807444	0.4436925001230098	40.41040756005093	8.762345682079006	7.765060702991739
7.3016556784271645	0.7000755746984384	41.79935430055873	10.579947214433595	7.765060702991739
4.417263610928838	0.5228370718938693	42.531504863041285	8.693293738772411	7.765060702991739
5.4573249706901334	0.22888630328909457	43.06067392969626	9.365475546961553	7.765060702991739
11.974665367887006	0.2853943099989461	45.75565115976873	14.069222762174567	7.765060702991739
11.627116174257973	0.6092770500151337	44.15815564250531	8.791291576143571	7.765060702991739
3.968672142976581	0.6023683315917271	43.8471102251943	10.211220346619948	7.765060702991739
6.919190688079842	1.284240149871501	54.52690519960206	16.484254672762752	7.765060702991739
5.389069891174986	0.3537710355304482	40.50389496843624	6.935752788436718	7.765060702991739
3.412392747433849	0.7031174092028812	35.5756031980645	8.922385485283893	7.765060702991739
13.216780564802523	0.8102214569760104	41.16932791314393	7.704773615825492	7.765060702991739
12.154312289879837	1.4083664356403054	32.56360923259547	7.430481440619298	7.765060702991739
10.186553036046215	1.2757948393379628	44.77252889437847	13.340678190519668	7.765060702991739
7.762581702267965	0.4683340799657732	42.824075370303895	8.970338150596946	7.765060702991739
14.16176643401476	1.6031926096498823	47.18483639239575	11.152371769722421	7.765060702991739
7.8103696673924325	0.6419492642107719	44.36595425993845	10.678094794304972	7.765060702991739
4.838726223550854	0.9511864543134411	32.70495958819224	9.113631484231977	7.765060702991739
8.214290689220471	1.377212501094783	42.717077288485235	9.817177847612026	7.765060702991739
8.839111352591317	0.7461492383307455	43.1519254732058	10.949806523038319	7.765060702991739
9.457746210810182	1.7728014698623156	43.18291523659826	9.190101730593252	7.765060702991739
14.747793394433419	1.853453542644698	43.2112275895638	10.219863187696626	7.765060702991739
11.592407134979197	2.0343212410719773	51.16734197308135	9.3583219235016	7.765060702991739
14.716419426086048	2.0040291879222076	52.31215976146802	8.096506026747189	7.765060702991739
17.392639195000047	2.8234994383477847	52.11365054034806	7.046301772835902	7.765060702991739
15.778094088654617	2.7786728829829865	48.37682629617342	10.753665137215892	7.765060702991739
13.985005521361945	2.0157810752854357	44.19969151637682	7.217662646566434	7.765060702991739
7.947526503131961	1.9945711120436362	43.86709979670775	8.214461495687592	7.765060702991739
10.859226929148756	0.4753352389871162	42.57972701189645	8.161359844148645	7.765060702991739
13.604793670575331	1.0261063820040328	55.54856655871241	9.923871845442132	7.765060702991739
9.840291368126431	1.763570682743027	43.29550557148628	9.207549130569058	7.765060702991739
17.509393773931155	3.26440037348038	48.071467904768355	10.477113612347468	7.765060702991739
15.995370644733962	2.100050374177755	43.19822554131081	8.893594909784188	7.765060702991739
16.85660802409628	5.15645859654873	45.69625593328948	9.978646897832594	7.765060702991739
11.027972648169763	1.1113436261027014	44.51173113129024	12.60887400966958	7.765060702991739
14.434741032344295	1.8888490976463734	42.370772415295164	11.379404091533347	7.765060702991739
11.706967318923876	2.190204386189322	43.51333042715774	9.781658508618154	7.765060702991739
9.476427123374318	1.4292773970470192	40.157535587608955	7.321579474780736	7.765060702991739
16.74598264737416	1.6892160297889804	47.76212940911196	11.017604846578378	7.765060702991739
14.841466881386985	2.3098240334652984	63.68943047303364	16.07983273254406	7.765060702991739
18.093241864085783	5.622948068451774	63.68943047303364	13.314143942105375	7.765060702991739
7.569980338962597	1.205649177227506	34.677580691689045	7.968966542772433	7.765060702991739
9.79588663867764	1.105801214608285	42.54391254287767	9.262112582513781	7.765060702991739
10.96937246602317	0.9656271964764203	40.07469763026686	6.413781141914633	7.765060702991739
12.557350009871305	1.3241585924172088	43.71411979029085	10.884063898461916	7.765060702991739
8.227684932390074	1.5032255674100221	46.961005382799286	10.832323737815775	7.765060702991739
4.167260222656078	1.372999540034346	42.47698071551588	12.326843193251511	7.765060702991739
17.5869612274308	0.8942372623940849	42.50365258590388	8.005051749996264	7.765060702991739
4.361386941902589	1.3827057707776225	42.22812277598172	7.126907757693442	7.765060702991739
13.676634828383435	2.158928775580767	46.39910169055064	9.612623395703576	7.765060702991739
13.178642757189248	2.2419621779559495	32.895247878083474	6.29362787930529	7.765060702991739
12.507023812096037	1.4976417139235345	47.5333779725268	7.74873006408432	7.765060702991739
13.872992269180111	1.911900369408392	56.33434893789865	9.054409938348535	7.765060702991739
13.889619441434911	2.579558242003211	47.9724954351667	9.885736208722202	7.765060702991739
16.24592606584661	2.2342236712186265	61.02613337589513	15.777254490814155	7.765060702991739
37.17994849224228	12.144121909104525	96.54854143424731	18.884762026012684	7.765060702991739
37.52222967298838	4.490774424623207	85.60009469647306	20.968300347087716	7.765060702991739
30.260593057629723	3.8229215983062077	64.68078612733947	16.457152850869896	7.765060702991739
20.479010379424317	4.758069317854818	56.52166058085695	9.002608843537267	7.765060702991739
25.215632626398357	2.3123168412737476	68.26320932178906	22.093516870117742	7.765060702991739
19.764909336109163	4.236551041309648	49.222631058343815	11.288029509900532	7.765060702991739
24.511520753951356	6.728899586023593	48.955252450761094	7.105148269871885	7.765060702991739
36.600917981136966	10.547054758949985	64.72937933537493	14.76776676843553	7.765060702991739
21.513475775114387	8.245548473345963	51.61744852728787	6.748051804822309	7.765060702991739
19.75517830366455	5.454529687882323	55.40889131414333	7.371830152594694	7.765060702991739
15.918083259130283	3.759202589517344	54.881781087746454	11.366070087123456	7.765060702991739
18.931245389612528	3.3693804247275954	48.018003378789075	11.12783781270191	7.765060702991739
30.398963643927473	9.569792654608818	88.36459720103078	17.695483712831454	7.765060702991739
29.398873376208062	9.302672607617602	65.10922767873465	17.02799809247834	7.765060702991739
18.782766245144455	4.310969396339686	60.15316306602783	10.455599584810145	7.765060702991739
19.73043498540542	6.717993035178816	60.60333198961678	16.80451240562107	7.765060702991739
20.292188812698747	6.146948305938921	72.95116200523945	16.44226759566494	7.765060702991739
26.989147543358147	10.344689353150056	88.36459720103078	21.365156930667045	7.765060702991739
14.969438617842613	3.107734777461687	62.670721350419235	11.159401762798204	7.765060702991739
21.128878063049726	1.1412922964356353	64.4610991703512	16.57702786352217	7.765060702991739
28.64646020889418	4.477440698612463	102.49145480492733	33.718687957523585	7.765060702991739
39.695555683531566	1.325593648741429	100.19258531843128	25.48906076026222	7.765060702991739
54.865777395658625	5.622286892930594	106.70796137854204	37.398639863187455	7.765060702991739
29.930220721259328	3.239588250144499	100.25481223208845	31.95008756362098	7.765060702991739
49.67884726914667	2.856789203118953	104.97693817782678	32.10261321115828	7.765060702991739
16.469720493175156	2.3672911776322287	82.33485106301453	18.663721636532483	7.765060702991739
21.788692939757127	3.1062073985493814	59.73122698857289	16.162359510009505	7.765060702991739
19.115605647632215	6.002103725673558	59.014832032711666	9.626000490627913	7.765060702991739
16.136589192403743	3.2488799075751436	53.88482058570884	10.676048116620866	7.765060702991739
15.365097063287353	3.141735900608132	57.69515093865854	21.02674863220447	7.765060702991739
14.794290068182761	2.5989765933410007	63.51100537922832	16.601113274929407	7.765060702991739
20.476137585527294	5.023288083040309	60.86406807940519	18.923742118271672	7.765060702991739
12.651280253935932	3.3484340910528703	52.19392218101055	13.507235947123666	7.765060702991739
10.466086211998245	2.408493551183555	52.585255599252584	18.787702732862954	7.765060702991739
10.161589990763241	0.8298860648542977	42.9858296463606	10.701650465305196	7.765060702991739
22.303303024422647	2.12083420594061	62.15932285262381	17.90285616480627	7.765060702991739
47.81225204541127	5.692234802939909	105.94945612922665	35.965213802468995	7.765060702991739
19.271661346244922	2.144972876689694	82.21749096971034	21.590747077749533	7.765060702991739
12.959254534463632	1.31119056307934	44.158322366899874	7.8875495152528	7.765060702991739
18.028221364011983	2.978313923364121	64.50374113392449	11.842354600600764	7.765060702991739
19.70558075382634	4.353631943746542	66.01389810701951	10.959817912709479	7.765060702991739
13.264512049995918	1.7205340655485661	43.25352075581527	10.257132753594103	7.765060702991739
8.048982856967378	3.4586127974874636	43.70380050533388	7.651765323690417	7.765060702991739
16.47326871964563	0.34512631423861734	78.74901106786959	16.43016118064451	7.765060702991739
14.992753319595353	1.8951620373523423	44.46425450465127	12.272508365963672	7.765060702991739
15.99602170220836	4.054596744004862	43.19822983586946	8.39076927065809	7.765060702991739
13.977558444001799	2.88645105748239	49.807772203770135	9.068523986736466	7.765060702991739
19.961915907216657	3.5435108782229015	51.59621915598401	8.902267580318957	7.765060702991739
18.18284813934253	3.8595423664192614	48.75533375595839	7.7908674599962735	7.765060702991739
16.36048815753434	2.9520914471323967	51.349469862942975	10.049680635682357	7.765060702991739
12.646014741504898	2.4071475637116704	51.9369073058118	12.879747631844296	7.765060702991739
17.542124476030644	3.933690417919241	51.3664017747602	10.97187799934462	7.765060702991739
15.514546312808472	5.966991183792368	83.12087031014477	20.449123418476862	7.765060702991739
15.553207306936304	3.7018339139583953	43.629592968953354	7.614084660229098	7.765060702991739
17.21688438076801	3.6766330953478716	59.9428643712452	13.114249935117703	7.765060702991739
17.200251292924037	2.704729515983963	50.998093635469495	12.678864323685131	7.765060702991739
413.6275481279311	0.48008580444916527	4075.732044031699	731.8458697997278	7.765060702991739
39.41428127374036	1.2352737082325322	181.49847306928473	56.928292426902885	7.765060702991739
27.26333319315904	2.0053664940985443	106.35493103648376	31.45726183728042	7.765060702991739
73.0698042195633	4.112825127170166	182.54547183140323	55.50372741774687	7.765060702991739
157.9870415814589	63.07520452718514	215.20609980245905	33.615681269644675	7.765060702991739
129.3422579325214	1.7201493533660945	239.39522532000262	71.04074836338188	7.765060702991739
110.024373223923	2.2447146271327694	209.23151942431136	75.0261484378156	7.765060702991739
173.14782514977995	7.2382453022847475	238.64629623322097	41.45039371768203	7.765060702991739
66.54594522337791	1.5606142996665833	239.24632066200732	96.34411555397928	7.765060702991739
39.28909842458704	2.13296852214481	238.57561082946793	69.6876239307997	7.765060702991739
15.638902336969702	2.59215211313467	53.0945302568543	12.11757275367639	7.765060702991739
18.929376008707933	2.5381296874695387	51.30402914734608	11.66217449316499	7.765060702991739
20.44408848198776	4.698728619631673	57.758186765244176	11.168421621604951	7.765060702991739
24.87612016408871	4.306449313128094	51.720659862785936	11.792937144343119	7.765060702991739
19.318524745371075	7.329318618823331	77.6769650570485	18.8484723862646	7.765060702991739
22.3886935944024	6.7439284210344645	53.74586180792049	9.793649753066834	7.765060702991739
20.179215346252896	4.188385256725227	77.6769650570485	14.506761627696623	7.765060702991739
57.33584162134437	2.9556751007792026	239.04055165924814	103.7216602017129	7.765060702991739
31.80536638951896	1.885113721354117	182.17720449453032	55.784234302169196	7.765060702991739
15.065172337756596	1.4606668913615999	54.39575410207029	11.208879983047229	7.765060702991739
13.17124549160951	3.0330744353076824	55.50934066366122	13.649003779822852	7.765060702991739
21.338924334588857	7.153908058640166	51.84398306317516	10.80574361436967	7.765060702991739
22.64752494859628	6.27175452080151	55.52868977401442	13.393334231885484	7.765060702991739
22.159141900190416	5.906905328512812	55.52281618749977	13.4499957936434	7.765060702991739
25.74186490551649	7.7895938582490585	50.73044889957158	9.415451830338185	7.765060702991739
26.097746376710308	3.947821622919425	58.22891296838303	10.267469391933023	7.765060702991739
24.15685012971625	4.49575093346756	54.3392942365038	9.636487168115805	7.765060702991739
28.660644106466673	4.060280244217465	56.4510111890538	10.32051948697098	7.765060702991739
23.94005703853845	7.96908027015781	48.15171177209496	10.02923116045747	7.765060702991739
24.118004760875085	4.919260737773103	47.86784490311842	9.500494644969637	7.765060702991739
21.83569816915343	5.071107138140948	48.271343524906584	8.355052016864295	7.765060702991739
25.468685789457066	8.50824672809992	60.1633561183791	11.873790802389234	7.765060702991739
20.629817364230217	4.52418429262469	53.97106916501926	9.840693148320078	7.765060702991739
24.79449947669956	3.597019070585809	51.18043367989453	8.848797365201577	7.765060702991739
18.81568985145323	5.5343178971599905	51.53320646224444	12.067608928675181	7.765060702991739
29.722086464286967	5.25715737468795	51.374874019340055	9.9041063854722	7.765060702991739
25.72340883582108	10.117465208888285	46.468599941296034	8.412254982065772	7.765060702991739
25.909041206557088	10.069965433043667	53.83442273314087	9.68021783243609	7.765060702991739
26.06687451627858	7.928452036533611	44.49095235356343	8.883344066729503	7.765060702991739
23.750058112579712	4.661241424484078	43.83117899145099	10.66470795260496	7.765060702991739
22.162731536910574	3.1496321579911415	43.824040877690805	13.047490417903362	7.765060702991739
22.178767519262166	5.564944898740274	51.21655351381278	12.413831523057613	7.765060702991739
19.051983646325596	2.9284644488054563	44.52486324442336	11.677454801037722	7.765060702991739
24.02863904830401	4.966621081423664	43.651649232765145	10.34311884832039	7.765060702991739
18.727531762302608	4.718834090376591	51.740474483746176	8.974673342777745	7.765060702991739
23.380315632228605	3.8313487378903583	52.1975626523707	11.51340243089364	7.765060702991739
24.8826936498152	7.7455684834761795	51.011593032505424	11.43165615241145	7.765060702991739
24.231588224439452	5.983306461757246	64.26514599606395	14.117498791197473	7.765060702991739
21.47875916269235	3.394022562850267	48.91222656731385	9.607359424382418	7.765060702991739
16.94645373279213	4.011862670417997	44.02395163016295	6.231703767643088	7.765060702991739
22.608367118777917	7.386172954352591	52.987676790259535	6.214277950942874	7.765060702991739
19.714037281448242	4.7177540815722185	51.25589577063384	7.344847248506913	7.765060702991739
18.772996111065304	5.1719346652139855	59.851141628470266	9.061541796637712	7.765060702991739
18.679135184132114	4.6797346584086235	45.90796962545588	9.326557836365351	7.765060702991739
14.037058000165647	2.8509198033283636	45.85294662119196	8.747853325641206	7.765060702991739
17.665964033365533	2.4895370339133267	51.99539066691966	7.9342823365159605	7.765060702991739
16.62967830151699	1.5628154933904597	51.89484836227237	11.164780007004923	7.765060702991739
6.856377016200398	1.499857387201357	40.44812091874954	6.585160273481369	7.765060702991739
11.083979604202302	1.5632288788533695	44.45103483813838	8.16318464253513	7.765060702991739
12.641207327800634	2.006666709374054	51.73579553638125	9.788258299991409	7.765060702991739
11.48705112326638	1.5927865358477666	44.16205906299406	7.952877305226281	7.765060702991739
10.882647048573968	1.395582513929783	51.16249492838331	10.096486352783604	7.765060702991739
12.090452955971038	2.2730051871569303	44.17997893409705	7.866076564773467	7.765060702991739
13.25669493320389	1.2577130275729314	43.88933512052332	7.8339121616855945	7.765060702991739
13.430764539757224	2.058282157163849	45.4514845874027	8.788999965158103	7.765060702991739
13.558496768020225	2.076933286879957	44.20100825225305	10.25450079231927	7.765060702991739
12.00775761853839	2.3930914865562816	45.81372815223109	9.865420165914696	7.765060702991739
14.09416050970952	3.143951356208399	51.330911843186506	10.701613649430943	7.765060702991739
11.045460082256676	1.925510448082118	43.91896106919946	8.819838294993522	7.765060702991739
12.484824435017737	0.33368611460910286	51.15904350277475	8.410366253452025	7.765060702991739
7.018086985219774	1.31920312321894	44.226416795516485	11.445907163551116	7.765060702991739
6.550141560141525	1.4142075246254375	43.499260005189846	9.01723699188155	7.765060702991739
7.432427563970841	1.0067883464181708	45.47164936074505	9.383883773409211	7.765060702991739
14.217892275373112	2.0085220433276407	52.3345077818008	8.738444088404885	7.765060702991739
17.242580659162787	1.5021626187830486	52.3345077818008	10.836638296193033	7.765060702991739
14.487861686387848	0.6628645460457674	53.741303610678514	10.029834093988022	7.765060702991739
14.502011488411227	1.8544087017291058	53.9575695674499	9.065240061910895	7.765060702991739
13.399995402063245	2.094954392338423	53.74340177749878	9.624392822923799	7.765060702991739
15.325310504734656	1.4563627640475902	53.71543694563586	8.386357754324056	7.765060702991739
12.414953468964011	1.5523088929391466	52.13070061774204	10.499992652413951	7.765060702991739
11.206220169619385	1.9741025367740803	44.15409691492961	7.309638977024598	7.765060702991739
12.482696966777576	1.173319667944552	53.408640648440624	9.625093387638143	7.765060702991739
12.227234464849595	1.1825251736645617	45.84973307998348	6.889903946021617	7.765060702991739
9.034012751304596	0.5580981024348992	52.30875385462493	7.255046873567648	7.765060702991739
10.484007582947523	1.1784336411668273	44.18393000855768	7.138592748192683	7.765060702991739
9.760279477158187	0.8936644778350202	43.89053712769935	6.50435587839533	7.765060702991739
12.088782863452415	1.4924885202495495	43.14821008564606	7.1415917161180245	7.765060702991739
6.476518919082133	1.063886277684297	44.75821163779707	11.675639110649637	7.765060702991739
5.804596533448975	0.16521598617610422	42.11797671473788	7.974504631099947	7.765060702991739
6.594875767521404	0.44513058038570325	44.12963453242973	8.389457212893756	7.765060702991739
9.095334039001315	0.31999250340770885	42.75097484571151	6.503629179249804	7.765060702991739
9.505328914284954	0.38877878205069566	44.13809650607796	9.289953072201314	7.765060702991739
3.7259283326976096	0.1238298842282067	40.68198839436305	9.108328980709016	7.765060702991739
7.7526998288497415	0.4727750322123817	42.094396042806935	9.716378340111827	7.765060702991739
11.484741834142095	0.19187460259892666	51.35767059589439	7.911403056548504	7.765060702991739
12.151448111062672	1.0819416247537939	41.39231608648675	7.186998902565558	7.765060702991739
8.093532512274434	0.4479322144935578	42.23531503087337	7.18568326020184	7.765060702991739
10.126923272771498	1.0676963651692888	42.10118007382136	8.382308509947356	7.765060702991739
9.031284602959706	0.9069358994910045	44.78040933829025	10.946579844546038	7.765060702991739
13.784862527412717	1.6268102706428138	50.2243952846034	11.71850979163839	7.765060702991739
15.999256339698826	1.698003662543329	59.63937725782924	16.299997851855434	7.765060702991739
12.420053970395045	2.0016082842318457	52.26938881583541	10.718116430393046	7.765060702991739
12.805497704416029	1.4703027214667002	55.42692066942101	14.577681913259605	7.765060702991739
17.867509985552793	1.4615675491440903	54.68902991982245	11.503477119954091	7.765060702991739
14.615168670270233	2.0671131565188383	52.4008027296453	9.988012337325257	7.765060702991739
11.686267008564627	3.3870882372782734	60.73353261742426	14.187303213204718	7.765060702991739
13.50566113633742	1.514075372707536	55.41644121148807	13.829988472380657	7.765060702991739
17.72181629539153	4.925872594697673	52.399005318365234	11.28613604194613	7.765060702991739
15.100898039074789	1.1704639137964596	51.692737471960044	9.528022154942517	7.765060702991739
13.926042258152817	2.426030020120304	44.88632388023951	7.349235780776761	7.765060702991739
18.52843472002771	4.095151175650099	51.38290181557982	6.265054395578113	7.765060702991739
20.179037745330934	3.9506154947122147	52.73409837462879	8.058551464891584	7.765060702991739
20.767097704129004	2.892509358425882	52.4431516474597	8.377485493864423	7.765060702991739
14.02004341016602	1.489659658260159	60.554312863096676	13.90238853606095	7.765060702991739
11.758838377211433	1.5375826055912394	60.405078257436756	11.707244766956498	7.765060702991739
19.263071829296457	3.5174523562831705	52.32478359178646	9.555660893714196	7.765060702991739
16.756356266211093	2.9032145009820574	53.776995499133406	9.670175912966021	7.765060702991739
12.643070976186959	2.3855509454013317	59.67692352276606	12.43089596013121	7.765060702991739
10.855897141730855	1.9545995086030528	48.16553555797043	7.069670555670764	7.765060702991739
9.736358524042796	1.9891820798367004	52.365802753692364	10.219643882591482	7.765060702991739
6.855493370115902	1.5146061882035562	44.18088224516587	8.80332872280253	7.765060702991739
10.890739942629308	1.018521534998218	52.39719716524542	8.245754332938821	7.765060702991739
6.687455090145315	1.325045513924986	41.831191115466936	7.697840154772618	7.765060702991739
5.716142551183631	0.7702322876054827	41.794122565965914	9.923226983866133	7.765060702991739
7.15327674852472	1.0802970744637705	45.69105802484602	14.002594458438727	7.765060702991739
9.2632962171151	0.8049352296719765	42.09938206135093	9.95609539995407	7.765060702991739
5.998253040124365	0.609241369822951	44.171638715650666	8.494388886005268	7.765060702991739
9.348452951114627	1.3324885974379872	46.26570319970881	19.60135821448887	7.765060702991739
4.2459237545635835	1.1796784341581497	45.8742320591263	10.15964516418597	7.765060702991739
6.318967461103417	0.610570763029308	45.472396811786744	11.637847154702692	7.765060702991739
2.879221517020955	1.4997535472484278	47.96302654904546	12.213976158814202	7.765060702991739
8.115188547416677	0.8838818073438346	43.51187515521088	7.075297311564974	7.765060702991739
8.749613396909346	2.683043820838568	53.76287963861353	14.536255289323867	7.765060702991739
11.987057934156278	2.5213748105170506	54.06926452875624	9.881995744446602	7.765060702991739
10.824388810238556	1.7503878954855228	54.01249746606767	11.381662762110565	7.765060702991739
14.106983790860035	2.0434492867587	55.83346580802061	6.944124671150194	7.765060702991739
8.147082774370247	1.2117262857909414	47.56941369119282	9.405199321795028	7.765060702991739
14.190169131786938	0.24033906850799996	52.275476707901895	6.4480110457865525	7.765060702991739
11.29980924253792	1.081549680251816	55.860774538338745	11.343114457207438	7.765060702991739
15.81364962637233	1.6534778556415726	55.437273534656775	8.050793865284955	7.765060702991739
11.074480037186333	0.731557652905782	53.363688282981954	10.102169730439195	7.765060702991739
11.666172555775573	0.25548299900070304	55.83346580802061	8.684062005834935	7.765060702991739
17.82335250828042	1.6838095206353514	55.85961152379334	7.140122492852903	7.765060702991739
21.89699941464787	1.8219008861460257	55.860774538338745	5.671785871636121	7.765060702991739
21.286346116148525	7.1416227496874045	55.86139788689064	6.312793039970555	7.765060702991739
18.014778157835135	2.934730484956038	55.475404147204124	7.375927444335384	7.765060702991739
15.511832915897815	2.560303325650839	54.0623961071148	8.41634994336135	7.765060702991739
15.693066739396295	1.7527178879972498	55.438674803521494	9.371292632210524	7.765060702991739
19.177960355046608	1.4290481427801622	55.50831953131875	7.2479480038163375	7.765060702991739
19.045070309375912	2.2244928452794746	63.285759857739784	8.491718144621645	7.765060702991739
14.496012131843464	2.6782952938210105	63.29167824390601	14.302747974399935	7.765060702991739
15.864768385640897	3.15167715360799	53.43844551459326	7.111663905086123	7.765060702991739
19.256749381735666	2.6220930370913833	63.29283162692118	7.378501536924437	7.765060702991739
10.010346822716437	1.8866985209420157	53.4264308370235	8.714434137174397	7.765060702991739
15.320523678164323	1.4818286323454708	54.06201000463915	10.970306478744828	7.765060702991739
14.518184471927105	1.985334968018426	54.0643957853479	11.03407490785925	7.765060702991739
8.452486913770768	0.5252392058257347	43.946842840792606	7.616765577675577	7.765060702991739
10.00216485805677	1.3097814223962614	54.0643957853479	9.731305804706894	7.765060702991739
6.132023086952025	1.2521157797446556	53.436068888958154	10.547296172911082	7.765060702991739
4.770559206845924	0.9601265283792918	43.887390852177454	9.559546507266285	7.765060702991739
12.51853976354183	0.1592427505042584	54.0643957853479	10.780023289999967	7.765060702991739
7.447101214118274	0.4115409116751536	54.06201000463915	12.56807719873098	7.765060702991739
5.308125557508675	0.1943300942472462	54.06201000463915	10.014972838788228	7.765060702991739
7.488353883585374	0.24083473022106533	54.0379320200738	8.87262586984212	7.765060702991739
14.027690985152395	0.215869812713356	54.0643957853479	12.682764417547324	7.765060702991739
6.381687360127232	0.10254614692312168	51.80377416609746	8.382715746839237	7.765060702991739
5.67392030335371	0.3344561164601905	43.13410614437174	7.3725570606601	7.765060702991739
11.417764649137764	0.6172565133568407	44.187232110186656	4.756228590000094	7.765060702991739
11.152828849711206	0.06592772057276029	53.790981388557384	7.872274596337624	7.765060702991739
8.747781452143615	0.25571581573935415	54.16064103506812	9.264121546434913	7.765060702991739
10.88370119703288	1.2341195020940205	57.68808804141923	8.914935752781119	7.765060702991739
14.337917459781213	0.8811865691896127	63.75188168778455	10.263927292347251	7.765060702991739
15.154188657026985	1.9868850281254904	57.68808804141923	8.639396088982892	7.765060702991739
10.027246857110633	1.423228261741988	54.07965315266053	7.739211240181393	7.765060702991739
15.726178821541486	2.086173412415001	63.75188168778455	12.561741838358625	7.765060702991739
14.372550371305705	0.9797583620579966	63.405431340239986	12.565918904315232	7.765060702991739
6.6787887682987055	0.10662949031254898	43.83667526719281	7.820792283035031	7.765060702991739
9.925042376150563	0.10763248810408287	53.44589555391719	9.44510627548037	7.765060702991739
13.502721104423394	1.3914505157882178	52.25351992101055	7.043340791834467	7.765060702991739
7.249281648071876	0.19334311552590655	54.037321452653664	9.860757821197696	7.765060702991739
14.891579005938105	1.6770833773687825	54.12006340663372	10.680496976340322	7.765060702991739
13.220790289779517	1.9248142636618357	54.15782163186767	11.570150606091703	7.765060702991739
5.366511712659635	0.10952076009655645	45.57443207684587	10.231338712858502	7.765060702991739
6.493496720272238	0.6932357484939297	45.87985787793368	8.41488888827959	7.765060702991739
5.143682869126904	0.12996943695019694	54.07808684711848	9.13317445739462	7.765060702991739
13.870219437978335	0.5514413952035295	63.7580468198194	12.26686571401057	7.765060702991739
3.617779201969313	0.26976141336629417	47.48635092088767	11.555335955877384	7.765060702991739
5.063246668225677	0.3835580956665106	63.75188168778455	12.825463777229135	7.765060702991739
5.852412815659112	0.4514100574363654	43.10773372473058	7.593862286752119	7.765060702991739
4.713364380076438	0.18189576315639702	52.391095514732484	8.458364249241331	7.765060702991739
6.388976222535831	0.624541277942285	54.44251240263417	11.108834073560235	7.765060702991739
11.554335234606704	0.5323512934340522	63.75188168778455	11.278105263763077	7.765060702991739
4.616855529566307	1.0807242086603974	41.825726284205665	8.12213474062286	7.765060702991739
6.789714982516682	0.9830476151540565	53.75410917717051	12.329807490481972	7.765060702991739
18.061146338385125	1.0748970395084807	51.22234352182836	11.52985487030995	7.765060702991739
14.489398020633992	1.115468091487444	51.024068268753474	7.073063031444872	7.765060702991739
13.048704110364795	2.7198253277773903	54.059558112862035	8.931033338516569	7.765060702991739
11.853921478680226	1.5801520121727661	50.997744330084316	9.287466400352603	7.765060702991739
15.797850248713287	2.4114830233961966	52.40494263068414	7.397851150388261	7.765060702991739
17.78780133972372	4.234027429401343	52.57063447566559	8.937701105790937	7.765060702991739
16.41848797388083	2.845342896041724	52.095215545979514	6.377765223126852	7.765060702991739
16.981303146275042	2.86563352889783	54.10780706950999	11.239761564256327	7.765060702991739
13.263697618373406	2.8304718052034628	53.138097296121614	8.348969850629345	7.765060702991739
11.433431678906064	2.108019435474225	43.95215781546304	6.877855425799575	7.765060702991739
13.935188807995084	1.4748784934684744	52.42827572959259	8.024702432983805	7.765060702991739
12.909724211645447	2.975189959310048	52.41422699447	9.98956560792309	7.765060702991739
12.620670308091656	3.23055694535845	46.53081980633298	10.027513602331252	7.765060702991739
17.822792051343725	3.0511353057081054	52.50739070154874	8.345974099052789	7.765060702991739
16.316249194487042	3.184606732212241	51.324770310338316	8.035816498894267	7.765060702991739
18.00555846625616	3.6232042342252635	54.035485432386984	9.555317959969177	7.765060702991739
17.842699517760817	3.0176163112259076	52.1745064238046	7.422625809560567	7.765060702991739
22.618469340531306	4.0801445155006215	53.27834349215609	5.927385180830287	7.765060702991739
20.091659189046194	4.1382949265368785	52.23462148376079	6.935929098386419	7.765060702991739
19.440932365390307	4.615051437687077	54.33887225046604	10.932672442828956	7.765060702991739
19.09683426826795	3.6085343035134883	52.42824909388198	8.081154509513901	7.765060702991739
12.329453893866306	3.288756354977132	51.16820713969015	6.742790343237163	7.765060702991739
15.162546805506242	2.834929280990159	52.417410591194226	7.078087447510382	7.765060702991739
15.774822577318474	2.3324499666944907	51.39368563331675	6.937363818638045	7.765060702991739
14.700953973897295	2.4720316305631256	52.55398139787638	6.966344266275435	7.765060702991739
17.641766590114614	2.8158664547645853	51.25075143684628	6.593489608229367	7.765060702991739
11.07314396355594	1.734550494476239	56.912699649587076	13.275110782934542	7.765060702991739
17.044865000439422	1.8232622676463865	59.032753353747246	10.463024444148525	7.765060702991739
13.893520434538384	2.160503849484688	54.07811882209704	10.196096040383337	7.765060702991739
15.149187472283552	1.0118970567074128	52.37530067986556	7.869684583471033	7.765060702991739
16.331602713746364	1.2935899138111662	52.39407153312821	8.943194200292503	7.765060702991739
18.580828097025325	1.8652145049900999	52.46483927296431	6.190660927214254	7.765060702991739
17.886311395334555	2.6054987221246972	52.42915054064091	6.6827737973204195	7.765060702991739
17.57577230614144	2.851940295534175	52.43313038755915	7.258274811450454	7.765060702991739
19.966611796980146	2.787994941044594	52.497475534366615	6.002449625297888	7.765060702991739
18.160843515617444	0.9939239297229812	52.40658210434367	7.789950158202423	7.765060702991739
16.500171279428052	2.978833277972428	52.180148626931135	7.966678902935982	7.765060702991739
18.34795269970389	3.0825480542575114	52.689594332217226	8.3141749513678	7.765060702991739
18.740591522541823	1.7846740898268165	52.60914508984135	6.471008584842461	7.765060702991739
11.710232811625966	2.719873344793537	52.46778338457809	8.576661204042356	7.765060702991739
20.052954898396738	2.8302165454068113	52.47145254169797	6.330900262077409	7.765060702991739
17.17109387328466	3.148267945106538	52.46084406151677	8.573305113859359	7.765060702991739
19.25048759384503	3.376023625811002	52.43868506744102	7.592333388535562	7.765060702991739
18.76085852942735	3.047489378886234	52.39667537261886	8.170515313216255	7.765060702991739
23.354222254032205	9.517833111237115	51.685341706974526	4.872770941262067	7.765060702991739
20.18395484909452	3.918447826742498	52.92997808182007	6.55628289460213	7.765060702991739
21.95967613115124	3.9142678428199793	54.8101431434354	10.031316762379097	7.765060702991739
15.805866043190711	3.946454402454009	51.65981832621257	10.409127813527345	7.765060702991739
14.954823180081233	3.076090926550475	51.51797150471543	8.240529576845976	7.765060702991739
14.394846353060949	2.484368048480571	51.63065131873181	8.187637885456859	7.765060702991739
16.213708736333224	3.276830470906921	51.65518010711717	7.1934182782396245	7.765060702991739
15.857315996776352	0.9007628772602578	52.39560972342723	7.350747194794391	7.765060702991739
13.88934940527638	4.373823783702289	51.60638885413295	7.221435643658017	7.765060702991739
19.9020728202086	3.316310344021892	52.37723331662591	6.3984314416035275	7.765060702991739
19.824836327090395	4.120252759129552	52.49309127192695	5.643576753626039	7.765060702991739
13.637447109962803	2.0516864655077147	51.17232091747707	8.729305625753838	7.765060702991739
19.415257327138423	2.1539011153936345	52.43766125184398	6.603103770424935	7.765060702991739
15.667716952560802	2.689355478462015	52.80740790601948	6.589383716539875	7.765060702991739
12.406174263022782	1.932799249471287	51.592990765324515	7.890139411222227	7.765060702991739
10.546024237437134	1.500204648846908	51.90463538286179	9.854843274034252	7.765060702991739
13.271745340891684	1.6173873001519516	50.17076716882214	5.621252986384677	7.765060702991739
9.512837279238914	0.7929934283989998	51.14600708613725	8.678811194265908	7.765060702991739
19.056131993038612	2.310051920434432	52.37214758978583	7.494612894528646	7.765060702991739
17.068601130037806	2.291894776830624	52.36634840604776	6.1902977377324335	7.765060702991739
18.006473749131636	2.043872877931512	52.09543948646371	7.419590369948533	7.765060702991739
19.258052049077154	2.0030976942023027	53.01020229758276	7.196985728901185	7.765060702991739
15.994614218874748	2.397071684238676	53.043573649929215	7.175617161494128	7.765060702991739
19.484318286646214	4.888732941704272	51.9129786702918	6.048362752803603	7.765060702991739
22.385278414824796	3.1198195612994897	52.94351652698916	5.334780049964514	7.765060702991739
22.799210913946336	2.590060238718802	53.56558308870442	5.077093576413791	7.765060702991739
20.072367774038135	2.2526238418082056	55.57063778321233	8.830719416600164	7.765060702991739
21.162782984025316	7.396256362654488	53.67580543260931	5.191424773500112	7.765060702991739
21.950069645344954	3.08419320125796	53.77210141698976	4.826685664888221	7.765060702991739
18.361649483635023	4.33008860715861	53.755216883687055	9.673994419538282	7.765060702991739
17.672200839583745	2.4626156378850954	51.96060718658723	6.826432471914986	7.765060702991739
18.559774038871975	1.9814623523515829	52.3957720188641	5.748411825321809	7.765060702991739
15.604852412828691	1.6459890194356739	52.31179308703992	7.023246122072666	7.765060702991739
10.811836819906267	1.5356012275310158	51.94082391825675	9.56017611986214	7.765060702991739
11.753639158444132	1.0935471738149058	50.97485900365134	7.348134910958073	7.765060702991739
14.443195447391409	1.4715937350859976	51.933946160618405	8.0678622073746	7.765060702991739
11.838445910293974	2.4863138585409046	51.563831821681624	8.786551801439474	7.765060702991739
11.025828495794698	1.3149063764747764	50.733190182006986	6.997140514159534	7.765060702991739
12.423910923780163	1.3121239032405416	53.69916346335128	8.091299194209702	7.765060702991739
13.373408782315616	1.1255952735538832	51.94063221802997	7.755102734933985	7.765060702991739
14.15911575543979	0.9155912763623232	51.94623658827227	6.203033908666691	7.765060702991739
13.22767425796652	1.1688276226259666	50.958236290069856	6.472004123408081	7.765060702991739
13.266641972579777	1.1773665933776731	51.09590547782998	8.457315278226725	7.765060702991739
14.12611492542872	1.1233046181156914	51.36996571817796	7.267887459558898	7.765060702991739
18.005631991906604	1.392333928671958	51.581109333586674	5.3602301916092046	7.765060702991739
14.556748785942	1.5605340024061756	52.41780221539801	7.5571102284196074	7.765060702991739
15.720214778374288	2.5700219956839927	51.578790385816085	7.187060820355607	7.765060702991739
16.390110748109134	2.8128131046195586	52.34278417281866	5.894496943868061	7.765060702991739
17.12766424182726	2.219382102295418	52.40520738552288	8.054862377279681	7.765060702991739
16.361479988978957	1.4835849174242959	52.40266829227404	7.896795910641015	7.765060702991739
15.222797948232465	1.098611613117597	51.893738032648464	7.123482360391715	7.765060702991739
9.762319364025982	1.6229294005011536	51.10887669761377	7.169398827242061	7.765060702991739
8.384901248434288	1.0874150004741763	51.112718863429706	7.623452858108197	7.765060702991739
17.543605759288123	3.0372287696457314	52.33431748546002	6.457254705976224	7.765060702991739
11.26938343083221	1.0549062073363185	45.89731246506329	7.842867336883049	7.765060702991739
16.20889249208239	1.6479281050218215	52.284568837147646	6.256824775238352	7.765060702991739
16.759464270011694	0.6317803255739219	52.331024047986986	7.375894351676645	7.765060702991739
18.1355725630157	1.0990269581611545	52.28834628246733	7.750952792297213	7.765060702991739
16.719726164940866	1.1890926977077991	51.96524744123136	6.948143555966138	7.765060702991739
16.617096689032035	0.9324917088680156	52.355029102504965	6.9779578526620725	7.765060702991739
18.74270792094463	1.861783346419368	51.88797539553496	6.197660481286135	7.765060702991739
18.611271526630496	1.8995983885279506	52.37368602642963	5.829883132310669	7.765060702991739
19.172584381441172	2.566370787888146	52.411156409962416	5.47659649097546	7.765060702991739
18.020129234091847	1.807684500124621	52.25514616319085	8.547822270727739	7.765060702991739
17.394094439170253	1.3342441789602921	52.305907351398226	6.5858764128151694	7.765060702991739
18.647533145622443	1.6452973308383734	52.31935607784861	6.35550331929527	7.765060702991739
18.259047683170305	2.7361348402244428	52.80704078701847	6.807311292229956	7.765060702991739
15.754988387154627	1.5981135257538983	51.70111371831295	6.969520729990775	7.765060702991739
13.26165289083619	1.493209921884604	51.09818389900035	6.281742336119747	7.765060702991739
16.158910357611283	1.9895125199506947	51.10657177618323	7.994503010319681	7.765060702991739
13.262632301164727	1.841629514723184	51.878565714634476	6.631203143690965	7.765060702991739
14.215228574436944	0.977401902416778	51.89766008150915	8.418952097461448	7.765060702991739
13.172844365366743	1.2898999987245	52.31457054351723	7.606520702060775	7.765060702991739
16.386948204817763	2.302605291733449	52.3592901132774	9.614974722882625	7.765060702991739
15.01176235976959	2.6257782188821523	51.89925427915185	9.601709470382309	7.765060702991739
17.966167781583607	2.380201081618894	51.91041939684187	6.233266781749122	7.765060702991739
17.530826543773948	2.1621710468924693	55.664445570298106	9.617976644660121	7.765060702991739
16.851041709096517	1.1350908968888909	52.41088152293006	6.790955305426178	7.765060702991739
19.375504356738688	2.295016618756056	53.78878535852945	5.957808061487271	7.765060702991739
17.881950262969333	2.647512353734404	52.49012505332389	6.44906818169642	7.765060702991739
17.467687693423834	1.1582909623390214	52.38018862158331	6.801769342026459	7.765060702991739
22.4913225725078	9.256520020259469	53.23725689426043	5.729664552657324	7.765060702991739
16.547983426840634	0.9001501129135737	51.89028591469135	6.7619170335378955	7.765060702991739
16.413743541513163	1.8849960211063341	53.0502897908131	7.958508584756918	7.765060702991739
13.702705785922435	0.9750073698816061	51.35436442185822	9.569962517910453	7.765060702991739
16.176327097577257	1.8762236512737147	52.52642851912328	7.470983480349157	7.765060702991739
17.932462723769948	1.454108207103049	55.509778336199986	10.783330345003073	7.765060702991739
15.80235210517527	1.4862778391953908	51.21556539413564	8.364601763454251	7.765060702991739
13.988374284497278	1.3444882205120618	55.71427833465518	11.75411879171237	7.765060702991739
16.257125723401007	1.8848137162143495	54.65740461880097	8.679136793702511	7.765060702991739
14.443728774864612	1.8246222387696138	52.267817129716406	5.390948491633838	7.765060702991739
14.770717573936654	1.8163766556228278	54.814119195002235	6.666034478467955	7.765060702991739
14.331098890481222	1.9494445239533402	51.09144924979481	5.541758574785996	7.765060702991739
16.46353483839128	2.0375182698308767	54.179475629788676	10.708308278033899	7.765060702991739
18.910630747444646	2.0581234258224126	61.4672523055953	11.22783969476988	7.765060702991739
18.804689149227986	1.6715639830205282	54.05589266615299	9.446642364678937	7.765060702991739
17.111599520910236	1.6154022846859075	52.336997043364825	8.881365267876692	7.765060702991739
13.724218356967755	1.1625687997293375	52.31460682383238	6.637862909273339	7.765060702991739
15.934451612234364	2.1691705008181583	55.555558195150304	13.192276782772598	7.765060702991739
17.174730256747786	1.9874381499597786	54.30666424685378	9.020907036910266	7.765060702991739
16.89272984229954	1.5539195632423515	55.58854358156447	12.164875195213241	7.765060702991739
19.958976674047733	2.6051940584230993	59.734431650523035	10.722845211021239	7.765060702991739
14.691111715623336	1.5871568298166434	52.78276502144264	7.367505849060905	7.765060702991739
14.034824734551039	2.3255145657840512	44.042686411995234	6.785666020366271	7.765060702991739
11.808818752519365	0.8568222323535728	51.11808869102259	12.239093170647916	7.765060702991739
16.284931180223488	0.9320847536177362	53.921626246038656	12.22415735837841	7.765060702991739
14.79573132424695	1.719990366771167	53.933324773285804	13.963812152168463	7.765060702991739
13.364698966859427	1.0421161443518847	51.909460774497845	7.501800692400072	7.765060702991739
15.622390294695762	1.316110776733028	52.90254854201223	7.228713810910014	7.765060702991739
16.312385580779	2.0794580760701686	51.89778018885809	10.003223661907551	7.765060702991739
13.65868472786358	1.8424841846506483	55.57642404737589	9.6501343887177	7.765060702991739
14.949305961658297	0.5703469600614939	52.30292566078199	10.461665413635586	7.765060702991739
12.909471971794503	0.9501073534895311	51.97608579920632	10.032919621329489	7.765060702991739
15.244282135852657	2.8198961647196414	52.34231035653307	6.294522073754203	7.765060702991739
15.803701977226254	1.5377938253931844	52.16276882305011	7.664693349935378	7.765060702991739
15.327833193400235	0.50186171980345	52.30263506844066	6.737710931717691	7.765060702991739
15.540832412284118	1.5065401565621328	52.34316251628327	8.453956354315919	7.765060702991739
17.124185087441973	1.0954436961155434	52.310558451242834	7.456398646743287	7.765060702991739
14.078088465447484	2.0690069065868144	51.22686482781258	7.5967629703503645	7.765060702991739
14.512237340859489	2.5191445306802596	51.087749129844624	6.801150568559953	7.765060702991739
17.926532354197036	3.346703527955418	52.31031679954905	6.599026950750776	7.765060702991739
16.787046287108677	2.8981925096908014	52.44951592494397	6.472631687693115	7.765060702991739
16.86808521724669	2.590059062751138	52.01196342856613	7.28914275390345	7.765060702991739
12.602504182124653	1.3554765812072564	52.30981129805188	7.340502917082233	7.765060702991739
17.646745536391816	1.2479649431646334	52.375643209027245	7.753531080086015	7.765060702991739
16.72692178585664	1.3405089009051414	51.99713559986968	6.366496021796096	7.765060702991739
18.408392510346587	1.5265340045984075	52.99478680471672	8.169525791258115	7.765060702991739
13.77652371814954	1.8460840248518833	51.13107311180138	5.461793580634138	7.765060702991739
16.302327539044764	2.195208190482457	51.80910380935556	7.111729748403397	7.765060702991739
16.337836311992305	1.792201432128342	51.93786978239528	6.343994999715116	7.765060702991739
15.241864229345348	1.457827960649565	52.32962439495875	7.450274837540571	7.765060702991739
14.760501689291063	2.484717774012064	51.89914640293457	7.841928824527909	7.765060702991739
16.913541443571123	2.2957779972290338	53.557167698179484	7.818904863628964	7.765060702991739
16.25936964918267	2.7517186436558614	52.32743371460802	6.848125680441842	7.765060702991739
17.84040240175076	2.471001886860781	52.41871731335302	6.456707912345159	7.765060702991739
16.460743259088353	2.1750529028802634	51.90158076340342	6.407561015375533	7.765060702991739
14.091894293246886	1.4533582583671696	52.34184481354272	5.150116847424667	7.765060702991739
16.6390944323422	1.9897092050876555	52.37675085002712	8.273939204447796	7.765060702991739
16.37325172439998	2.460193590910574	52.320300438219725	6.902929768061789	7.765060702991739
15.908246592276793	1.3527132928977503	52.358031389932265	5.671263344173509	7.765060702991739
16.058175811483476	2.264228126074407	59.8211784882332	10.132529960991523	7.765060702991739
15.643689393525987	1.525323341150054	52.364655783281194	7.820420406854862	7.765060702991739
15.743904904163902	2.4917138640794785	52.34671676174357	6.020814750063939	7.765060702991739
16.7881666511278	2.2659733805661055	52.36963109285082	6.868926140691704	7.765060702991739
16.002226964923466	2.153333856228841	52.34080324524361	6.672677409322015	7.765060702991739
16.169676906865813	1.9374676166994778	52.36967296063471	9.102533389111661	7.765060702991739
13.14866556207159	0.8882042470784867	52.32947829343379	6.837727143791779	7.765060702991739
16.10909530551091	1.3934061632953105	52.34388476718146	7.360993298008511	7.765060702991739
18.686665956270538	2.85142623187756	52.41176974405932	6.282498300875522	7.765060702991739
14.038287743150393	2.5212381560809667	52.35111911925217	9.00822678971512	7.765060702991739
16.73458084277182	2.2056890382026997	52.3734866654933	9.09533895901644	7.765060702991739
16.209911445754916	2.4455074568013906	52.378406214070715	9.337421198260078	7.765060702991739
17.418907652224714	2.0852021221840755	51.19024208379648	6.7813808069004775	7.765060702991739
18.41417469069473	2.286787641192104	52.3656970197239	6.3115007513351085	7.765060702991739
18.557528861753717	2.3023075858630357	52.35015587128758	7.177755509508868	7.765060702991739
14.935701667239703	1.8511120110470571	51.67602574120663	5.968590543300698	7.765060702991739
15.518460903739651	2.116743202817903	51.889485312580966	5.65152901677086	7.765060702991739
15.97127212639847	1.9568825673543924	51.93031071057938	7.115808996118789	7.765060702991739
15.770876953014554	2.2412254120457975	51.86571617161695	6.109251903023094	7.765060702991739
13.92875476118497	2.066720711998523	52.09846638010255	7.401587525322093	7.765060702991739
16.18781472250094	2.5318848829819656	52.16404015189111	8.737842916079547	7.765060702991739
16.245331585010167	2.5506512182776273	52.36901302978115	6.615607922518636	7.765060702991739
14.733548405886268	2.6730372395051	52.31194036955007	10.295042162287013	7.765060702991739
15.967654737642723	2.2453837695480052	52.325451621179496	5.991093874180551	7.765060702991739
15.308985978121447	3.795762491557104	52.114511360906	8.028042260655706	7.765060702991739
16.364976059630294	1.9088163020713003	52.07162256427628	5.168989909757045	7.765060702991739
13.968509608741972	2.514172438068556	52.34834159685366	6.59914650954978	7.765060702991739
15.81826282726208	1.7386200458271757	52.38164782087753	8.495049246000342	7.765060702991739
14.78650196040652	1.988534090086427	52.35918654840869	7.345845652135742	7.765060702991739
18.979452617400586	2.1320456231035947	52.32537185925608	7.2212978486628385	7.765060702991739
16.563771345643417	2.5990656735780515	52.31113000625609	8.231679520990514	7.765060702991739
17.833501350287435	2.8949651921766635	52.350937830519	7.074511442184045	7.765060702991739
18.41783829097911	1.3273621644141858	52.30154004425278	9.48279895842707	7.765060702991739
13.530351193444577	2.444141464101607	44.28497532885578	4.858919998742545	7.765060702991739
14.451093451521809	2.161802979019179	52.069013447834266	7.273918281364276	7.765060702991739
14.635533293471964	2.554365300078026	51.08462550833143	7.050423897154772	7.765060702991739
16.576736577890838	3.2494907999727056	52.30752599063166	7.022455348755722	7.765060702991739
16.987987290284853	1.0853030377778383	52.36806949886724	7.033858658832102	7.765060702991739
18.57972209400058	2.622063348408992	52.333625712272955	6.5984634313979615	7.765060702991739
15.734044731242198	1.7124558702542252	51.908287647130194	6.423906112452663	7.765060702991739
14.051884083046588	2.046433812279695	52.36475254535693	8.06519216072181	7.765060702991739
13.575013168414479	2.395735101837675	44.237036005610996	7.813489639189827	7.765060702991739
17.242043071398356	2.3966840444757884	52.34252376572889	5.849964728300469	7.765060702991739
15.128397222033367	1.7957168960228098	51.897362819679685	6.313260487173946	7.765060702991739
17.005333865450222	2.013299248438984	52.39896237073448	4.0050166351056316	7.765060702991739
16.462935683619783	2.5440656051532073	52.096628568926945	8.669286889879976	7.765060702991739
14.595970516197275	1.2371797029361893	53.82259981742555	10.326505019284927	7.765060702991739
14.483060965585846	1.3720779722672913	52.336415440569624	9.719119319677818	7.765060702991739
17.248193297156195	1.6150649634488963	52.32153426516938	7.035437148291185	7.765060702991739
