mean_dist	min_dist	max_dist	agent_within_SS	expert_within_SS
371.94983003991405	281.76636722861355	480.98110019689216	42.82442201633016	7.765060702991739
263.0136744384287	148.5443346626758	365.29597377609275	46.2870000602005	7.765060702991739
109.13507245290349	22.640843071129535	213.8781654039243	39.004042562181105	7.765060702991739
227.28185802643492	72.09096530953711	389.3438605792056	84.64742136016875	7.765060702991739
630.8441448518203	531.2394482401861	884.0969913273723	350.44871606511094	7.765060702991739
660.8074862667949	581.7087146186115	730.3077807571505	21.430998283706536	7.765060702991739
1243.652948955379	11.764761402261778	4075.746642610015	1750.2515684222926	7.765060702991739
2436.9391674156795	34.93796700527291	4075.746642610015	1973.5080732507565	7.765060702991739
4069.9860584175453	4058.5195383546384	4075.746642610015	0.3117691453623979	7.765060702991739
4069.9875645649317	4058.5341988464684	4075.746642610015	0.0	7.765060702991739
4069.9875645649317	4058.5341988464684	4075.746642610015	0.0	7.765060702991739
4069.9875645649317	4058.5341988464684	4075.746642610015	0.0	7.765060702991739
166.0847985595088	116.82498461147816	215.55710590588458	20.30570403279359	7.765060702991739
112.31937682843697	47.7037069717525	178.94969288650188	30.055495470238146	7.765060702991739
80.4322204840061	43.84629598494216	127.43718459336986	14.199701594556924	7.765060702991739
73.452007736359	34.268629385149396	115.75782392275796	11.236415819210553	7.765060702991739
89.4277575125074	45.34550316663865	130.1486081417972	16.182541682153165	7.765060702991739
122.5107383141164	13.211652581205769	250.9787888827499	91.75352620448731	7.765060702991739
435.85891070458365	18.06428105257947	4075.746642610015	756.1159744988662	7.765060702991739
2844.8044107121254	275.31636285484467	4075.746642610015	1722.6897005008402	7.765060702991739
3252.9728167503795	281.8774610063978	4075.746642610015	1312.4362540537352	7.765060702991739
3252.6004168066765	281.76688918855814	4075.746642610015	1312.4926666284985	7.765060702991739
3661.2325796948608	218.4535219775117	4075.746642610015	737.2296519755419	7.765060702991739
4069.9875645649317	4058.5341988464684	4075.746642610015	0.0	7.765060702991739
4069.9875645649317	4058.5341988464684	4075.746642610015	0.0	7.765060702991739
4069.9875645649317	4058.5341988464684	4075.746642610015	0.0	7.765060702991739
4069.9875645649317	4058.5341988464684	4075.746642610015	0.0	7.765060702991739
4069.9875645649317	4058.5341988464684	4075.746642610015	0.0	7.765060702991739
4069.9875645649317	4058.5341988464684	4075.746642610015	0.0	7.765060702991739
3253.0224434470397	174.41739042626045	4075.746642610015	1309.5034944889321	7.765060702991739
3660.863096533688	37.1707080704893	4075.746642610015	736.4712043250571	7.765060702991739
3661.4564332703917	34.89978326286385	4075.746642610015	735.3921892422243	7.765060702991739
3661.75505056831	29.488560209543113	4075.746642610015	734.85332863086	7.765060702991739
3661.1318833560404	360.0519552884456	4075.746642610015	739.6055269369774	7.765060702991739
3661.077115677094	406.8282615963848	4075.746642610015	740.6462035340292	7.765060702991739
4069.9875645649317	4058.5341988464684	4075.746642610015	0.0	7.765060702991739
4069.9875645649317	4058.5341988464684	4075.746642610015	0.0	7.765060702991739
3660.9321002366455	407.06688202270317	4075.746642610015	740.9077471662744	7.765060702991739
3661.1610476937067	35.61359579048716	4075.746642610015	735.9317375952021	7.765060702991739
3253.3184343024573	406.6093598947762	4075.746642610015	1317.780261038358	7.765060702991739
3660.9641018960715	489.69284747580315	4075.746642610015	742.7650389808243	7.765060702991739
4069.9875645649317	4058.5341988464684	4075.746642610015	0.0	7.765060702991739
3661.335516814436	240.37071688668794	4075.746642610015	737.3281981420772	7.765060702991739
4069.9875645649317	4058.5341988464684	4075.746642610015	0.0	7.765060702991739
4069.9875645649317	4058.5341988464684	4075.746642610015	0.0	7.765060702991739
4069.9875645649317	4058.5341988464684	4075.746642610015	0.0	7.765060702991739
4069.9875645649317	4058.5341988464684	4075.746642610015	0.0	7.765060702991739
3253.5423588661024	33.7608007408987	4075.746642610015	1306.4037486167506	7.765060702991739
4069.9860584175453	4058.5195383546384	4075.746642610015	0.3117691453623979	7.765060702991739
3661.728805749931	32.9767778350072	4075.746642610015	734.9233853033761	7.765060702991739
3661.5018440158674	27.695727332690414	4075.746642610015	735.3046809309286	7.765060702991739
4069.9875645649317	4058.5341988464684	4075.746642610015	0.0	7.765060702991739
2027.7170168153793	29.46234777152	4075.746642610015	2048.517024008647	7.765060702991739
3660.922891751951	398.91208607259034	4075.746642610015	740.7515689006115	7.765060702991739
2843.59505757844	30.34145953421929	4075.746642610015	1719.8749594929436	7.765060702991739
2845.8528408432867	398.66231496750294	4075.746642610015	1729.911334220436	7.765060702991739
3660.99694741517	447.1092593673079	4075.746642610015	741.6761534951729	7.765060702991739
2844.391511531988	248.20875236739874	4075.746642610015	1724.3741150679646	7.765060702991739
3660.9979804090285	392.57224100140263	4075.746642610015	740.4842811932045	7.765060702991739
4069.9845596406367	4058.5195383546384	4075.746642610015	0.5542562584220407	7.765060702991739
4069.9875645649317	4058.5341988464684	4075.746642610015	0.0	7.765060702991739
4069.9860584175453	4058.5195383546384	4075.746642610015	0.3117691453623979	7.765060702991739
3662.020318188058	20.42234496557747	4075.746642610015	734.3672730851853	7.765060702991739
4069.9875645649317	4058.5341988464684	4075.746642610015	0.0	7.765060702991739
4069.9875645649317	4058.5341988464684	4075.746642610015	0.0	7.765060702991739
4069.9860584175453	4058.5195383546384	4075.746642610015	0.3117691453623979	7.765060702991739
4069.9875645649317	4058.5341988464684	4075.746642610015	0.0	7.765060702991739
4069.9875645649317	4058.5341988464684	4075.746642610015	0.0	7.765060702991739
4069.9860584175453	4058.5195383546384	4075.746642610015	0.3117691453623979	7.765060702991739
4069.9860584175453	4058.5195383546384	4075.746642610015	0.3117691453623979	7.765060702991739
2029.4586476931481	21.234628719778737	4075.746642610015	2041.7250708224306	7.765060702991739
824.9567329191104	32.76113042412711	4075.732044031699	1322.642167729305	7.765060702991739
1226.7533102704076	34.67497897139473	4075.746642610015	1732.2125320490645	7.765060702991739
1233.0425553323291	34.67497897139473	4075.746642610015	1730.3396871460307	7.765060702991739
824.5199985853442	21.885296049186568	4075.732044031699	1340.9580241565734	7.765060702991739
1226.7450217074747	21.21647385381305	4075.746642610015	1727.1673496528608	7.765060702991739
2436.5759453565884	22.26804155276801	4075.746642610015	1965.717513134589	7.765060702991739
2029.359351733248	20.025115885829337	4075.746642610015	2044.3018482688738	7.765060702991739
3253.9888459116123	32.64167836779639	4075.746642610015	1305.6852940086085	7.765060702991739
4069.9845596406367	4058.5195383546384	4075.746642610015	0.5542562584220407	7.765060702991739
4069.9786382379434	4058.5195383546384	4075.746642610015	0.831384387633061	7.765060702991739
3660.856578939173	37.1707080704893	4075.746642610015	736.471797421599	7.765060702991739
3660.8598213482883	37.1707080704893	4075.746642610015	736.4716605542432	7.765060702991739
1628.52870850099	10.674592171266339	4075.746642610015	1954.0382271642306	7.765060702991739
108.633123875506	18.905407193807577	246.63352782653104	114.48202478840544	7.765060702991739
459.2751933320219	12.812740020279017	4075.732044031699	779.139254370768	7.765060702991739
877.1758410826906	360.3143106203798	4075.746642610015	1319.6919429035202	7.765060702991739
480.74214430639745	21.583627253726064	4075.732044031699	772.5255375715329	7.765060702991739
106.45021894047015	13.537847015649906	357.27259748755176	162.81814130665313	7.765060702991739
2033.7256891055847	25.262803674425772	4075.746642610015	2038.4426626476638	7.765060702991739
811.877896901715	20.620134024848195	4075.746642610015	1305.8290409642223	7.765060702991739
2439.8179290280154	15.006235306289188	4075.746642610015	1956.3271615308317	7.765060702991739
2446.0671554745836	24.141159974467342	4075.746642610015	1948.889450527326	7.765060702991739
409.25722914101766	9.061434979677935	4075.746642610015	732.5949828982081	7.765060702991739
57.70015908422394	25.350599835778368	88.2702850606565	14.094363895554892	7.765060702991739
54.68480985014285	21.020931175075987	87.93365959480946	13.338133921609346	7.765060702991739
42.93672379803834	11.021008162329503	85.14610498088709	15.483619493530579	7.765060702991739
4.751850983920703	1.3046514949738874	65.55067340094875	18.976482837160887	7.765060702991739
10.116058880256688	1.4147029161703546	40.17212558852569	12.06270322849986	7.765060702991739
6.930269052257249	0.409309843341376	59.090935415334236	12.607265622423231	7.765060702991739
13.486383161893315	2.189640616592728	39.96827432469539	10.719624976691922	7.765060702991739
10.018111947872844	0.694355574874779	43.766930437406415	10.57294218578978	7.765060702991739
4.224599231887908	0.1770332664929162	44.794133268695155	8.478371002509771	7.765060702991739
4.9791022558781535	0.10296691934286344	44.3206828672518	7.658737130990938	7.765060702991739
7.339106382363138	0.3754320295214816	47.89447546636438	9.103927290517031	7.765060702991739
3.7218356691123606	0.9593703261572846	45.22949205689892	11.659525021897304	7.765060702991739
7.227125631539149	0.5409386567673473	55.49988856299739	10.35432320404672	7.765060702991739
6.551190458667273	0.014481906083745088	43.613947156238886	8.21824278233581	7.765060702991739
2.1035984388353337	0.6307666686068675	42.74435744845957	7.353827140654109	7.765060702991739
3.1073456928415863	0.09876502102880048	35.016453969824404	6.418677053652094	7.765060702991739
3.8105778109437627	0.48601534808484964	44.7438644194449	7.73976217245369	7.765060702991739
5.842497286360334	0.42942383568333264	33.48714742563155	6.094718472814907	7.765060702991739
12.04990945184005	0.7634642295435086	36.61227441380455	8.32140217004018	7.765060702991739
5.946203497842101	0.526710460626778	44.316412616342355	7.6274633510498	7.765060702991739
5.799467953071452	0.5445826959805657	43.89757286660942	6.725128396275221	7.765060702991739
6.590356095348785	0.07077613820867062	44.75389202010033	6.355477405182523	7.765060702991739
10.277277061532816	0.695176170069452	46.955238646759504	8.067439954025714	7.765060702991739
9.187562133576481	0.12687356901205074	44.648637962657574	6.9619454737387425	7.765060702991739
13.533050052112	0.3001922921450613	46.56389369860874	6.704982296602411	7.765060702991739
11.651857108374573	0.05595032112848136	44.33811231566353	4.864579287557978	7.765060702991739
14.726120620190878	0.44502694859537667	58.68339428200335	7.17976923737668	7.765060702991739
10.366602973868805	0.21977539992551814	44.796597973977455	6.34652329560373	7.765060702991739
12.742470807306523	0.3423040801408791	46.266632073242796	6.358548062714137	7.765060702991739
9.772747346635775	0.27461055815884405	45.50298361634965	7.407557305473643	7.765060702991739
6.0670704232837185	0.2777107095347171	43.06592230192101	6.065893153209437	7.765060702991739
7.3796502067507666	0.046552939789664564	46.00104932028824	4.707661459590383	7.765060702991739
8.083722597756339	1.0390105327397057	35.46927689350601	5.6516476838882586	7.765060702991739
2.9090203811557447	0.2003071488698775	41.790420418762025	7.737536078459253	7.765060702991739
3.105174343504625	0.2880122416291915	47.856626580675886	6.797441859095118	7.765060702991739
11.471868222787323	1.3070091052840465	44.759996273956965	6.936203334143821	7.765060702991739
9.903368092005993	1.026689627911738	47.004259743478634	7.582263822262173	7.765060702991739
6.575407523403965	1.0873769692402449	42.756639294136605	7.296909683832508	7.765060702991739
4.534975815698313	0.18556328209825979	42.736310979268644	5.878179156265897	7.765060702991739
3.2537932074721856	0.21073084699071834	43.86173895839298	6.632020881792331	7.765060702991739
6.332849592567747	0.16939402713325769	35.03706212223563	5.301935083494524	7.765060702991739
3.068955752608884	0.36756693606390833	41.52414580020413	6.188064722022203	7.765060702991739
2.7721664380560878	0.08045658638334305	43.124599688289784	8.239362888999908	7.765060702991739
3.254972108639234	0.21813361738870382	41.81369911338262	7.451564841242144	7.765060702991739
3.9396231102121324	0.21691966774425236	40.828329106926766	7.25729559886954	7.765060702991739
8.144452007041263	1.0015470207295072	43.07495159419434	6.179261875070145	7.765060702991739
5.875684951673416	1.0773675673960963	45.1151020421806	6.981593147807521	7.765060702991739
7.814890202043243	0.5184811192374233	47.87438794028142	8.188274333678828	7.765060702991739
4.543850929780063	0.1537513214688713	36.23640567474178	6.235197106857466	7.765060702991739
3.7094146757911886	0.2557034479305128	46.67309162930393	6.801142127482246	7.765060702991739
7.386134319244552	0.3244068730275677	41.85288273392244	6.252060887896773	7.765060702991739
7.349164427524006	0.16643251668909773	43.910769298428036	7.93693064901303	7.765060702991739
4.513023485993098	0.32793076520960623	32.76288085233457	6.133709950563468	7.765060702991739
4.677126598959926	0.23246476936576235	33.97863145544377	6.232188180132491	7.765060702991739
3.486687527440809	0.24134746005784127	44.76448181538247	8.721774110831971	7.765060702991739
1.7181429643208652	0.5349248389385589	41.80636547073801	7.409987031024073	7.765060702991739
5.1306609809142465	0.5406646593755728	42.42243881618299	6.521931082295623	7.765060702991739
3.2212918414111167	0.2946877066624167	33.28875426516635	6.052126250332656	7.765060702991739
1.0516905746565581	0.6626949217791923	31.417511637557645	3.4344972067896045	7.765060702991739
3.2218492209940908	1.1119205809180572	31.802457650392835	4.852108658169224	7.765060702991739
2.1336684095589287	0.9074339995475759	41.26087428869776	7.985179717963831	7.765060702991739
8.878986801895614	1.566760394485989	42.689785431827254	10.004000989883735	7.765060702991739
5.164079473550122	1.5921902976728666	42.1464986543147	5.434359927068894	7.765060702991739
3.8699712873132115	1.4076340999293486	41.80959392754561	10.221748235164153	7.765060702991739
8.950714813781438	1.8074088470855807	40.55277331809106	6.240158058781844	7.765060702991739
2.7569621950096566	1.447906669668059	46.20701350057668	9.705036367167665	7.765060702991739
5.185467120722577	1.0376363128400656	41.57395197715013	8.471346878685539	7.765060702991739
3.64551938175818	1.2047661059089854	52.69493560998908	12.317461593423381	7.765060702991739
4.486992130752957	0.8145659632392844	44.31208980729046	10.868031012189954	7.765060702991739
13.238700447452478	1.0880661322029472	54.049236996199745	7.890910191468521	7.765060702991739
14.432403380841086	1.2110341362990975	55.50579976921461	9.742424247468586	7.765060702991739
7.582670321740296	0.19599354057873478	43.96009895706355	7.714948548027034	7.765060702991739
11.152246453225649	1.2037329037458513	50.31832328176801	10.63272422551871	7.765060702991739
10.059128443590616	1.5559618985781347	44.19655440479557	7.627087911677862	7.765060702991739
8.720485490463751	0.7411041339545457	41.360852219635696	6.800181328431917	7.765060702991739
10.233710390589287	1.0758266816880915	54.12761208907003	7.819953750330896	7.765060702991739
13.40334826919051	0.6233926895989821	57.895202254213046	11.003028294705036	7.765060702991739
6.961408492467881	1.0427542816320876	44.253496041364514	7.773922612620709	7.765060702991739
4.5619203170487665	0.06925815116119871	47.916747553934826	9.882571252275977	7.765060702991739
4.987379996430603	0.26906221277612763	43.86697911422966	7.354512823723091	7.765060702991739
4.868065777138192	1.4167747669364361	42.10859827787286	10.997867047931283	7.765060702991739
3.154795538465026	0.710138328478851	41.52892869740462	7.314038996042198	7.765060702991739
8.481896201740392	1.2695567999397908	32.797588328835346	10.191907104381666	7.765060702991739
5.571940461581127	0.13323387910443157	42.745546137199625	12.3139427664262	7.765060702991739
5.519991755087677	0.15088034712285364	33.29188218678028	9.860614608803342	7.765060702991739
4.664717860789671	0.16569911725914943	33.97914297087103	8.792211552323376	7.765060702991739
13.778762388022344	0.1384182603188332	45.74243615265831	11.965044665912322	7.765060702991739
7.615178002301187	0.2676473224392405	34.2126818197084	10.307450474275566	7.765060702991739
9.654913800067021	0.881357366822568	44.16577551012163	12.461303673167881	7.765060702991739
12.7060073309876	0.2879585753410246	36.16336813863216	9.137462228655513	7.765060702991739
12.354772210285779	0.49727998568057474	43.8980999407979	10.897079830715787	7.765060702991739
17.877700755152688	0.8981594763945967	50.6545734123194	12.585603144370623	7.765060702991739
7.9038047043183	0.242602348197774	35.50657601823652	10.31892046043953	7.765060702991739
12.776614420760597	0.757653166247843	42.68801308065478	8.496607441849552	7.765060702991739
12.55758899605952	0.6042609815121855	37.56526982694614	8.810094751843044	7.765060702991739
7.004747573622554	0.10296001142082985	38.30897584247956	8.803945167113152	7.765060702991739
7.0930870798997105	0.286243401860267	33.64143589063267	8.910752774300807	7.765060702991739
2.739789419388947	0.4190828947241186	32.68319175634226	5.8835086356735555	7.765060702991739
2.7986733112787032	0.526605207441503	41.162360046992355	7.798194009230706	7.765060702991739
5.07318752363625	0.7761498213623812	41.80842607394384	7.480861267997261	7.765060702991739
4.807297211852464	0.8462041602851034	41.81343002564726	6.561031039577739	7.765060702991739
9.114970512084096	0.867055804485382	42.12459717249793	8.237688466844473	7.765060702991739
6.599464898416061	1.0377044741851924	46.55854288968159	10.653361999082636	7.765060702991739
3.009420341852133	0.8849503918760271	36.52628969142737	6.473800824243074	7.765060702991739
3.95962613583035	0.3369130271907526	40.05391750369954	10.030778523626704	7.765060702991739
5.085265629025849	0.2544140961183189	32.16753947053661	7.306483435463728	7.765060702991739
6.850264660024052	0.06295022380074107	42.03750876826391	12.153664733617138	7.765060702991739
4.252301710161117	0.21589988748099748	42.747590722504036	7.094603049071606	7.765060702991739
5.636069424671859	0.11580763982249122	36.16416365357485	8.615318678927629	7.765060702991739
4.82528538266924	0.17739854694951843	34.49945987571478	7.064188043773923	7.765060702991739
8.584234811928871	0.2768787543400388	33.0174049414643	9.795330300237037	7.765060702991739
6.806034921980887	0.0396370693348406	37.52667106967231	9.362066148425642	7.765060702991739
8.031082551671743	0.1857705583355614	44.325531901938554	9.58439388593689	7.765060702991739
7.08763443331997	0.04937825191637803	34.55494774533858	7.60755111977454	7.765060702991739
5.773972378838956	0.21896627370522612	33.952129008774186	10.494606384161653	7.765060702991739
7.474472448689055	0.13394603106513964	41.81560394140073	10.602567622175501	7.765060702991739
7.75930066417624	0.30780117745352364	44.79244595506703	10.134231809463826	7.765060702991739
18.35927289427187	0.7155488462487921	61.39140188159888	16.858544291677944	7.765060702991739
19.974733101031372	2.9158727081836515	84.34686339709918	16.89423114389969	7.765060702991739
18.44635014856203	2.40389391428561	62.624152675535086	16.2745768769069	7.765060702991739
12.641818730049033	1.7612338500313636	53.070031719011496	14.309164013099988	7.765060702991739
6.64820597553224	1.0144605930965747	40.967409116069355	6.795650707447756	7.765060702991739
5.620818952040465	0.2517251326187725	42.55594511618272	7.4997362384443225	7.765060702991739
4.149758258405618	0.8354723226175347	43.157965630919904	9.85240150171833	7.765060702991739
4.722310715611928	0.6412064610382165	44.15439616739104	7.9175015049594295	7.765060702991739
12.200945874362759	0.5646886701095586	41.587760119014554	4.761844734890953	7.765060702991739
4.03402330180216	0.19636105879522925	42.09087421667235	7.30125187410042	7.765060702991739
4.239639091111106	0.14488468516100336	45.8714932908407	11.272628650800696	7.765060702991739
8.711655386286928	0.6096956716442623	45.498727689732156	8.045220244799575	7.765060702991739
10.575601089655105	1.0202481468774232	41.264482666792716	4.427176810190102	7.765060702991739
8.466561075043193	0.7828915646673719	44.31868132650073	11.093687216643168	7.765060702991739
3.611833617826565	0.6968600753230095	43.338120725295994	7.6689959998652455	7.765060702991739
6.674011599134187	0.334110319485166	40.35937036035237	10.176982997989441	7.765060702991739
10.333335928062079	0.1637577604722114	48.40589795015488	15.613021352313979	7.765060702991739
8.152888768285322	0.22187897445760604	33.95823136566074	11.66085256917325	7.765060702991739
5.729808814368623	0.2457816125062204	43.22220040541659	11.261083254888598	7.765060702991739
16.36602788785521	0.46017219319910535	44.34631717440834	12.446965986304217	7.765060702991739
6.775899155194472	0.2607713815412019	33.95713789323866	10.189009893660366	7.765060702991739
5.305257433686413	0.22898700548312906	32.1622342764454	9.58595026791347	7.765060702991739
9.820987468736712	0.3347414985327507	40.37675727798001	11.198624435668222	7.765060702991739
4.324147176326653	0.1506662841203017	40.24271867504798	8.39397344393016	7.765060702991739
15.86800974444165	1.0939018763951869	51.244994546729856	12.727749796241099	7.765060702991739
21.178574235472574	1.5599071882979227	54.97084385478641	11.522583688912071	7.765060702991739
13.729080440726987	0.995140960012886	44.11897674798655	11.224075206877973	7.765060702991739
16.339262829535624	0.6369762456399609	45.06562990583202	9.764526849787984	7.765060702991739
22.440252090055086	0.978673357113502	57.81827845479008	16.548559360350446	7.765060702991739
10.210015768549153	0.4117230012471502	51.87882000048656	14.368243723961607	7.765060702991739
18.421551095375946	1.3470997133774003	57.16053054121042	18.862816902752478	7.765060702991739
17.485513597978187	0.8443124751929019	46.3074611285803	15.454536101360429	7.765060702991739
7.941924814371763	1.161064439403142	42.52071289943732	10.624279739655332	7.765060702991739
8.058956398622843	0.36545548443839176	43.45945544264024	10.137173402332536	7.765060702991739
7.130217783297507	0.18088555925930372	40.403022013064096	7.924121092759577	7.765060702991739
11.190459876789761	0.3509655846594765	44.14545685165074	12.288995515099144	7.765060702991739
13.383577324433011	1.2451418650635584	63.33499468806774	13.78699079188712	7.765060702991739
9.57294249527604	1.3528061573364365	42.92206248881509	7.2307525904044265	7.765060702991739
5.841319269647452	0.684154756459862	42.360083785853085	6.2046767797666025	7.765060702991739
6.463870449966194	0.50347209898331	44.452261008170275	9.859607531877144	7.765060702991739
2.1149543875157435	0.319264739257775	40.09631890785168	6.367059655753855	7.765060702991739
5.563235604247813	0.39886870763738713	51.81416414100591	9.75545563200336	7.765060702991739
9.0152386705078	1.3847575195702764	51.76981598319372	8.785504795926341	7.765060702991739
11.451383364046425	1.392083571820585	43.47611271716808	12.897288472012047	7.765060702991739
18.214397847137477	0.8452702696377021	67.87379909325021	15.483127424418168	7.765060702991739
3.2073988537931473	0.2796924845776484	40.70950159638341	9.414224716406375	7.765060702991739
3.9445534527169737	0.13067340159217608	33.03060760753467	3.42685210172185	7.765060702991739
7.865309162542421	0.23079244834151375	47.5549439893026	8.523867651298577	7.765060702991739
3.7431536121244817	0.06724736956678433	42.11445737796097	9.378516236498763	7.765060702991739
7.556301417027859	0.0492811341087825	45.9183303241577	11.09672245050385	7.765060702991739
6.189794528582032	0.7641570970279384	43.59717148850198	10.047429369725666	7.765060702991739
10.053786792935085	0.4968393726018594	47.88036937746631	13.790804257354111	7.765060702991739
5.520166256767889	0.9491814684523205	42.54685885444853	7.569497281509113	7.765060702991739
7.145074775862159	0.8303454907254921	46.978964646661574	8.781829402589285	7.765060702991739
6.6015602574273355	0.8714342834745495	41.816302186429176	8.582307662715507	7.765060702991739
4.613954920384707	0.4796066167970885	45.24367921429243	9.993190809531225	7.765060702991739
2.6224884224994756	0.14312533707406558	41.82446875612728	6.819089220407941	7.765060702991739
1.8912937247373598	0.3233985851833078	41.82546136562391	7.1198282735856795	7.765060702991739
3.2408133907525167	0.20473991066476613	41.81316130943492	5.482797963851487	7.765060702991739
1.083079660160698	0.1645678589559099	40.069986847592375	6.58055905791205	7.765060702991739
3.561420378489343	0.34564533000920933	43.919204256680615	9.536677907000776	7.765060702991739
4.28999911910594	0.15882942207018383	43.85466340384369	7.303317203024497	7.765060702991739
2.9761312611776716	0.8947728271493722	42.217655622462004	7.855835757106111	7.765060702991739
5.250756836360516	0.6315596430155364	41.81685894096447	8.305612961641248	7.765060702991739
4.851220193358482	0.3102053784767807	43.88582237121704	6.572250819270349	7.765060702991739
8.021778054333002	0.7158945657194691	40.64333972878505	8.171130961064362	7.765060702991739
9.239199945061474	0.7469787272930003	42.59426693700137	10.936823661387248	7.765060702991739
8.650858403997512	0.9924758081380555	43.590099364448825	7.144164867217282	7.765060702991739
6.730711106504486	0.16160960323122783	46.56779627808086	8.07616489287589	7.765060702991739
11.009811350990105	0.6552216760122407	43.85062945792116	7.0328669727368265	7.765060702991739
10.213625329173547	0.491958715035764	44.4431669656171	6.13513409935371	7.765060702991739
7.532962869611772	0.5699290892486703	44.192835639068576	7.12809945221278	7.765060702991739
10.92073495432881	0.5824526199799588	46.54683034234837	7.4557432143152145	7.765060702991739
4.501523932460452	0.3094060243412395	45.118270898608614	10.311027431484028	7.765060702991739
9.93278114061403	0.6297363184299177	46.277422451823846	8.3966579562204	7.765060702991739
12.993254594513749	0.6831618867402062	52.28821388018042	7.514352143015101	7.765060702991739
12.81561944912216	1.33266257260281	46.54733635255169	6.874442966604969	7.765060702991739
12.630276168713054	1.1579406460843695	44.43247573065887	5.884393530358581	7.765060702991739
8.341803854761277	0.5083451700392257	43.426550590224636	6.414050923979883	7.765060702991739
12.767561347637587	1.1884520831690077	45.99263326942144	6.3537446230343715	7.765060702991739
10.058603287390957	0.469864012086611	44.21425386036977	7.942322517896405	7.765060702991739
13.52347495696454	1.619096174523944	44.18109657821957	5.2807937613189235	7.765060702991739
11.888297218712806	1.4854232423246219	42.76125264691426	6.2697564766995555	7.765060702991739
10.625691060341452	1.2196129850376392	43.87666940300626	6.1442552807479185	7.765060702991739
11.625528197504334	1.092455890554308	43.938032312943236	6.526865187273714	7.765060702991739
10.599542284034872	0.8160527220363196	43.87808156874873	6.172272285451152	7.765060702991739
6.5322346985041415	1.01437772263298	42.529265895614714	7.9891187892733	7.765060702991739
6.959048755664042	1.0086404690440014	44.172390916818564	7.590758988388944	7.765060702991739
9.168401683026119	0.36704611782003443	44.80202070185794	7.676086433537009	7.765060702991739
8.587204192186318	0.6735525965469512	43.42817319303718	6.903396090993257	7.765060702991739
9.758086341922072	0.4748963091498004	45.04462890968874	6.977880180176143	7.765060702991739
8.412457408842986	0.27394886237632143	46.546212134582845	7.946528910190247	7.765060702991739
7.5421091039958075	0.481156285590276	46.54577811789987	8.756073970303673	7.765060702991739
7.602764546962049	0.9496499929377372	43.158267445990475	8.239948122965538	7.765060702991739
6.313373014913244	0.851692931266649	42.774105825564206	8.353755731144178	7.765060702991739
6.013721576407172	0.9625100952666296	43.52419421209233	8.149697643991773	7.765060702991739
8.428782353806456	0.3365739603392504	44.21651115202783	7.524243334972256	7.765060702991739
8.3887345360343	0.7933657096007994	44.74623940652299	8.82866641616679	7.765060702991739
8.996708095248	0.477220130216551	46.14285558329117	9.048291820480342	7.765060702991739
12.080229267556074	0.4490664136195603	45.54193036173049	6.976189047451845	7.765060702991739
10.931170861624901	0.6595158043097379	47.90681049769757	7.928480994319344	7.765060702991739
6.718127129872154	0.18904669478032612	43.87696076110701	7.324565490869787	7.765060702991739
14.009707335478527	0.7800767849806352	53.38179262702022	7.6554062986353575	7.765060702991739
11.512053907780043	0.3123418139334199	45.568102252133144	6.013306648519947	7.765060702991739
13.314955033700311	0.6632512009942676	46.95448920105913	5.927906766197735	7.765060702991739
15.252174393574558	0.9890578856016716	55.09226618644857	6.660842726631335	7.765060702991739
10.713832824341647	0.9001571383978989	44.78180007670402	8.33079808741449	7.765060702991739
10.890700913682	0.6673614751008489	46.68605566959376	6.620558054276671	7.765060702991739
11.883733210296565	0.4593857652838873	50.91654244979201	9.00757230605773	7.765060702991739
14.19390923514239	2.072857155781034	53.045753848496126	8.542776690465654	7.765060702991739
16.1192179445918	1.2611100106561914	55.57910143106133	6.488820301406589	7.765060702991739
16.569423083651493	2.432557996663736	52.80173464037277	6.62263483578887	7.765060702991739
12.461938623983759	1.1711420468318816	47.910411152763686	7.877696029113352	7.765060702991739
14.653582797955128	0.9179440994056658	53.98546628325674	6.5518596220523575	7.765060702991739
15.412757201964594	2.281193690491932	51.3995684471924	7.964606531414188	7.765060702991739
14.802233376507559	2.5023135296874153	55.52753927827607	9.514179828348286	7.765060702991739
17.12369007387919	1.4166638361318253	55.07293397584199	5.397234093497142	7.765060702991739
17.04202598272233	1.0003014172728817	57.17139181080785	7.669348688804286	7.765060702991739
15.08545103995819	2.551526801962289	52.31038269539128	5.672377193200875	7.765060702991739
13.824614173951096	1.4229071942948908	45.77969809716793	5.940033621631315	7.765060702991739
17.663467967425323	4.162350634298032	51.582404203075946	6.65111678172528	7.765060702991739
13.271507420816686	1.5246480762049166	49.569904501113015	6.453853940838333	7.765060702991739
13.764921248348811	2.1543246336817012	48.98839021661729	6.378279189995361	7.765060702991739
16.479764840104988	2.583378411169955	52.62024380785594	7.181311877686994	7.765060702991739
13.497003436299357	1.9952407278606341	51.21299122951688	6.60105382211257	7.765060702991739
12.868823412334397	1.6849724367434538	45.40876104136734	5.530663454885594	7.765060702991739
13.350631902151493	1.6065148290214828	44.47865283740773	6.25814464926399	7.765060702991739
16.113564833973562	1.8022386793505345	51.177618363086225	4.501859908992094	7.765060702991739
13.655160320734725	1.2133216923477517	51.533815201539824	7.650312879976108	7.765060702991739
16.61728331536845	1.186733163838767	53.77043834166282	8.00296419746849	7.765060702991739
14.369247661145177	1.2887623914136825	53.979904611790346	6.881867178531367	7.765060702991739
14.695790573583375	1.2875492154375463	55.06830266346595	7.162422593854783	7.765060702991739
16.254514462669484	0.7047808801886228	53.967438755036056	7.442161092011858	7.765060702991739
13.543167855888475	0.9907275029502218	46.13812263687602	6.697426098849867	7.765060702991739
15.218135526211135	1.774210590553102	55.46285181399463	7.132552489134211	7.765060702991739
14.353367387562278	1.3810984700008673	52.31707858062208	7.668000163355478	7.765060702991739
13.771534202583114	1.9644680413756044	53.698518593114336	7.458119854166512	7.765060702991739
13.62212667692648	1.3304142989785945	52.30611658125776	5.235638699576432	7.765060702991739
14.084105534905614	0.8737080328986347	53.68095403253488	5.010286055042099	7.765060702991739
13.889212492207335	2.0061011619757694	52.32284143409281	6.5688073875758235	7.765060702991739
14.39203597496824	1.4828232467967595	55.476868120352506	7.494581797001051	7.765060702991739
18.471699774143122	3.236472294613204	55.09435287207385	7.6311884928150535	7.765060702991739
15.519710533233134	1.389944834226104	54.00244919210163	6.949167921430458	7.765060702991739
20.067838987840027	3.109298243252013	55.87646709663939	7.002635935508303	7.765060702991739
18.641092068884415	1.9602551010314844	55.478425930087404	8.494216664087997	7.765060702991739
17.971405524057076	1.241529618082381	55.47316130425874	8.352973498672565	7.765060702991739
17.9568765941909	4.225620663162638	55.43423052954307	3.8439109031578753	7.765060702991739
16.964722570583604	1.429596775172569	55.08105549584336	6.927123386057518	7.765060702991739
11.846249084806805	0.4304099725609546	53.06624457575387	8.344118278032735	7.765060702991739
13.439882410277466	1.588787649333589	54.005454289670446	7.913467211255011	7.765060702991739
17.41275020286195	2.5379642377252547	54.3256340422855	8.148466899135888	7.765060702991739
10.987376164973602	1.0187409088424846	44.171141617970704	6.387902989610889	7.765060702991739
4.659446252120737	0.05206760811025545	43.51597412969974	9.40369168680142	7.765060702991739
10.964744943207423	1.021581229045193	45.774302020751016	7.131101247526256	7.765060702991739
9.36821316828256	0.6490853403870144	45.77534583630514	8.242933781369025	7.765060702991739
10.986303626874124	0.393288173819293	49.42836985667187	9.599998911487097	7.765060702991739
4.83537351031093	0.22596380982214712	42.109048307202556	7.508274867072295	7.765060702991739
4.9985050429095805	0.1511810176434531	43.22918779872457	8.793755933273966	7.765060702991739
8.784935342113272	0.5474308011480816	43.806426943485555	8.735759499619121	7.765060702991739
10.911258738029222	0.6941880381483874	43.86731288998524	7.791855525990222	7.765060702991739
7.597541128720371	0.8320661522153779	45.41066110692573	10.800544472014813	7.765060702991739
9.5803026316169	0.4698851777292825	43.26325064970136	8.176987800079065	7.765060702991739
7.845258828036819	0.2471819167470796	43.09225961413599	7.863823954926929	7.765060702991739
12.733672256070857	2.0841683058305724	51.03704304934426	10.877957111282045	7.765060702991739
12.561586139590831	1.0476746985066745	44.1706409044012	7.5645631179895645	7.765060702991739
10.779011747011605	1.3607341410805962	45.79961580620999	10.424741626313969	7.765060702991739
8.212477904198284	0.679170519196091	42.38737736015148	6.914653119708893	7.765060702991739
11.173342947598947	1.0479072143180765	42.90932462545181	8.558761789511612	7.765060702991739
13.029016193170316	1.34829777785186	51.206127484876234	7.9083008453478225	7.765060702991739
10.038670605090593	0.22368122267203613	44.21289998124784	7.534657091544384	7.765060702991739
10.07442616119523	0.9228308729775457	44.152564983137	7.476379745453346	7.765060702991739
5.993652760514686	0.018606103149108932	45.724835248146185	11.641723178056159	7.765060702991739
11.073883348262045	0.1948391541285714	47.41470270950354	8.009634022258219	7.765060702991739
10.589603931613796	1.0355459088584746	44.144928752995476	6.160348036753399	7.765060702991739
9.084827567819183	0.6005540082173059	44.21230082502055	8.215838605927123	7.765060702991739
8.629551817054546	0.08604687067900259	45.11276071963852	7.582718903579442	7.765060702991739
7.796182713735736	0.8791681429785626	44.36313195740384	11.295674621203574	7.765060702991739
10.07468659261488	0.16542920998357957	45.39112657192606	7.952096161963203	7.765060702991739
11.513736108337152	0.30234269600706787	52.68159228528219	8.629166873565055	7.765060702991739
12.592108731975511	0.9253164483078082	45.4141009922928	6.917628083963818	7.765060702991739
13.354607628644368	1.3012268746162707	47.42321160311544	7.13576201830634	7.765060702991739
8.790606619958815	0.31457204494537083	46.00565728492429	10.716453450010889	7.765060702991739
7.782102749119152	0.5832575956975473	51.05956136302541	12.804975262136924	7.765060702991739
11.971440742291048	0.44859610320652	46.56232012339331	6.913505289673938	7.765060702991739
7.595678286462631	0.08114378030478979	45.89802301403004	8.744123247128682	7.765060702991739
7.915510308105879	0.3070607447446565	45.05166364736226	8.268254133678724	7.765060702991739
8.21157007778119	0.1733893592557009	46.99413506628675	13.49415485568889	7.765060702991739
9.388022986472755	0.567339381968316	45.40441474715427	9.95813647217065	7.765060702991739
5.174765832545888	0.08591197575145881	46.14900723592683	10.48653543092408	7.765060702991739
9.387245418968128	1.180178076993127	54.16458732955431	13.0771244415115	7.765060702991739
10.372064027025292	1.757411110536914	55.802721087872044	14.133813043411294	7.765060702991739
4.33732427581658	0.21165624509198971	47.00467898988868	14.596225422015726	7.765060702991739
6.303496099289288	0.5043935149618911	52.27205795143089	14.733365171447772	7.765060702991739
8.932549923856648	0.3164740105376746	45.73670996098546	12.097232953605298	7.765060702991739
5.56539356738521	0.5355327258424943	49.029540064413	11.841524238924979	7.765060702991739
10.722405531637767	0.09298127315989944	47.141021024593144	7.180565076351533	7.765060702991739
4.413822510665848	0.539073200141377	44.152621610763816	8.695316276749137	7.765060702991739
10.191879285020917	1.831321747006354	46.144745911400335	9.449879199903702	7.765060702991739
9.730810314527824	0.39513255779680717	45.78802341727547	6.985359209206896	7.765060702991739
11.031481677883356	0.7429870825597136	46.96735655019737	7.92840572263749	7.765060702991739
13.84706392624617	1.0162718162834863	47.38187955717483	5.889696082464036	7.765060702991739
12.828297573285422	0.7632026850503275	54.68345752648092	7.930405214463505	7.765060702991739
14.694801939134695	1.2963236026533154	54.6930069125832	6.311238161177363	7.765060702991739
11.885996802020045	0.49235703268269304	46.1549186430898	7.0472749707453275	7.765060702991739
16.487789277531526	1.5509593283300147	54.10172416462418	5.466107447742361	7.765060702991739
14.93019318801448	1.3328918920955102	51.91167715738027	4.967092839806111	7.765060702991739
13.386154833097283	1.2329833672202852	51.87435186676912	5.872026327935281	7.765060702991739
15.934072300140793	0.7089055155910862	52.084533848080156	7.66479115128399	7.765060702991739
14.21235228760021	1.043249067928804	53.3568467980504	5.003982842506906	7.765060702991739
14.945206398152836	1.307314688845019	52.309435049317365	6.475647859549396	7.765060702991739
15.457036328534251	1.085838143600745	54.86026757371899	7.9299269519701046	7.765060702991739
13.79477362183022	1.362773306041148	52.30534329035519	5.580769988206883	7.765060702991739
11.972086887537614	1.205068192936133	45.405548022731736	6.966652582720087	7.765060702991739
10.857337919641775	0.699609613045846	51.05763513187799	8.402881932264933	7.765060702991739
11.274825541588937	0.39654172192494447	45.76912591736754	7.432165872421997	7.765060702991739
9.239183855496355	1.0690966629682932	45.76445704712296	7.303657202368013	7.765060702991739
13.036815632230574	0.8566423010502601	45.77571614300104	6.160108782339195	7.765060702991739
11.88315023685162	0.47858030935617263	45.05533716193063	6.9427095577389295	7.765060702991739
14.976871470329577	0.8010117995265555	46.96950136127816	4.641361762215705	7.765060702991739
14.067375219353083	2.3646696029431475	54.69900667007392	6.642459034900727	7.765060702991739
12.092015092492556	0.9151832852283143	47.434194406892196	8.481401773496035	7.765060702991739
12.376769210195043	0.6138965797641998	55.095695498721376	8.054289459320794	7.765060702991739
15.383948171920261	0.009804562672771721	55.46540780668536	8.071092888664698	7.765060702991739
11.474466602567615	1.0278637102405752	46.970608524411	8.501777097320176	7.765060702991739
15.506725029651598	0.9530168714541523	55.06184125675086	5.944403048158715	7.765060702991739
15.750976624292763	1.683391918869719	54.70666202209499	6.305708647881226	7.765060702991739
14.885502650985496	0.9147640495564071	47.873107634235346	5.341423674376907	7.765060702991739
17.202665918453565	1.597315760412288	54.317339651530375	5.919738980513752	7.765060702991739
13.68601460282745	1.3018946684679082	46.142834386789396	5.748220983963006	7.765060702991739
14.798181057972453	1.261903528317486	53.048082070451116	4.846434967157173	7.765060702991739
15.76605103716159	1.6165793209245243	46.52881566897621	3.8731757473393906	7.765060702991739
10.536219952595662	1.2924497779125825	45.399721190698614	7.286963450078053	7.765060702991739
15.621075623162186	1.6822667574725212	52.30115008599854	6.6403940634780385	7.765060702991739
13.124168576935709	0.8893904362794787	45.42315090451602	5.678113544999032	7.765060702991739
10.666070723540514	0.3705314887545221	45.77659016502473	6.206051591391032	7.765060702991739
16.51260820346743	0.6368589879491289	53.689454945242844	5.703200547141494	7.765060702991739
14.77417447820406	1.3782500891727898	52.28822127565699	3.903013620211978	7.765060702991739
15.287668643876977	1.4425127331365568	54.00103515555009	5.37001474417591	7.765060702991739
15.770719805037492	1.6163392037025706	52.28777476784474	5.832996217791682	7.765060702991739
15.454093841623546	1.525168979655282	53.99277908358349	5.793154946944765	7.765060702991739
14.95935077579693	1.6005893946723986	54.33725550827109	6.262836609805617	7.765060702991739
13.344191187456712	0.882051815016945	45.78688180499536	5.5178605784990875	7.765060702991739
15.300986344248326	1.440453512234673	53.34409957896186	5.218381192002574	7.765060702991739
17.496772073183678	1.7147252322725224	53.99940143819403	5.70789634803882	7.765060702991739
17.202089376245947	1.6718415875211057	53.656600132276814	6.4307204187006874	7.765060702991739
16.63638873202162	0.9199789120793869	53.744000767995374	5.671058112926183	7.765060702991739
18.262622743542202	0.41307739432522594	53.99514887400943	5.746315415844	7.765060702991739
16.70976101566498	1.959784472959596	53.66993425271421	6.910588027307654	7.765060702991739
14.874370744894241	1.315828720330605	52.04616846523759	5.863865567164086	7.765060702991739
14.186472145676477	1.4843384789265055	53.35843652578222	6.521191542769179	7.765060702991739
15.726360080484227	3.0053022524705924	52.27932153970178	5.683609835194199	7.765060702991739
12.465716207486624	0.41065373678166667	46.165322919357344	6.354821494977271	7.765060702991739
13.84016095709469	0.49542884007479315	46.257387519704416	5.307264590187112	7.765060702991739
11.856018817941695	1.240189650601546	45.06804750841159	7.101096593414335	7.765060702991739
17.419299691593466	1.2180465147191704	54.36423680579491	4.926803981593918	7.765060702991739
14.320577964675094	1.027872000923839	45.75664427761222	4.5604534525635945	7.765060702991739
14.291442655863076	1.0383094377140696	46.27877959030577	5.2369526668827895	7.765060702991739
12.307458077976298	1.2353159349549874	45.78604649340553	6.972605767411648	7.765060702991739
15.004334253228626	0.5978948569288158	52.82538177194289	7.063576871143292	7.765060702991739
16.680523058415854	1.6832269364248214	54.683853386063056	5.643621890743992	7.765060702991739
14.816352106115797	1.0675545089663783	46.68824300458224	4.930418416075874	7.765060702991739
13.721810933169674	1.1889530429838515	52.27943614294811	6.444382439740776	7.765060702991739
16.28707761683015	1.5301855120813863	52.27228672745823	5.838313253204434	7.765060702991739
14.448909320169292	1.501543160352414	53.96084425172216	7.889566352714816	7.765060702991739
13.345169104646027	0.9011924286334475	51.389935501516646	6.4744566881841	7.765060702991739
18.12758242690353	1.662139866944356	54.003209683368524	5.816273780214433	7.765060702991739
14.180916344064245	1.4901564706515678	53.66595863349779	6.203644569485631	7.765060702991739
17.92056051423858	2.5208834131541504	54.00772272697388	6.607148792685808	7.765060702991739
19.0213294126574	1.8035027007919089	53.99628909347443	6.195137986391828	7.765060702991739
15.202974342434095	1.1622224343839258	52.53846697536798	6.441372547608731	7.765060702991739
13.834320651395963	1.4626369611622612	46.277158159730945	5.51013457247028	7.765060702991739
15.534233733798022	1.6528750815486386	52.04413260762408	4.356541064256604	7.765060702991739
13.482789355772255	0.624399473097408	53.365345055006564	7.337694413737433	7.765060702991739
15.157987263522795	0.4522633461685097	53.981747459725526	5.404248123461753	7.765060702991739
14.630586383204317	0.8893111325008879	47.42673216243269	5.500650610631568	7.765060702991739
16.187494480745368	1.7776825165930643	53.97714615456908	5.25492189083764	7.765060702991739
13.799702771843021	1.272171198294878	46.15690319669072	5.466540130540082	7.765060702991739
15.82940449204373	1.507806040494908	47.92431021022762	4.742871546875891	7.765060702991739
16.328738733749034	1.246057551545506	54.679323604000245	5.8097472527302	7.765060702991739
14.589222514087776	1.1243365927682347	46.98066644734209	5.098520088494909	7.765060702991739
15.987946033147603	2.4302885309174047	52.29303734430824	4.967795112275749	7.765060702991739
15.340544901644197	1.5938488003509488	52.28684661971116	5.404442377073472	7.765060702991739
17.797992781102828	2.5652253512882695	54.782422198755356	5.587750712638537	7.765060702991739
16.321748680346715	0.9034834458884753	47.418321610744755	4.234913294238017	7.765060702991739
14.658655338136592	1.0976282126049297	46.97812191115288	5.711751228500331	7.765060702991739
15.829204796212753	2.0248040097017834	53.057886328637416	4.806296316251009	7.765060702991739
13.919427353499362	1.3366702308350942	45.80282597687198	5.2569284143933634	7.765060702991739
14.99436365004163	1.678441687295092	46.98298276999181	4.515327512201222	7.765060702991739
15.330205997765859	2.0030912220842456	46.54972280133303	4.542380263857491	7.765060702991739
14.268777936790292	0.9975383853742028	46.984245903236236	5.492081932663292	7.765060702991739
15.433653965385536	2.2981000918518224	46.9683189876736	4.765498677481498	7.765060702991739
17.021397196156997	1.4482302974225874	53.6563111555538	6.21134773326458	7.765060702991739
17.970740773070908	1.2343295723996988	53.684303074809364	6.5672924878315895	7.765060702991739
17.178659473977696	1.0558222506481074	53.68592976457337	6.252059753925975	7.765060702991739
14.771492905565504	0.8429666317303126	46.987503969285804	4.990542308984632	7.765060702991739
15.023760416441002	1.6745329912079083	52.82500980678776	5.439593407352053	7.765060702991739
15.822843349414105	2.171124405942498	46.96485948450327	4.748196125821334	7.765060702991739
13.563094067063606	0.8427461696390585	46.155917425506466	5.850053909240801	7.765060702991739
14.643089390454215	0.8690892780304378	46.73661294520268	5.301077948975971	7.765060702991739
13.400771646419088	0.5650104693002618	46.557417247367304	5.680990961614809	7.765060702991739
16.232040534674816	1.6673307502365293	54.68280145491465	5.2781201256743815	7.765060702991739
15.624866011038167	2.318408579205941	46.99167418498999	4.544330321155621	7.765060702991739
15.462939222102891	1.6452377655869068	46.9887636622463	4.521183880087446	7.765060702991739
16.40288175951055	1.0300369036537165	53.67512696397467	3.665101031302329	7.765060702991739
15.949615614912648	1.5358561437998044	53.34977088585412	5.8102925712682225	7.765060702991739
17.35213299283896	1.8904095871039015	53.693374864338345	5.377311339742636	7.765060702991739
20.069342334739396	4.283279488919482	57.71323159076645	6.746261918370324	7.765060702991739
17.740695302801257	2.3240914227649085	53.66655427447038	6.3039865552036645	7.765060702991739
18.018663844092956	2.1924692949278417	53.67257195810083	5.90164988573903	7.765060702991739
22.039276023095805	4.198631656066763	53.994967851928315	3.813385368825962	7.765060702991739
16.485160621332376	1.428637897685641	53.04513549090822	4.024388433240396	7.765060702991739
19.720939965869658	6.496336284576949	54.72419317780937	5.312887680158844	7.765060702991739
17.49439767170093	0.8077901847827567	56.1044105429542	6.137205823410853	7.765060702991739
17.77830157222445	1.7335632465527873	55.07313129415238	5.854084098320248	7.765060702991739
19.37069919231804	2.4210184996632442	54.71605309383368	5.083079297382919	7.765060702991739
19.522497512089632	1.8030663996156324	54.53240342582238	5.923106954680879	7.765060702991739
18.959868313187776	1.1575021860793835	54.677901390649886	6.333750124504041	7.765060702991739
18.453591021384412	1.3764166810591276	53.692136128134074	5.9437012300420875	7.765060702991739
21.050157694803097	6.078299797336557	54.851875234459314	5.340193797957374	7.765060702991739
18.88089273556632	1.9353471062344314	54.38610364953823	6.400923037908252	7.765060702991739
21.192863871825658	1.8288646699245592	55.12999802353693	5.390885081057954	7.765060702991739
18.03475966731358	1.5946285164888163	54.00981496344654	6.31216301886136	7.765060702991739
19.685967372244825	1.4199909713273366	53.769709852297886	6.0184805272971635	7.765060702991739
20.241158959537128	1.9160952303705518	54.3761679778716	5.251052457713753	7.765060702991739
19.962819519398522	4.196102767570444	54.68654972817847	5.428735251895056	7.765060702991739
18.491808751636835	1.5717998479729747	54.69829380227944	5.3018613947851145	7.765060702991739
21.576409607536636	2.3944578885431906	54.01836331443778	4.482977663841424	7.765060702991739
15.416975593482782	1.7833344499506683	53.70529528363424	6.538370152903367	7.765060702991739
18.051787974894587	1.7225498633371152	55.469518922738544	5.4647056377114795	7.765060702991739
20.571922989398935	5.205579341483197	54.32376247771718	5.061974078882747	7.765060702991739
20.178588322495116	5.296284439287596	54.034047455274994	6.132080504543238	7.765060702991739
21.26334712234044	2.524566976724443	54.05195259340538	4.546990616537169	7.765060702991739
23.069343172549377	9.970252303071895	54.32629186937692	3.7473207591123185	7.765060702991739
22.922718603785736	5.504597870870708	54.719603932167466	2.7778593701188146	7.765060702991739
22.56423823865652	7.151755038725958	55.48528640560311	4.179539966444471	7.765060702991739
19.34979150731351	1.8259744624356835	54.705137492272826	5.7939124938380715	7.765060702991739
21.521064219399094	4.447292900891257	53.98757916304647	4.029854893237269	7.765060702991739
20.576085784719037	6.23850365653812	54.04689583238869	4.852833269630783	7.765060702991739
20.740151857827023	4.151849734094628	54.32711859784813	5.680730441462378	7.765060702991739
21.674032219389254	1.4314915603069214	54.34342372388019	4.6932417296896185	7.765060702991739
19.045912326812182	5.2696328789393085	54.1112593226955	6.14089138840545	7.765060702991739
20.616982331914784	4.14454195505769	54.032100993671406	5.379779865059557	7.765060702991739
19.75363327944508	2.6062820204949286	53.651166436477475	5.408088621266781	7.765060702991739
18.518232355469443	1.6716762226472146	54.33617894917949	6.303269895876667	7.765060702991739
17.715270348381427	2.1386713064842198	54.00360264477231	5.646656447344878	7.765060702991739
19.4753509559118	3.5159250692600903	55.13121414152345	5.459568051314455	7.765060702991739
18.658842471851347	5.316124834740969	53.67062713952041	5.489517485951229	7.765060702991739
20.704621949738698	5.706379392924684	54.677758145399004	5.302582883515145	7.765060702991739
19.430701273463388	2.4233018564169186	55.11320861536175	5.38566027187052	7.765060702991739
19.840341218222097	2.237604117856146	54.35841331119729	5.246128035352419	7.765060702991739
21.452073122323913	5.2179680821047825	54.71594231793379	4.839589720431501	7.765060702991739
20.09475292507378	4.392916847559664	53.68293579082011	5.189907720723466	7.765060702991739
20.442745795563724	2.4548426379354193	54.352745746325844	5.114158145113133	7.765060702991739
18.886762358554392	4.368522999405419	54.011961225409024	5.630463703251971	7.765060702991739
20.940963289471572	1.6041949713671049	54.743308806032985	4.834853512618279	7.765060702991739
19.84527002019865	2.2210284443090154	54.00503638864413	4.860149532348748	7.765060702991739
18.954282417453314	1.979626658827774	54.0161842829542	7.3840790888467085	7.765060702991739
21.410330811742373	4.330207967633567	54.027582108424824	4.492086770391014	7.765060702991739
19.42420906565538	2.090899915414638	55.07499773311246	5.3691990879725955	7.765060702991739
20.482799157013993	1.5066815240570788	55.07566091110658	5.343894166969486	7.765060702991739
17.564857489153017	2.5185791928970738	54.34434378330525	5.543679280052087	7.765060702991739
20.55334964760038	2.0355680066817263	54.36035445604742	5.583281613176713	7.765060702991739
20.31679246726119	2.1935167149327937	54.01764607198047	5.302927986485657	7.765060702991739
19.636982796173555	1.8795353309007474	54.05438921153847	5.403699861109365	7.765060702991739
20.53886436810073	4.21831853947063	54.71372067425316	5.069971280453448	7.765060702991739
21.844291790053084	6.190090769043056	54.7066771988922	4.469593331576269	7.765060702991739
21.37230788387549	6.2977981205102305	54.69566021484869	4.912746639160894	7.765060702991739
21.425811659127113	6.313776123522379	54.34240700872368	4.541315911254325	7.765060702991739
18.959352785927475	7.1598722243709805	54.3665939265241	4.339250224777568	7.765060702991739
20.167767862913887	2.605129085129243	55.06946748186245	5.016758617599107	7.765060702991739
17.80963450355548	4.386180368480144	47.005142052812054	2.3692305870428947	7.765060702991739
19.454700867419714	6.24976639525924	55.462471240634336	3.3065523811293476	7.765060702991739
20.42111090834171	6.212622647535274	54.45952636954425	4.828917274980665	7.765060702991739
22.220033823995642	6.6042457084551325	54.70528738260545	4.459277629885257	7.765060702991739
23.126735921982515	7.186073743398749	55.1000527623934	3.673740279868258	7.765060702991739
22.402422757473122	5.799046595065043	55.503511959528325	4.50101651419917	7.765060702991739
21.00324263193624	5.632037806555152	55.14057519168715	5.613378941786342	7.765060702991739
23.66562965634123	8.215264662550869	57.23880278124742	4.106880237897033	7.765060702991739
20.79735610344633	2.7196999328132594	55.11339402045826	5.697405525041904	7.765060702991739
18.281152500887544	2.3572587302633607	55.070482710581686	6.387180984703634	7.765060702991739
20.299235595974856	2.2320942639150796	55.539883338224264	7.32270621586739	7.765060702991739
20.36415196412513	2.7817622039162266	55.45375206888529	4.985813828309748	7.765060702991739
20.48497034415881	5.389326793044693	55.08781370608547	5.057480383118444	7.765060702991739
18.32898325162715	2.2747088171822254	54.720067393471496	6.09464175037847	7.765060702991739
21.124773414543032	7.162472443523903	55.454047139881915	5.126679619287311	7.765060702991739
19.21573392951867	1.8161356232610713	54.01394975472071	6.210545232416194	7.765060702991739
21.171046232232523	6.2599562308484655	57.82777866869395	6.148416801802435	7.765060702991739
19.873739167988887	5.15987219701241	55.092833323287	4.644197859128312	7.765060702991739
20.537695031461585	5.46302628275511	55.88247998983214	5.610287332060712	7.765060702991739
21.143748102229125	2.1191088568619603	55.132902534547426	5.562039134548193	7.765060702991739
21.814448368244953	1.817674365766409	55.51561305744016	5.811456700825559	7.765060702991739
24.454789295059406	6.148926125993722	60.50795278152927	3.9387705756497446	7.765060702991739
23.167874857521614	2.5356047165163496	56.80229170683593	5.260957366433484	7.765060702991739
20.237191449862998	2.719729414663976	55.51035756685646	6.35439595646123	7.765060702991739
23.058747569799237	7.237575117115984	55.492657312493364	4.210201472963094	7.765060702991739
18.98512149992379	4.385182431460824	55.06362097530412	5.3183336186411445	7.765060702991739
20.546074588098968	7.1619837303464235	54.69673643375371	4.619070230928821	7.765060702991739
21.03566134144044	2.238436401816723	56.86940886791256	6.148456404319444	7.765060702991739
19.87123552224705	6.472661754633235	55.0935282442378	5.129391759496289	7.765060702991739
21.359619222034468	9.143018287390255	55.48426997030352	5.145657362651033	7.765060702991739
20.111240214324027	6.207346673336271	54.71242890294027	4.454862079464673	7.765060702991739
20.300862401670134	7.250666440966545	55.497526600756466	5.483815128010036	7.765060702991739
18.81045807239102	5.332264721198744	54.027218748681726	5.362840347529635	7.765060702991739
17.28208881107616	4.464240145726254	47.888575456825166	3.907350418456293	7.765060702991739
21.344796341049612	4.243846518454105	55.08173112289168	5.07717778390967	7.765060702991739
20.08691397199532	4.247752267522429	55.5224837776501	5.184008669399576	7.765060702991739
21.020813014290574	5.291801385458265	55.471389580673375	5.364783842911378	7.765060702991739
21.592569609778522	6.135757838825522	55.1027715222401	5.2178593030647855	7.765060702991739
20.398250220499932	6.182821108670288	55.536655572760054	5.74292892849684	7.765060702991739
20.75877938874807	7.199794222488683	55.13308879799872	5.008240351177803	7.765060702991739
22.501636754265736	6.271312105570802	55.94825998820953	5.502935261356584	7.765060702991739
19.6858664847652	3.5183625852298253	55.563749656882834	4.414672965896149	7.765060702991739
20.339180359521652	4.465025209628583	55.12855390981346	5.181797782131623	7.765060702991739
22.03625371615208	8.827767001968349	55.1480614135215	4.879740395639475	7.765060702991739
22.181696192829698	7.319199006311202	55.13134374231756	5.05647850093129	7.765060702991739
19.9930101588328	4.501677837649642	55.241448184826126	5.198452231374308	7.765060702991739
21.003062261069434	1.7623295107373056	54.728521748785404	5.367824095917904	7.765060702991739
21.913563168028688	7.300278087376493	55.107675500574004	4.8662196605292865	7.765060702991739
22.973810656157408	9.358449122958179	55.88152708408521	4.67352865788889	7.765060702991739
21.81594637999968	7.352828795576473	55.51376147444991	4.920989182225736	7.765060702991739
20.388833635802904	5.317857238595076	54.70216237605401	6.650031670378555	7.765060702991739
21.123212999528086	7.217698636552898	55.11788965291597	5.202444286006404	7.765060702991739
19.435920917686964	1.6595773597770613	55.09310722701923	6.717757379804018	7.765060702991739
20.813888748813802	9.194346435614746	55.12254429746432	5.093259907464541	7.765060702991739
20.33260628114232	6.294681547955201	55.09666256486096	4.519515350583434	7.765060702991739
19.06633515183204	4.536483530640501	55.06182708695645	3.7015286158021823	7.765060702991739
22.09200438326529	6.168608516576712	55.09355874774968	4.703087563632614	7.765060702991739
21.272859648899683	5.498118874382787	55.10503056499571	5.958666251947578	7.765060702991739
21.537282580116457	2.4761141506241042	55.50352200718845	5.4372258806542915	7.765060702991739
21.695381911078602	5.602466953032848	55.507530961698976	5.255513603595396	7.765060702991739
20.12301469998383	6.193945150164959	55.12340239914853	5.737704822270556	7.765060702991739
19.795981954297254	6.30993967932298	55.13135916943132	5.4165111013280525	7.765060702991739
20.543482271048564	4.337926617167362	54.74229098641812	6.4592925946782245	7.765060702991739
20.447623283274567	6.226971127477856	55.10642194950008	4.944902728942033	7.765060702991739
20.073429994814365	6.425925870583452	54.350651526879	4.131939261349809	7.765060702991739
22.51298426912398	7.335584699019824	55.11480813814296	4.600488502962054	7.765060702991739
20.648026646443157	5.390408063992308	55.50272086784285	5.300342312899042	7.765060702991739
20.041261638103656	6.405205980228413	55.51473248100463	4.499844784798111	7.765060702991739
23.123929739746885	9.158108380003563	55.4719878147386	4.1184596925950006	7.765060702991739
20.939064771833117	2.3668478524870373	55.11111580435123	5.3496243404220545	7.765060702991739
20.345607187626	5.993190432493434	54.6778348745546	5.517912406415627	7.765060702991739
19.88964045040085	3.379510667081673	54.70721882310819	5.782293756614915	7.765060702991739
19.268509481322777	5.3221080987965514	55.49043113741914	5.835031236459111	7.765060702991739
19.58687707116381	6.259625035081381	54.321381769953916	5.49574358234489	7.765060702991739
20.39488955845737	5.165795033748755	54.71773469817802	6.753556596851508	7.765060702991739
22.858689638035408	9.972637058041073	55.484127205051394	4.625677231558042	7.765060702991739
21.96148033429069	5.786822908289666	54.71145887395321	4.482034768270776	7.765060702991739
20.497235210858992	6.089428986977661	55.468865719205354	5.7480315662882004	7.765060702991739
21.13688697046068	4.263629541374659	55.46592866889277	5.255779018426393	7.765060702991739
21.220712851322514	5.926620333398901	55.492263929825405	5.591034240344266	7.765060702991739
20.77941437516279	4.28608281865237	55.090200110417264	5.488084942885638	7.765060702991739
19.48989010228941	6.332939281753276	55.10035393248941	4.213320434284795	7.765060702991739
19.188195338711264	5.61472572928897	55.48080562452973	5.0557364909707	7.765060702991739
21.606072522664203	6.202917743558223	55.49327319682746	4.894127571532792	7.765060702991739
21.53551459026932	4.231256287479784	55.499010130643924	5.39640124813959	7.765060702991739
21.166026808794204	7.294633157247677	54.732725567477644	5.422891990764312	7.765060702991739
20.46378366783093	7.223252453158603	54.706725536093586	4.099516397530019	7.765060702991739
20.637202438282433	4.129439671396574	55.49708192113408	5.322991611420473	7.765060702991739
22.001957964202365	6.229559075456614	55.48182775430461	4.806873677228798	7.765060702991739
19.832947880249193	4.421672131708488	55.1060815265943	5.639168150705875	7.765060702991739
19.96095716385812	3.640059692973751	55.06820138583229	5.175818337426464	7.765060702991739
19.913298836525154	2.273841247326684	55.479876767081144	6.698785376767935	7.765060702991739
18.09982886359131	4.285061480640259	52.52500656469015	3.8298629211075856	7.765060702991739
19.19879265392129	6.252236273286297	55.09077199896862	4.580151925378209	7.765060702991739
21.255101940263817	6.117077840546861	55.461327464649415	5.109446287967201	7.765060702991739
20.84229745379451	5.271673793754923	57.71849072127932	6.565737975340264	7.765060702991739
16.978009769182798	1.5040622990250736	54.70867538764522	5.337784948058757	7.765060702991739
18.3206244048269	2.7117841499398154	54.34428612347836	5.794542957951618	7.765060702991739
19.48913891515093	6.138734735420365	55.88737181735774	4.4819276088226	7.765060702991739
19.74111564785107	3.20769388608867	55.483333977803035	5.0932323488782485	7.765060702991739
19.79051558689656	5.318505277176964	54.70703960040906	4.642452148214025	7.765060702991739
17.25701371786348	0.9309913537111726	54.68082645391595	4.686962043933143	7.765060702991739
19.144643611222943	6.2829294304297205	54.72199728780485	5.441765323024344	7.765060702991739
20.064384286999196	5.9705379211808705	55.088007043205934	5.491654097584943	7.765060702991739
20.322416851710365	4.438346283706745	55.50701328800945	6.278473597435335	7.765060702991739
19.93484194519235	2.7262270770529247	55.082605148057205	6.123230183981003	7.765060702991739
20.792820790841695	4.383029277732356	55.10816409424688	5.3095415526333225	7.765060702991739
21.033477210520633	8.223893589891224	55.49000130760797	4.582269451627449	7.765060702991739
20.321986692599438	6.643245838654383	55.083796934789916	5.058445066500132	7.765060702991739
21.495537162144515	6.298868582852071	55.11039011465997	5.035964365197491	7.765060702991739
22.811265445331355	7.410272492178818	55.548166309159775	4.671302791208938	7.765060702991739
17.922702537597882	5.573557546999639	54.68931025128167	4.460638115029932	7.765060702991739
21.694800835481978	6.562466894813846	55.47065179528661	5.239797373623022	7.765060702991739
20.72950569338985	1.7981069452425333	55.10726444334904	5.810383015242609	7.765060702991739
19.831544278412334	4.34116398717879	55.47565167259466	5.56737675586942	7.765060702991739
20.88404711198367	7.283604739472178	55.094060137795694	4.837431482887997	7.765060702991739
20.612808883495482	6.256365301277846	55.07412813884938	4.922121422484837	7.765060702991739
21.066786141345148	5.996278326545539	55.16880819163085	5.414855775010547	7.765060702991739
20.100256761081948	4.180544108314623	55.479429058457626	4.5299027909843765	7.765060702991739
20.767371739121238	6.217629189164267	55.08645742732724	4.999140126128648	7.765060702991739
20.019368255864055	4.215878571581713	55.12524071649468	5.479342037095295	7.765060702991739
18.471267275777805	1.3053514516994313	55.10115849727869	5.7582793739618365	7.765060702991739
22.18407409470011	8.180108342829584	55.512697412520644	4.600603037146778	7.765060702991739
18.342574381326177	7.203408883976238	54.703339966492855	3.266873324834465	7.765060702991739
22.083619645996908	6.261179701121954	55.49571738135452	4.600807040120394	7.765060702991739
20.135983857191786	4.391586112551074	54.70968500622248	5.58448289218465	7.765060702991739
19.00551415693409	5.949513356692194	55.48441520744829	4.261106725648995	7.765060702991739
20.173243066551606	7.3605929654936615	55.11655659746011	4.43000669927013	7.765060702991739
22.7443796608449	4.247772901201825	55.46160112340628	4.431886125696002	7.765060702991739
20.286757884593662	2.6942716497881505	55.483959645356	5.644479901871518	7.765060702991739
18.177770758094848	1.4930295149275101	54.707305459727934	5.393164045804369	7.765060702991739
21.10152471025903	6.503836374107834	55.09208262760904	5.345088668756056	7.765060702991739
19.315325839286643	5.635438610353604	54.73386607364517	5.450711443322774	7.765060702991739
19.735791391177465	6.917527311851654	55.4859797919968	5.185928797020323	7.765060702991739
17.841798150200287	5.991619402531178	54.001011987959544	4.228367348956634	7.765060702991739
20.916085924126488	6.170022467162891	55.47449076638536	5.001996724243338	7.765060702991739
19.21040032479854	5.330711424698041	54.71635765853823	4.161071742780341	7.765060702991739
19.98206677354905	7.391668766062888	55.499703479732574	5.097495221344945	7.765060702991739
19.075584568021032	3.7791299516953307	54.72326176079323	5.438938012036006	7.765060702991739
22.538408385311282	6.83245861288594	54.726054491923946	4.233804752421562	7.765060702991739
18.22007830440589	5.534770352090271	54.73002610513125	4.727891647229464	7.765060702991739
19.588437836673236	3.4418429243495	54.69685401492286	5.720838503041355	7.765060702991739
20.67992407918425	5.710372005700241	55.49352192757983	5.643518438530234	7.765060702991739
20.67990619321527	7.237534823450377	55.08785528174257	5.239470083628404	7.765060702991739
21.78458803989731	7.26819003081838	55.07929095614115	4.890981344526926	7.765060702991739
21.647116892228624	6.290434459397766	54.73579206743547	5.357032938936672	7.765060702991739
18.306271515595594	1.5451155357260096	54.72626987481963	6.214386824914899	7.765060702991739
19.768710493326452	5.6826019640470555	55.52296703682908	5.076704564714819	7.765060702991739
18.98291506548603	6.320674270772039	54.71100104384976	4.929503580922498	7.765060702991739
20.534662290570164	1.694641674416223	55.0811818169682	6.097693874072097	7.765060702991739
19.2640048754821	7.252802531866692	54.379130273673155	3.9519185436281115	7.765060702991739
17.90592401069889	5.631067540899345	54.33114276326998	5.1342604612462255	7.765060702991739
19.744178664397058	5.175385438735945	55.53034478473489	6.203402536931216	7.765060702991739
19.210359248030226	5.204096724922839	54.72299123785969	4.572364698291178	7.765060702991739
19.572973852568378	2.892362091393329	54.73687738283914	4.399216416484283	7.765060702991739
20.21119726034206	5.4389940560253045	55.48847809332391	6.561173446647244	7.765060702991739
19.78095331685531	6.2955653285383	54.70547254534036	5.580252459852687	7.765060702991739
18.822460554498683	2.264932950013345	55.48267786885659	4.78103456977683	7.765060702991739
22.8994102347466	7.206560273677014	55.482154601624586	4.380782617671476	7.765060702991739
17.209703681141303	5.381844613451761	54.69882568237779	4.488006209139606	7.765060702991739
19.31697690047393	1.8250469245833454	55.50256393053515	4.746067753192333	7.765060702991739
18.42220466559437	2.636090461149335	55.093430377549474	5.292371828901443	7.765060702991739
18.144802920971923	1.960496188181815	55.09991519833829	4.974683744366498	7.765060702991739
18.8828378277224	3.3862213484096295	54.73322404348833	4.358638690751404	7.765060702991739
17.791536806345164	1.8544458814991225	54.716926107608245	5.88641104298435	7.765060702991739
18.566273247613474	2.808730920032559	54.752223911980174	3.9344075291976166	7.765060702991739
18.58766717431969	4.496616977765297	54.70628781407987	4.509740755639505	7.765060702991739
21.892345650467604	7.227455964067937	55.08980455271341	4.788362776695029	7.765060702991739
19.892003893840954	7.239613339956716	54.717592422017624	5.567021448129721	7.765060702991739
