steps	episodes	average_discriminator_loss	average_rewards	average_value	average_entropy	average_value_loss	average_policy_loss	n_updates
10240	20	0.29224731773138046	-2.418977729976177	-77.04944968032837	0.6539387003183365	120.41248329162597	-0.047804951313883064	1280
20480	40	0.26123865246772765	-4.482324787974358	-218.76010705566407	0.610261347360909	1188.6808520507811	-0.058054077341221276	3200
30720	60	0.2586343799318586	-4.966770851186344	-348.4772421875	0.5203656189069152	2018.9206842041015	-0.05563568558543921	4480
40960	80	0.27390468418598174	-5.398984764516354	-421.74772006225584	0.5484647475332022	3080.567427368164	-0.058445246042683724	6400
51200	100	0.2930951540668805	-5.569702544560035	-474.2082710266113	0.5227999166883528	3701.480070800781	-0.06535269545391202	7680
61440	120	0.3192501962184906	-5.730699601769447	-500.1418399047852	0.5234583964198828	4069.141780395508	-0.06128183640539646	9600
71680	140	0.34119606018066406	-5.789176771745963	-508.6651466064453	0.47006333035975695	4113.887134399414	-0.06287829589098692	10880
81920	160	0.40062291324138644	-5.785671543329954	-518.3984428710937	0.3942306111045182	3727.920300292969	-0.04143420192413032	12800
92160	180	0.4459214779463681	-5.698648733848875	-477.50526498413086	0.45614560785272623	3554.704380187988	-0.024011430414393544	14080
102400	200	0.46429890155792236	-5.368170379996299	-361.6842542724609	0.24676588952261955	1958.0775192260742	-0.0543792693130672	16000
112640	220	0.47258201572630143	-4.9505966189834805	-184.06446844482423	0.020898103896994143	819.561477355957	-0.030025018900632857	17280
122880	240	0.47801862259705863	-4.511861524482568	-140.04237370300294	0.2532950636482856	487.2540852355957	-0.04880024770274758	19200
133120	260	0.4805812109261751	-4.318031524773687	-74.53246724700928	0.003979567574031535	266.3853980255127	-0.03278289642184973	20480
143360	280	0.463885457600866	-3.8506092561142786	-24.309450191497803	0.0008342298044965446	101.34162726402283	0.00023743297904729843	22400
153600	300	0.44975215639616994	-3.5345242099987493	67.42338372039795	0.00027672986683064413	76.19529212474824	0.0019284368678927422	23680
163840	320	0.4308009471744299	-3.1168126475065945	102.03781084442139	0.0009837335589534142	205.3696475124359	-0.006048445012420416	25600
174080	340	0.4189841481191771	-2.8807206221279644	126.8105486755371	2.4955999768868862e-05	255.77720964431762	-0.0010375032015144826	26880
184320	360	0.40278171201546986	-2.5772733036014768	135.3381683807373	0.00038112312250468595	261.7450193977356	-0.0056889430060982705	28800
194560	380	0.39256530017294783	-2.4047567727083856	126.01703269958496	0.0003435546310721684	236.91294450759887	-0.0045260119158774615	30080
204800	400	0.380454737842083	-2.184909177720547	118.25796155548096	0.0008686972052025999	202.7013157081604	0.005158334113657475	32000
215040	420	0.3740608932880255	-2.0597576358570504	106.67132801818848	0.03127590471118219	160.88743556976317	0.008629648517817258	33280
225280	440	0.3745311357758262	-1.892866428060965	138.63966123962402	0.10286079172673482	281.01081642150876	-0.010939755216240883	35200
235520	460	0.3803805311520894	-1.810386628696793	104.49251677703857	0.21115829504536895	190.0349962615967	-0.016655930019915104	36480
245760	480	0.38752315044403074	-1.8290478033324082	15.49479561138153	0.27780598528975226	29.48864851951599	-0.05762842013500631	38400
256000	500	0.38976655708205316	-1.87184734522335	-84.59603126907349	0.1376684223980486	209.3222354888916	-0.0394848723243922	39680
266240	520	0.39112231823114246	-1.8777905539824413	-97.88261408233643	0.023667848090641333	153.41133253097533	-0.012423125840723515	41600
276480	540	0.3858627370044367	-1.8305516974694693	-64.8994873123169	0.0032007348358121172	77.41217070579529	-0.012808145955204964	42880
286720	560	0.3765161857008934	-1.7468536117779356	-41.11063892364502	0.00015894404941906915	17.389180743694304	-0.002502881735563278	44800
296960	580	0.37001268607046867	-1.6989291875571426	-23.0363115773201	0.00036470842660102094	10.211981592178345	-0.0022367882542312146	46080
307200	600	0.365547810792923	-1.6206956331183513	32.29813189506531	0.05385293266798272	19.307551341056822	-0.0649425788410008	48000
317440	620	0.3584068499795802	-1.6845178364401128	-105.1688683567047	0.21587785095794243	228.55003791809082	-0.016854309141635895	49280
327680	640	0.3479921669699252	-1.7828033693367615	-190.7106913986206	0.3645888166426829	915.8104783630371	-0.02302074687555432	51200
337920	660	0.34184786304831505	-1.8508843045636285	-247.70933387756347	0.3647642896549296	1369.5623080444336	-0.03365994082763791	52480
348160	680	0.3372776432072415	-1.9307472572826287	-249.9745845184326	0.2965777371413046	1181.4532604980468	-0.02959706012159586	54400
358400	700	0.3392174344124465	-1.9790270746653449	-267.5648977050781	0.19026850876026966	1162.6759216308594	-0.026386463176459075	55680
368640	720	0.3414137384129895	-1.9913110580916207	-229.97239416503905	0.0659598557019106	654.6614627075195	-0.0031043143663555383	57600
378880	740	0.34022498495228914	-1.955137385966499	-129.04292974853516	0.005635208895948409	287.8854527282715	0.0022105297446250918	58880
389120	760	0.3357247174570435	-1.878612466881934	-70.70306415557862	0.008171770936344469	46.46134032249451	-0.00859510848298669	60800
399360	780	0.33192853652632115	-1.8290959983948887	-18.33022290277481	0.004055609318090389	10.854625701904297	-0.005331324003636837	62080
409600	800	0.3270936372131109	-1.7611197439022361	16.01119287776947	0.04275990421578966	20.359122076034545	-0.02058074819855392	64000
419840	820	0.32627904101037514	-1.7253293691787357	53.76471613121033	0.3546109300720865	67.54569818496704	-0.05108701042830944	65280
430080	840	0.3220741616118522	-1.8002121725430091	-93.82610123443604	0.3375489809988339	321.76647129058836	-0.03884382208809257	67200
440320	860	0.32127900066498283	-1.8403643452014042	-176.48674478149414	0.08548527810489523	559.6044899749755	-0.01767221014946699	68480
450560	880	0.321519746766849	-1.852284507741305	-187.2127498779297	0.0680413251482594	515.2927913665771	-0.007750690244138241	70400
460800	900	0.32052742124402095	-1.8236182169888966	-121.76242354583741	0.0313576287275908	241.50009334564209	0.0035168357565999032	71680
471040	920	0.321174296024053	-1.7661445055480884	-51.27764096832276	0.14001883838242266	34.76992450714111	-0.0342888565082103	73600
481280	940	0.32237133733991885	-1.7764292331492035	-93.0809898147583	0.28267092867319205	134.16544555664063	-0.04228414975106716	74880
491520	960	0.32311898563057184	-1.828750280306364	-180.43359268188476	0.4082238288027611	705.3136078643798	-0.05139392115175724	76800
501760	980	0.3243916256383794	-1.8585832429378004	-230.16290588378905	0.27117997659170545	959.4177435302735	-0.04510224839672446	78080
512000	1000	0.3288243672251701	-1.8720532090812922	-236.69150450134276	0.2464016385364375	696.4776848602295	-0.020958584174513815	80000
522240	1020	0.3321600605066367	-1.8703050611203347	-189.54610038757323	0.25319942041067617	591.8008161926269	-0.03076892577111721	81280
532480	1040	0.3375889055430889	-1.8815492077658955	-193.21447177124023	0.2306421922672448	583.6704331207276	-0.021600671634078025	83200
542720	1060	0.34168997785132943	-1.8857533116824925	-193.0694694671631	0.3188424527610041	573.9153974914551	-0.026248359028249978	84480
552960	1080	0.3462137336532275	-1.9052911685710703	-209.43856823730468	0.39150091954047095	829.2957107543946	-0.04010426439344883	86400
563200	1100	0.3497437320812775	-1.9207553095762095	-214.3836970977783	0.22982705011085636	994.2539739990234	-0.050052887238562105	87680
573440	1120	0.3528665571872677	-1.931219162060214	-215.06002610778808	0.27100814346880725	497.3341781616211	-0.018852884909138085	89600
583680	1140	0.3545880948888584	-1.9249724903288232	-134.12532410430907	0.030744016962801653	719.2521569824219	-0.050181814078241585	90880
593920	1160	0.35298418161170236	-1.8880423437033234	-90.49905768585205	0.003619730066129225	75.11063475608826	-0.0017593852244317532	92800
604160	1180	0.35040662255214183	-1.851675017565793	-20.658246609449385	0.0001650472802523777	10.852279214859008	-0.0005597454868257046	94080
614400	1200	0.34619748825828234	-1.803499687326451	-0.0878817892074585	8.925305639944133e-06	1.617188264131546	-0.0049250411242246625	96000
624640	1220	0.34328912507350506	-1.7763176088000794	10.185541474342346	7.119387246473166e-06	1.918820046186447	0.005413702055811882	97280
634880	1240	0.3389214245542403	-1.740809955604134	5.063107031345368	4.304673845330229e-05	0.5588174848258496	-0.01331167807802558	99200
645120	1260	0.33751649338348655	-1.7131160828789138	42.5389677696228	0.0614541050634236	8.410747470855712	-0.054081379678100346	100480
655360	1280	0.3393878267146647	-1.6726758945616893	65.61096880722046	0.17350507546240376	68.79394662857055	-0.039184363149106505	102400
665600	1300	0.34057159031982775	-1.6842873821173001	-29.928464906692504	0.3412871781220056	16.250502436161042	-0.06577311555854976	103680
675840	1320	0.3409009482824441	-1.7158418803391131	-118.77101654052734	0.2714766949333381	342.7595575714111	-0.030392950884997844	105600
686080	1340	0.34207127060361964	-1.7279558213773423	-145.4584100112915	0.09494241486309243	492.9500997161865	-0.03647560145705939	106880
696320	1360	0.3420720471178784	-1.7218366787604549	-138.66098000335694	0.12836411720591176	221.37492233276367	-0.00978841969743371	108800
706560	1380	0.3407071529086246	-1.7113819799689187	-96.45994868469238	0.007206504757146764	162.95239046096802	-0.006754203587770462	110080
716800	1400	0.3390952490057264	-1.6810044201250587	-55.783062309265134	0.07763022877499699	33.48950248718262	-0.01126127096824348	112000
727040	1420	0.3409029541716064	-1.6631813480671347	-14.862039781779051	0.28129490958730186	19.68112114906311	-0.03609161802567542	113280
737280	1440	0.3412368184990353	-1.6885081437209415	-98.76826307678223	0.36611028398349826	385.3690115356445	-0.05583915977738798	115200
747520	1460	0.34189210537370746	-1.7031355572577853	-158.10305527496337	0.20078252998475632	430.55808486938474	-0.014565454209223389	116480
757760	1480	0.34415167135161323	-1.7218466166205504	-174.4712635498047	0.1346988694733507	543.1821463012695	-0.011065649539232255	118400
768000	1500	0.34624820740465173	-1.7233194807932817	-178.97760362243653	0.22974300005179008	448.15700759887693	-0.017983203791081905	119680
778240	1520	0.35036288954709705	-1.7248416380172498	-163.48258560180665	0.25069345007291954	430.98747329711915	-0.021743136886507274	121600
788480	1540	0.35316844113791984	-1.734673633579708	-181.4896262664795	0.31284877773566416	544.6013414382935	-0.036848669350147245	122880
798720	1560	0.3561641581547566	-1.7555593276921755	-208.96013584899902	0.34590632854819886	761.9548472595214	-0.03361666367389262	124800
808960	1580	0.35741161271400257	-1.7701363763511937	-229.34720085144042	0.34859109274629735	934.3928257751464	-0.047321913782507184	126080
819200	1600	0.3611915801465511	-1.7866167563479394	-213.36953034973143	0.26333928309968907	776.212700881958	-0.022591562513262033	128000
829440	1620	0.3643364291084875	-1.7929470403636298	-209.67833151245117	0.28463721515868384	757.7872312927246	-0.03395293368026614	129280
839680	1640	0.3690610070054124	-1.798496787749776	-200.5761541290283	0.30225955980941943	600.5060736083984	-0.02680579850450158	131200
849920	1660	0.3716050776594503	-1.8091917193724194	-208.9838780822754	0.37163471881020815	647.8688799285889	-0.025099148433655502	132480
860160	1680	0.3740718315045039	-1.8292519756991947	-226.903498046875	0.3579223618065298	1004.9032888031006	-0.047785004619508985	134400
870400	1700	0.3754256858297114	-1.8421681844102185	-251.44393792724608	0.39779940307862127	1017.3893078613281	-0.043429294992238285	135680
880640	1720	0.37820027650788773	-1.8586891468441071	-238.05039404296875	0.28805579706761636	930.8216207885743	-0.026315693128854036	137600
890880	1740	0.3808522430433106	-1.8699188435939462	-239.5523553161621	0.28949372409287755	954.2722657775879	-0.025040931850671768	138880
901120	1760	0.3845671385526657	-1.8856571170670742	-248.757498046875	0.3340381692300725	1130.5356204223633	-0.04866386912763119	140800
911360	1780	0.387365366961505	-1.892334303902546	-243.40231651306152	0.36519164235383506	924.1301817321778	-0.03874891586601734	142080
921600	1800	0.38990298165215387	-1.907238243445754	-243.38005625915528	0.3468251802351442	1030.2730546569824	-0.04398376809433103	144000
931840	1820	0.39255118133738176	-1.9137764371160237	-235.99438887023925	0.3835063947691706	931.401943359375	-0.03910544523969293	145280
942080	1840	0.39547365489213365	-1.9272431907689442	-248.408454498291	0.3423765755796339	979.4136167907715	-0.036083841044455764	147200
952320	1860	0.3974575744620685	-1.930764960341862	-249.57055014038085	0.4475750239068293	727.9009921264649	-0.023475189777091145	148480
962560	1880	0.4003018802784859	-1.9302938923160446	-204.94579415893554	0.3431109048601647	703.0450977325439	-0.03316476237028837	150400
972800	1900	0.40234959301566275	-1.9338113502343872	-205.85963304138184	0.3573834586159792	717.1216476440429	-0.041697227796539664	151680
983040	1920	0.40480723107854527	-1.937317299369412	-187.53002130126953	0.27479310226935194	557.2564029693604	-0.026094448044896124	153600
993280	1940	0.40424180523423126	-1.9258042366651833	-115.5348356704712	0.09796156329561563	228.06248710632323	-0.0016969934757798911	154880
1003520	1960	0.40263040223900154	-1.896944209956089	-64.43800653076173	0.10547954810816554	38.00504956722259	-0.010449774656444788	156800
1013760	1980	0.4019151783665182	-1.8763571750402812	-5.370474661767482	0.19754869019371107	5.2073943400383	-0.027344649396836757	158080
1024000	2000	0.40303879463672637	-1.8495837576016785	11.048752011656761	0.26692401968408375	8.938826045989991	-0.04279257908463478	160000
1034240	2020	0.404905271553804	-1.8348001481092993	13.109466583251953	0.323414162196219	7.696781692504882	-0.050754262590780856	161280
1044480	2040	0.40789217352867124	-1.8283743865861029	-8.154537895321846	0.3839235931164585	32.79739507436752	-0.05609394486993551	163200
1054720	2060	0.4092377645728189	-1.8377452479305783	-110.97960868835449	0.3112505229907547	239.08940673828124	-0.04443023068830371	164480
1064960	2080	0.41220111216490085	-1.8455912991713446	-151.35805737304688	0.3031249671676196	453.20195777893065	-0.03439085828140378	166400
1075200	2100	0.4139282049341056	-1.850255897759197	-174.15321713256836	0.3337110801215749	486.95386306762697	-0.03287377694621682	167680
1085440	2120	0.4168232626510116	-1.8534825458208908	-176.50257655334474	0.31030544532759813	463.31283466339113	-0.023759564850479364	169600
1095680	2140	0.41842934980374596	-1.85758614879841	-177.92517776489257	0.32424615453672595	506.71186500549317	-0.04415414912626147	170880
1105920	2160	0.4205317237862834	-1.8692806074395776	-215.7091452178955	0.3704117135242559	778.4171154022217	-0.03483807532116771	172800
1116160	2180	0.42223402627689	-1.8723684985889122	-194.3925890045166	0.26087187589670063	677.805039138794	-0.03521517327055335	174080
1126400	2200	0.42447365316477687	-1.8705071256851609	-168.85163220214844	0.37910501249297524	514.5607750701904	-0.04056331658735871	176000
1136640	2220	0.42560709760077164	-1.8778813055746715	-187.64570904541014	0.23660805938331758	637.7530417633056	-0.0490673641487956	177280
1146880	2240	0.42822282601680073	-1.8768470170708107	-169.44053190612792	0.26006016491657286	422.883814163208	-0.028144353181123734	179200
1157120	2260	0.42961897970514096	-1.879912257452119	-175.80410900878906	0.2782738965262542	492.99609169006345	-0.020553761776536703	180480
1167360	2280	0.4317871222370549	-1.8796623299453865	-169.2834513397217	0.3339954173666192	471.675888748169	-0.025908809769898653	182400
1177600	2300	0.43317593919690894	-1.881458288123539	-169.79968356323243	0.2677099826528502	549.9550187683105	-0.03818415530025959	183680
1187840	2320	0.43541267935572	-1.8802711838727881	-166.2939133300781	0.37238994997239205	469.20468090057375	-0.03778294149786234	185600
1198080	2340	0.4366639502448578	-1.8842662987682	-170.64261791992186	0.275181255833857	507.6768212127686	-0.0239929242990911	186880
1208320	2360	0.4390504514766952	-1.8846709536735788	-162.9181323852539	0.2987885806332342	490.4538075256348	-0.03329094091430306	188800
1218560	2380	0.4408058402714906	-1.8846980131071325	-162.90578958129882	0.3256374481336679	462.92390689849856	-0.032290657628327606	190080
1228800	2400	0.4425527742505074	-1.888444710019976	-164.82336587524415	0.3748483741013333	452.9128047180176	-0.030355069749057294	192000
1239040	2420	0.4437182061127479	-1.8944134627783438	-197.25383183288574	0.36004487958416576	636.2373049926758	-0.02900686638429761	193280
1249280	2440	0.44531589697618956	-1.901927426060448	-193.64659713745118	0.24351984422543319	655.6607865142822	-0.015351658249273896	195200
1259520	2460	0.4469091823318494	-1.8986985689690428	-172.12336935424804	0.34238722063053867	455.8768726348877	-0.030001013055443764	196480
1269760	2480	0.44877454186639476	-1.8991997390444721	-180.4789857788086	0.3997139724397566	450.5270948028564	-0.03235833032056689	198400
1280000	2500	0.4502048262227804	-1.901559004649663	-176.09809716796875	0.37403030979051255	509.90833511352537	-0.03491804841905832	199680
1290240	2520	0.45242699204929293	-1.9045570610475446	-171.82920668029786	0.4206870921429945	519.8796532821656	-0.03532046736218035	201600
1300480	2540	0.4537883298442191	-1.9056357986202657	-177.47326779174804	0.37738880517824147	482.15636611938476	-0.028363131266087294	202880
1310720	2560	0.45556604480370877	-1.9104667151754255	-186.75041430664064	0.34020168137743895	574.769384765625	-0.03106361897662282	204800
1320960	2580	0.4568827360498239	-1.9116083815265794	-179.99044438171387	0.4499753002567959	556.1551160049438	-0.020846202224493026	206080
1331200	2600	0.45833366880050075	-1.913668316551126	-178.8035482788086	0.34701296018178984	555.787579460144	-0.03951933590695262	208000
1341440	2620	0.45941934609267326	-1.9148269613253506	-176.00302780151367	0.26773329599832507	553.5299937438965	-0.035311668142676354	209280
1351680	2640	0.461067423043829	-1.9138381114906886	-169.09898725891114	0.3959185704602423	517.5678995513916	-0.037818115251138804	211200
1361920	2660	0.46234026560223246	-1.9135337104313974	-164.10792108154297	0.3850576529777609	455.6585874176025	-0.04519409200176597	212480
1372160	2680	0.46409131795612735	-1.9160851206741671	-175.90255407714844	0.3299464086574735	472.6873334121704	-0.04135530627332628	214400
1382400	2700	0.46484897884841486	-1.9188028370978127	-179.64285159301758	0.305030770061072	521.0983930206298	-0.029768856633454563	215680
1392640	2720	0.46675513675984215	-1.9232197220218095	-188.54363304138184	0.26502806273510215	544.7036181259156	-0.018273952901363372	217600
1402880	2740	0.46798046055244424	-1.920729372797436	-148.9837397003174	0.39433810744038783	404.24923828125	-0.030275780260562896	218880
1413120	2760	0.4693492983562359	-1.9245065791397422	-170.95160818481446	0.34117853232409107	484.4665579223633	-0.03621740161441266	220800
1423360	2780	0.470407018314521	-1.9239883716956254	-170.24011277770995	0.2986474469136447	487.7341172790527	-0.026806725654751062	222080
1433600	2800	0.47198240339756015	-1.9235332177739057	-162.99629383850097	0.3879012369111588	442.891446723938	-0.032988426331430676	224000
1443840	2820	0.47299589072777465	-1.926297690587076	-165.8774563598633	0.27069611020031153	437.0547170257568	-0.016240913616493345	225280
1454080	2840	0.47460733223968826	-1.9245431217037037	-153.86858413696288	0.31567857949383327	433.70994838714597	-0.03793508432805538	227200
1464320	2860	0.47548708319664	-1.9258034358202827	-164.3485908355713	0.28585647290223276	415.019020614624	-0.04315364869311452	228480
1474560	2880	0.47686103193296325	-1.9289180439741662	-174.17305723571778	0.36673205527156827	486.4854203796387	-0.023884848840534687	230400
1484800	2900	0.4779000215602843	-1.9317614270209524	-193.92722061157227	0.39350229724735253	587.2412241363526	-0.031141071300953626	231680
1495040	2920	0.47945334021359276	-1.9356468777491214	-191.98467932128906	0.3532859032295237	608.7356379318237	-0.02782612808048725	233600
1505280	2940	0.48028891620908837	-1.9385468000317707	-199.6060665435791	0.36601193159047396	635.4054212188721	-0.03238704146817326	234880
1515520	2960	0.48144731126927043	-1.9439308632416903	-204.03710768127442	0.37839448537305	715.8667841720581	-0.035774298533797266	236800
1525760	2980	0.4822811563649485	-1.9468321276638376	-208.53818489074706	0.37160387322632593	727.9050820159912	-0.03606813188642263	238080
1536000	3000	0.4834795237382253	-1.9475979927728573	-219.8216139831543	0.5023818604609697	634.1928879547119	-0.02734425788745284	240000
1546240	3020	0.4842053236790614	-1.9490994789269542	-169.24765890502928	0.18838323160661094	629.3560884094238	-0.029774143062531948	241280
1556480	3040	0.48500464786040154	-1.9402591512342424	-155.08900378417968	0.3509850765691663	236.47501501083374	-0.022554525677114724	243200
1566720	3060	0.4859902353967048	-1.9380023699419582	-123.17112706756592	0.2848184798580478	228.16130376815795	-0.04531471256166696	244480
1576960	3080	0.48710515739081744	-1.9401490281106202	-144.03160161590577	0.37840893493895417	379.85698757171633	-0.02638232132419944	246400
1587200	3100	0.4878535439339719	-1.9415198735440347	-156.08135975646974	0.23389070120087127	477.4064923095703	-0.029679997265338896	247680
1597440	3120	0.4889368835932169	-1.941755426995074	-158.3064934387207	0.20333939837256912	455.16291831970216	-0.027750115673989058	249600
1607680	3140	0.489623169281653	-1.940657985601004	-146.8267664794922	0.21787847261677962	406.90748149871825	-0.028073061965405943	250880
1617920	3160	0.49046656006499184	-1.9385696629887517	-147.84575830078126	0.22601705451738963	366.0546298980713	-0.022682002987712623	252800
1628160	3180	0.49113981602173906	-1.9365526084889018	-150.17301473999024	0.35232483281358146	306.7297501373291	-0.011651257099583746	254080
1638400	3200	0.49206185422837734	-1.9344893846614286	-136.16446788024902	0.3657079100110568	396.19125968933105	-0.035684412056580184	256000
1648640	3220	0.4929248015234126	-1.9327042993130301	-135.8002562866211	0.4361961884710472	297.81160690307615	-0.028098784126341342	257280
1658880	3240	0.49389005877353526	-1.9365119652201732	-159.71606130981445	0.306796713873744	500.54015434265136	-0.03252379609271884	259200
1669120	3260	0.49444365259763357	-1.9377259740180333	-162.6341239929199	0.23556631605658912	461.13291542053224	-0.01782922220416367	260480
1679360	3280	0.4953686467758039	-1.9323243423887506	-132.7174146118164	0.3843205341260182	297.607433013916	-0.03527083658613264	262400
1689600	3300	0.49604597752823415	-1.9339244560230053	-164.85805859375	0.3743053633637028	370.10507591247557	-0.020720718577504158	263680
1699840	3320	0.4964271965515183	-1.9362668023725231	-167.47874609375	0.3332665080637671	503.75209304809573	-0.028529048785567283	265600
1710080	3340	0.4968681058866515	-1.9362075097939309	-157.49886541748046	0.23323813972513016	434.1476502609253	-0.026033466830849648	266880
1720320	3360	0.4976764229791505	-1.9334072167630352	-141.6187061920166	0.2088299974610709	392.87136001586913	-0.019740540999919176	268800
1730560	3380	0.4981031381829655	-1.9301670776256383	-129.6378881072998	0.260843658165948	273.1598028564453	-0.018236523158848286	270080
1740800	3400	0.4989694199141334	-1.9259649563493098	-124.87470040130616	0.28172439243434927	237.331194190979	-0.024176364345476032	272000
1751040	3420	0.4998182301917735	-1.9238055654751263	-120.53459909057617	0.31774870645540065	243.5663051223755	-0.03099947988986969	273280
1761280	3440	0.5007742445829303	-1.9258895164962078	-139.51402072906495	0.3907143416360486	377.8429147720337	-0.03105318292975426	275200
1771520	3460	0.5009893307945242	-1.930257343648312	-180.9841028442383	0.3656737280841917	547.7675122070312	-0.02665691925212741	276480
1781760	3480	0.5019166992313561	-1.9339652325187264	-191.25790817260742	0.3732298190082947	614.7293765258789	-0.024126186054199934	278400
1792000	3500	0.502159420562827	-1.9348595691312027	-187.85022891235351	0.3564579263810883	517.4082827758789	-0.02104816894978285	279680
1802240	3520	0.5028057246722958	-1.9326990569814702	-160.37822967529297	0.2998322108415887	430.87840324401856	-0.02636715916916728	281600
1812480	3540	0.50326540735782	-1.934306935820206	-174.68208731079102	0.3142616882671718	489.710438041687	-0.030222432296723126	282880
1822720	3560	0.5038116828109441	-1.938085609938154	-187.94005714416505	0.3818591944098007	586.161697769165	-0.0285748858936131	284800
1832960	3580	0.5041378846504544	-1.941298923565604	-191.2393310546875	0.2523213275948656	623.9194179534912	-0.01827043293043971	286080
1843200	3600	0.5044608334037992	-1.943453094491528	-198.1377125854492	0.478090903759934	675.413988494873	-0.037655182862654325	288000
1853440	3620	0.5048452836617959	-1.9448810302141428	-180.47842022705078	0.22487517914301133	620.0788792419434	-0.03176102977246046	289280
1863680	3640	0.505129868709124	-1.9428623680844084	-162.41049697875977	0.35323366650671234	420.40210876464846	-0.021007306072860957	291200
1873920	3660	0.5053298643563978	-1.9445464020835428	-171.76758247375489	0.35032965856499504	497.52073219299314	-0.028618435868993403	292480
1884160	3680	0.5055872198032296	-1.9437974441918018	-160.6809425354004	0.2026665035922415	463.95968521118164	-0.02934210266917944	294400
1894400	3700	0.5057944499310993	-1.9427141293649486	-161.636770111084	0.3474816743593547	436.68753158569336	-0.024076075069606306	295680
1904640	3720	0.5059683513897721	-1.9380921038768946	-174.9037417602539	0.48905365308001636	288.9074150466919	-0.03801001677289605	297600
1914880	3740	0.5058643547957663	-1.9405400112821727	-151.63146891021728	0.3239607647497905	426.34102573394773	-0.040787856755778194	298880
1925120	3760	0.5060298130233237	-1.9408794710491883	-142.39612760162353	0.21188127843878465	451.18075508117676	-0.027642120756208897	300800
1935360	3780	0.505944855448048	-1.9414089451409813	-140.20448282623292	0.18032327691969113	431.7548504638672	-0.036380475386977196	302080
1945600	3800	0.5058834407831493	-1.9361553167551755	-120.00383466339112	0.20801520322344733	249.80318675994874	-0.015119296610355376	304000
1955840	3820	0.5055962687268447	-1.9292107767833542	-87.61486888122559	0.22243856589627103	131.30081383705138	-0.009889255482703448	305280
1966080	3840	0.5054635075231393	-1.9169928835666117	-56.93638318634033	0.23067466579418397	35.66282463550568	-0.0166701574716717	307200
1976320	3860	0.5056619677553533	-1.9091333345340031	-26.177754687309264	0.2912061013671919	17.441864881515503	-0.032162002800032494	308480
1986560	3880	0.5065868511642377	-1.9007389967915478	-16.966565242290496	0.3530117459380999	19.762920508384706	-0.033915231246501205	310400
1996800	3900	0.5070141135299965	-1.9026078560716593	-91.85642730712891	0.3912083436455578	134.89315971374512	-0.0312675285898149	311680
2007040	3920	0.5076011706371697	-1.9074122024757065	-136.69890473937988	0.3143261189076584	416.9810408782959	-0.03314164943993091	313600
2017280	3940	0.507973486330451	-1.9105342010857644	-181.45839781188965	0.3329559560853522	543.4879379272461	-0.02652768973261118	314880
2027520	3960	0.5086256170513654	-1.9148502903473046	-191.95621282958984	0.353238732279744	679.3278391265869	-0.03865727258846164	316800
2037760	3980	0.5088992124831893	-1.9158526267762666	-187.3774736480713	0.24499353596853324	572.7999742126465	-0.015667141452431678	318080
2048000	4000	0.5093849925994873	-1.9104810818154365	-152.29649465179443	0.368759649416781	294.3994448471069	-0.018437880259007215	320000
2058240	4020	0.5098213739841583	-1.910616866949263	-146.87580714416504	0.32305499246972613	327.8000738143921	-0.026981108067557217	321280
2068480	4040	0.5103123221066919	-1.9133493700553432	-159.87005535888673	0.27691297071543525	479.0662656402588	-0.02863912109285593	323200
2078720	4060	0.510600007379784	-1.9132994564757104	-161.39634696960448	0.3250421301533934	432.50857509613036	-0.0213092459179461	324480
2088960	4080	0.5111959819700204	-1.9106958525748376	-141.5060309677124	0.3406821726788767	316.0842747116089	-0.02580488532781601	326400
2099200	4100	0.5115511319600046	-1.9122850304429448	-162.03681552124024	0.40358915595384315	395.34002201080324	-0.024214813020080328	327680
2109440	4120	0.5119476221140149	-1.914546749055458	-165.54073104858398	0.2754407320506871	516.5643129730224	-0.0225407737493515	329600
2119680	4140	0.5120407243761841	-1.9164882721667622	-180.00910926818847	0.25512920684689017	608.6250356292725	-0.0332640278339386	330880
2129920	4160	0.5122497404997165	-1.9168260174033305	-166.17102871704103	0.3714941983041353	442.6201084136963	-0.02351033503189683	332800
2140160	4180	0.5124244858935418	-1.9186025029815506	-176.8189459991455	0.23061805350659415	551.5617668914795	-0.026758828759193422	334080
2150400	4200	0.5127899789810181	-1.9168039423812713	-181.7904821624756	0.3350271192936925	412.96178703308107	-0.024618998914957047	336000
2160640	4220	0.5129420770865917	-1.9174111090490924	-151.94211763000487	0.21087492023102822	455.74433067321775	-0.030138463862240315	337280
2170880	4240	0.5130618717310563	-1.9142440641562473	-136.71239472961426	0.3700074756066024	312.94463363647463	-0.02412320449948311	339200
2181120	4260	0.5131278962345052	-1.9158618206777995	-146.99536264038085	0.20550482678448315	428.61767555236815	-0.03269585154950619	340480
2191360	4280	0.5132507869016344	-1.9150213385035642	-157.46547924804688	0.3289389957320236	416.7882269668579	-0.028411488607525827	342400
2201600	4300	0.5129691160368963	-1.9111454294564365	-115.42731098937988	0.27583192114980193	230.5949997138977	-0.023289744099602102	343680
2211840	4320	0.5132058475856428	-1.905453614036863	-99.78987657165527	0.25043053857967607	149.37681129455567	-0.017702770307660102	345600
2222080	4340	0.5133418763035777	-1.904891498058663	-113.1558966140747	0.3417661846613046	191.85453201293944	-0.0255871619284153	346880
2232320	4360	0.513746486125736	-1.9055381832610165	-127.20323141479493	0.19555171253095613	303.83745273590085	-0.021495942398905753	348800
2242560	4380	0.5135382407326149	-1.9020230316555287	-113.013266456604	0.20580516476133198	224.39063606262206	-0.03214320240542293	350080
2252800	4400	0.5135624001242898	-1.8960231066579847	-89.27089259338379	0.3349626251991722	126.46930813789368	-0.022370273396372795	352000
2263040	4420	0.5137752790165984	-1.893501948917865	-91.3886326675415	0.3190693664478604	144.7651286125183	-0.02833549428731203	353280
2273280	4440	0.5143829354294785	-1.892210142114745	-108.48019188690185	0.31529121946636585	216.69748106002808	-0.02856273118406534	355200
2283520	4460	0.5147300858043896	-1.893422471852622	-135.02538636779786	0.23839358116220682	333.3930369186401	-0.02514232076704502	356480
2293760	4480	0.5150187766977719	-1.8924454319440493	-140.86196841430663	0.25058241339068626	306.8409433746338	-0.01590564750134945	358400
2304000	4500	0.5153079199409145	-1.88964761775219	-121.89061284637451	0.24745690649531024	234.28161613464354	-0.010969222988933325	359680
2314240	4520	0.5155551341782629	-1.884752272321653	-88.97508864593506	0.3521902671759017	129.09101108551025	-0.022147314622998238	361600
2324480	4540	0.5158990962164742	-1.886336800100272	-129.40827516174318	0.24991748975333758	274.28191829681396	-0.03255577983334661	362880
2334720	4560	0.5161863891701949	-1.885192312301839	-144.6839821166992	0.3534571031429223	303.4930875015259	-0.023625236731022597	364800
2344960	4580	0.5163544016284543	-1.8838642235679253	-135.55187474822998	0.3753320130282082	273.5753340911865	-0.01252706796862185	366080
2355200	4600	0.5167964557979418	-1.883567492885758	-135.8841382446289	0.2566765522561618	351.6238053894043	-0.02030611801892519	368000
2365440	4620	0.5169957482628847	-1.8830253658783938	-150.81201592254638	0.44394977058190854	354.68225776672364	-0.022161888098344205	369280
2375680	4640	0.5172905348498246	-1.88322501760779	-152.01201528930665	0.31197017023753143	381.48925842285155	-0.013725132429972291	371200
2385920	4660	0.5175427336668231	-1.8813449101621778	-141.7583459625244	0.3439475363647798	294.92566062927244	-0.014677842818200589	372480
2396160	4680	0.5180292644052424	-1.879381768954679	-130.83859741973876	0.286348971931031	250.3495948791504	-0.013122645895928145	374400
2406400	4700	0.5184616259659373	-1.8772040024999486	-117.06291543579101	0.35103315080568426	232.36471271514893	-0.014314372930675745	375680
2416640	4720	0.5189679084187847	-1.8771478041012029	-131.99601361846925	0.32741515821497885	328.409825592041	-0.036079323925077914	377600
2426880	4740	0.5192479772140851	-1.8765551335370243	-139.41588134002686	0.26957721574394966	309.39337869644163	-0.012115174923092126	378880
2437120	4760	0.519488295587171	-1.8762428440231862	-143.63224015808106	0.35823920106253354	411.68584239959716	-0.02486315231770277	380800
2447360	4780	0.5195885609142744	-1.876026381027122	-153.9188222808838	0.3524630299261771	330.7308095550537	-0.013532218672335148	382080
2457600	4800	0.5195328637460868	-1.871038883056802	-123.91314512634277	0.22826288981200196	187.03684663772583	-0.014700067741796375	384000
2467840	4820	0.5195379198290581	-1.865270377036209	-70.25649903869629	0.241642377013457	79.65297707557679	-0.016950497925281523	385280
2478080	4840	0.520018779098495	-1.8571901025496855	-41.780168083190915	0.3087134724613279	39.6202620601654	-0.031657599173486234	387200
2488320	4860	0.5203741903261848	-1.8551831126252967	-55.89797941589355	0.3675276168107521	47.67788729667664	-0.042132522398605946	388480
2498560	4880	0.5207693938837676	-1.8558301484624504	-92.66303504943848	0.22921961329953047	178.25672033309937	-0.011276567727327347	390400
2508800	4900	0.5208957803502582	-1.8540291907585353	-106.46479161071777	0.26456418727571146	215.76743434906007	-0.02634570075199008	391680
2519040	4920	0.5213771259397026	-1.8509732373013366	-115.49114813995361	0.2689407252556121	175.30238525390624	-0.02299323046579957	393600
2529280	4940	0.5217259810751416	-1.850098215262413	-111.08177326202393	0.2534452487225644	225.3146641921997	-0.03544356182217598	394880
2539520	4960	0.522152331615648	-1.847499989371206	-102.20725267791748	0.32448856394737957	187.1757312965393	-0.026164869172498585	396800
2549760	4980	0.5224940890380424	-1.847520159049876	-125.30654569244385	0.2741478919563233	264.9186266708374	-0.021605635117739438	398080
2560000	5000	0.5229261614322662	-1.8461314360275864	-126.75220311737061	0.28053446652716957	264.5782404327393	-0.015051026847213506	400000
2570240	5020	0.5231555886150737	-1.846079630585628	-132.11086179351807	0.24792044169365546	340.0264655303955	-0.028940363395959137	401280
2580480	5040	0.5234680520636695	-1.8430404095082646	-123.90340715026855	0.25120429639468783	211.93719749450685	-0.02400258306413889	403200
2590720	5060	0.5239720952378798	-1.840172077530606	-103.60643502044678	0.2515249071503058	162.2093176651001	-0.012066375762224198	404480
2600960	5080	0.5243296349611808	-1.8365431727988162	-97.74656493377685	0.26630757975077723	154.5601580619812	-0.015966714024543763	406400
2611200	5100	0.5246056940997227	-1.8349520251216305	-101.29366831207275	0.321848769321281	150.9365525817871	-0.0304339334089309	407680
2621440	5120	0.5251152979675681	-1.8341724983081804	-117.21560029602051	0.3306754689987865	240.11630027770997	-0.02947527451440692	409600
2631680	5140	0.5252936255430507	-1.8343338625305377	-133.75277897644042	0.35024241981082016	282.9301630020142	-0.01079752979800105	410880
2641920	5160	0.5257633944352468	-1.8337507618158015	-135.59260148620606	0.2595000856411061	337.83098709106446	-0.027418706193566324	412800
2652160	5180	0.5260113300366969	-1.833687184273425	-137.38696364593505	0.2654383311078127	360.3781856536865	-0.022010943070054054	414080
2662400	5200	0.526351868051749	-1.8303332444925147	-124.77130220794677	0.25247242002282294	221.35072200775147	-0.017325655315071343	416000
2672640	5220	0.5267134359552085	-1.8276274297172146	-101.04257068634033	0.2847507348973304	166.16751012802123	-0.005911990646272898	417280
2682880	5240	0.5274933747207845	-1.8260803264188972	-107.37174314880372	0.29471519621275366	204.39292108535767	-0.013538263523951172	419200
2693120	5260	0.5279321734491549	-1.8252415649459628	-113.6397372970581	0.4024116161651327	219.98253150939942	-0.025707780681550503	420480
2703360	5280	0.5282908369645928	-1.8259946317059186	-133.09773725128173	0.3589446819906589	313.46897590637207	-0.017540041878819464	422400
2713600	5300	0.5284757574969549	-1.8266846555273901	-150.0533916015625	0.26597785849065986	403.35573348999026	-0.019517267029732464	423680
2723840	5320	0.529125837410303	-1.8266044263230792	-150.64383206176757	0.276616702076135	403.19431842803954	-0.01986541585996747	425600
2734080	5340	0.5294079016084257	-1.8262356449675368	-147.07960441589356	0.297665573057835	356.1967175483704	-0.01951526878401637	426880
2744320	5360	0.5299385873684243	-1.8241625413646114	-136.42041834259032	0.3037688488207641	276.8686528968811	-0.016205905489623546	428800
2754560	5380	0.5304351527509945	-1.8236171900907288	-133.9930671157837	0.3894673243281431	316.4190466117859	-0.025028667533770203	430080
2764800	5400	0.5308583917882708	-1.8231939043504772	-136.5808939819336	0.31014895856403746	328.29428485870363	-0.02767839077860117	432000
2775040	5420	0.531045675849985	-1.824329581503733	-149.84798162841795	0.29974137944285756	442.11995140075686	-0.02496745442971587	433280
2785280	5440	0.5315061801934944	-1.8254799425286954	-160.46468186950685	0.3376307793869055	464.7957960510254	-0.019395789951086043	435200
2795520	5460	0.5318119889043293	-1.8260179673856851	-163.7056298980713	0.30906242972103065	467.24258991241453	-0.01373355818912387	436480
2805760	5480	0.532419563775515	-1.8275695810910233	-166.50725904846192	0.2938316641745623	568.1361655426025	-0.018258671369403602	438400
2816000	5500	0.5327197541923329	-1.8282052075186692	-169.1592049407959	0.29284953573840905	489.25818504333495	-0.017762183248996734	439680
2826240	5520	0.5332801735487537	-1.8294223470653852	-176.5582703552246	0.3469974458521465	530.1799900054932	-0.01642804759554565	441600
2836480	5540	0.5335927600891603	-1.8301682327214541	-171.39945083618164	0.30951200470898765	492.85382476806643	-0.011978695988655091	442880
2846720	5560	0.5340974141796716	-1.8313244009738883	-177.59462850952147	0.37260681789414957	525.4413955688476	-0.01860671428963542	444800
2856960	5580	0.5343861331471069	-1.832518679822075	-181.7070140991211	0.3950521324716974	578.1337915802002	-0.01912186504341662	446080
2867200	5600	0.5350204560160637	-1.833736520464133	-176.02898448181153	0.2888872792806942	500.01791805267334	-0.012273734305053949	448000
2877440	5620	0.5354113171667795	-1.8339345249389842	-169.41693336486816	0.28112333768920506	463.6143450927734	-0.01146675618365407	449280
2887680	5640	0.536072394653415	-1.8347551617758178	-171.08213821411132	0.2916522896814859	435.4581269073486	-0.007501467764377594	451200
2897920	5660	0.5363764587942579	-1.835715494334666	-171.81104010009764	0.29197943797014886	510.8973199081421	-0.02740606190636754	452480
2908160	5680	0.5368779463247514	-1.8376616586799877	-178.52423301696777	0.3695480493802461	557.3706438446045	-0.015321321738883852	454400
2918400	5700	0.5371439611392744	-1.8385188932533199	-177.32194731140137	0.3492312631009845	486.225964050293	-0.009118092488497495	455680
2928640	5720	0.5374637057314385	-1.8400191681902414	-180.10520610046387	0.42594270124018657	565.9245938491821	-0.021577779790386557	457600
2938880	5740	0.5375672577564686	-1.8413956123449666	-180.41297607421876	0.2765918522696011	588.2130335998535	-0.018782731983810662	458880
2949120	5760	0.5378794998344448	-1.8432185611493574	-184.7895394592285	0.24063151363471844	572.8143271636962	-0.017518170941621065	460800
2959360	5780	0.5381736108553377	-1.8430027192022518	-167.07337286376952	0.24483329301374032	521.9642321777344	-0.007435948047786951	462080
2969600	5800	0.5385581833329695	-1.8428382299390846	-162.8562839050293	0.2828283094873477	415.94107719421385	-0.014241844899952411	464000
2979840	5820	0.5388966099842051	-1.8425088631926922	-155.0755167236328	0.40024264113267416	372.19933929443357	-0.021164977476000785	465280
2990080	5840	0.539330155922942	-1.8432281278290672	-152.7389086151123	0.21661134321813005	375.36996143341065	-0.011088969968259334	467200
3000320	5860	0.5397363333998482	-1.8417241939463107	-137.17553987121582	0.23873493094200968	308.7868017196655	-0.013874191343784332	468480
3010560	5880	0.540163332629366	-1.8395289829507673	-127.09043019866944	0.29734224052616626	256.1483223152161	-0.019128613425418734	470400
3020800	5900	0.5404359289474048	-1.8385990861022348	-122.5235832824707	0.3479914561691112	245.47956155776978	-0.016467035561800004	471680
3031040	5920	0.5409379081548871	-1.8382682804836312	-130.55466161346436	0.2693806524629181	295.82659591674803	-0.01817200385965407	473600
3041280	5940	0.5412729238323124	-1.8380324234570957	-136.75123091125488	0.2682139716829115	298.84145011901853	-0.012807205971330404	474880
3051520	5960	0.5415976511151999	-1.8390519905122835	-147.27695877075195	0.348581768476055	453.9395748901367	-0.022350905314087868	476800
3061760	5980	0.5418127789155865	-1.8388058066560102	-159.1319882659912	0.3781497387593845	380.09168128967286	-0.00767986354418099	478080
3072000	6000	0.5420102995634078	-1.8398919899972777	-179.90920539855958	0.539366776179988	546.0714234924317	-0.019592974791303275	480000
3082240	6020	0.5422520624434061	-1.8401067700507021	-170.66480374145507	0.39051479906120223	492.53076763153075	-0.015021462198346854	481280
3092480	6040	0.5425066175445026	-1.8404249265210222	-188.43735496520995	0.5055365609768778	548.2214259338378	-0.022712941262871027	483200
3102720	6060	0.54274592685416	-1.8409425876604066	-162.06948573303222	0.30680619486351496	513.6627619934083	-0.022387415636330843	484480
3112960	6080	0.5429631235176011	-1.8417459641350433	-159.82174519348143	0.268933845758409	547.0221280670166	-0.0118748146481812	486400
3123200	6100	0.5432580781029904	-1.8423715860856662	-167.96302543640138	0.3212006564559415	501.0378968048096	-0.015630722362548113	487680
3133440	6120	0.5435206931790495	-1.8430672043788374	-166.33350701904297	0.26943279611952314	452.23951984405517	-0.00948579765856266	489600
3143680	6140	0.5436388117005027	-1.8430549656739155	-164.79263549804688	0.36597239389127934	443.71801864624024	-0.012804397363215685	490880
3153920	6160	0.5438492604277351	-1.843884333979048	-158.53505880737305	0.28151192450500095	514.4784465026855	-0.00723924396559596	492800
3164160	6180	0.5439271535048831	-1.8438917333320497	-158.92727102661132	0.26125975984471733	415.2851155090332	-0.01798730855807662	494080
3174400	6200	0.544306178054502	-1.8433142078800067	-145.67277124786378	0.370957419652259	360.91217933654787	-0.005515059176832438	496000
3184640	6220	0.5446652330103374	-1.842762974977848	-146.11459580993653	0.31650488400948235	354.95805856704715	-0.019702453799545765	497280
3194880	6240	0.5448978351094784	-1.8434757507489756	-153.3871484375	0.43142347091581906	399.9804704284668	-0.012661802731454373	499200
3205120	6260	0.5451267025888423	-1.8440067324218103	-161.75190567016602	0.3497807366179477	448.9227871704102	-0.019619370345026255	500480
3215360	6280	0.5453693706138878	-1.8446240684515827	-155.7438528442383	0.2591297078005155	471.2297633743286	-0.019049458242952823	502400
3225600	6300	0.5455797012076444	-1.8448471763719163	-156.64720611572267	0.27191342307743616	482.62753799438474	-0.013733478747308254	503680
3235840	6320	0.5459762364625931	-1.8448753457763998	-154.75751754760742	0.2593691413331835	375.02149909973144	-0.010263722529634834	505600
3246080	6340	0.5461672876745162	-1.8441279975784415	-145.48845335388182	0.24428105841216166	338.90003099441526	-0.007585783842951059	506880
3256320	6360	0.5463653242438095	-1.8433225994320503	-143.50139054870604	0.3835318812684855	332.00109786987304	-0.017876827754080296	508800
3266560	6380	0.5465088649331551	-1.8434214564788165	-145.4477578125	0.27307307480275633	351.49259449005126	-0.004850713983178139	510080
3276800	6400	0.546961540915072	-1.8431980368227232	-147.71088209533693	0.265535563480109	372.391669960022	-0.015057186689227819	512000
3287040	6420	0.5471675126555554	-1.8434115114384924	-148.81624949645996	0.26371206959991833	405.3129888534546	-0.022232859740033747	513280
3297280	6440	0.5474972469095858	-1.8433466443097832	-147.54389965820312	0.24243680637844955	429.23397331237794	-0.011260520303621888	515200
3307520	6460	0.5475200641775663	-1.8431945954734525	-142.77569155883788	0.19419388980189342	459.5747399902344	-0.015505044106394052	516480
3317760	6480	0.5478611950153186	-1.8428125316449613	-151.48121620178222	0.32632073120313726	433.1833016204834	-0.016545429937541486	518400
3328000	6500	0.5479489797955663	-1.8416008206160068	-131.7938584365845	0.23067809696489713	273.7377897644043	-0.0028872766252607106	519680
3338240	6520	0.5481110732613897	-1.8399330247867784	-123.34121776580811	0.41878439375024756	269.7494231414795	-0.01399056065827608	521600
3348480	6540	0.5481906434386568	-1.8399058465596239	-140.62463861083984	0.3954521396344062	336.46519443511966	-0.014186378009617329	522880
3358720	6560	0.5483762226817085	-1.8406056209774007	-149.43595275878906	0.32463003701693377	425.30518310546876	-0.009116389136761428	524800
3368960	6580	0.5484809097799942	-1.8401170981075805	-145.33820135498047	0.2866736045536527	365.81086269378665	-0.0024707766063511373	526080
3379200	6600	0.5488237069231091	-1.8402197085467704	-145.0214300994873	0.26379853957350136	474.21673065185547	-0.013892667945474385	528000
3389440	6620	0.5488986306279862	-1.8402788616466856	-148.3003073120117	0.2607246408831561	471.7138041305542	-0.016634757732972502	529280
3399680	6640	0.5489898789718927	-1.8407957163661808	-163.09130236816407	0.3926197240819456	527.4079459381104	-0.014235653970390559	531200
3409920	6660	0.5491043752990663	-1.841236153090274	-167.91998963928222	0.3909215910625644	453.3038863372803	-0.012536266632378102	532480
3420160	6680	0.5495119518505599	-1.841579431305433	-166.96638131713868	0.346895748154333	452.5024644470215	-0.014701932985335588	534400
3430400	6700	0.5496047091099524	-1.8416364033903432	-176.33021604919435	0.4964764248793945	475.2355295562744	-0.017156882267445325	535680
3440640	6720	0.5497238197851748	-1.8428313072693223	-171.9385520477295	0.3262631130431255	501.7571378326416	-0.01015203825198114	537600
3450880	6740	0.5498340249132374	-1.843005287013019	-173.1571247253418	0.40338930390242606	445.98140048980713	-0.0036246526055037976	538880
3461120	6760	0.5500432545264091	-1.8429038430558595	-154.0514400024414	0.21003456628882122	451.2682440948486	-0.01442891214042902	540800
3471360	6780	0.5502245645385143	-1.8427931387450243	-156.0630986328125	0.2788391180572216	473.9697039794922	-0.013728999253362417	542080
3481600	6800	0.5504498757684932	-1.8429009213616305	-161.4147508087158	0.37965419982664755	419.49438247680666	-0.008542012348771095	544000
3491840	6820	0.5506411029349471	-1.842952675427673	-165.89959854125976	0.42695772463292814	422.5122985839844	-0.0006499479152262211	545280
3502080	6840	0.5508665994245406	-1.843091054732383	-164.11124906921387	0.38073086119862276	403.5323254776001	-0.005183073878288269	547200
3512320	6860	0.5510005266900102	-1.8427860468828152	-149.61832064819336	0.48174120910426066	357.7881772232056	-0.007579937232658267	548480
3522560	6880	0.5511436702553616	-1.8433183055035336	-154.26984996032715	0.3100705669177842	418.51113815307616	-0.009916601739823817	550400
3532800	6900	0.5513207468867578	-1.8436498317420222	-151.05211508178712	0.23818014916259564	460.4263626098633	-0.01373452702537179	551680
3543040	6920	0.5515134251531149	-1.8433645250232664	-147.7636245727539	0.2349079144626885	417.7829717254639	-0.006131654866039753	553600
3553280	6940	0.5516676975987774	-1.8434032919938057	-159.15577584838869	0.419472553050844	450.2915535736084	-0.011445362698286771	554880
3563520	6960	0.5517084502968295	-1.8439114872505353	-165.87245422363281	0.419514041305054	513.7106530761719	-0.01207552218809724	556800
3573760	6980	0.5518272650009448	-1.843951314868226	-150.58711506652833	0.21470856598069077	363.1078374481201	0.0026812284253537656	558080
3584000	7000	0.5520228670324598	-1.8434219999749746	-156.8660712890625	0.39235747223562795	437.566826171875	-0.021612308723852038	560000
3594240	7020	0.5521126842485187	-1.8435978899415724	-156.17348652648926	0.3509866496523609	485.7455432891846	-0.01243042167276144	561280
3604480	7040	0.5522090105509216	-1.8441180953004568	-163.36725382995604	0.3695694307695376	517.1690051269532	-0.024507539561018348	563200
3614720	7060	0.5523414303318444	-1.8445972280329739	-158.49164653015137	0.28123469377227595	492.70604473114014	-0.008235668428242207	564480
3624960	7080	0.5524280673703231	-1.844854734620174	-183.48767636108397	0.54450368660409	566.4979407501221	-0.01254827331751585	566400
3635200	7100	0.5525048546148663	-1.8443008593158647	-172.06178590393066	0.4821174843241461	403.4029890060425	-0.013486937824636698	567680
3645440	7120	0.552625470114558	-1.84368164342713	-157.52413334655762	0.4108685146216303	389.38353511810305	-0.008176086703315377	569600
3655680	7140	0.5526850446390464	-1.8435490079685595	-156.89783164978027	0.4851950506266439	379.41412048339845	-0.010213158000260592	570880
3665920	7160	0.5529056165138436	-1.8434289862084405	-149.29346421813966	0.33600816518370996	385.0713102722168	-0.004189990609884262	572800
3676160	7180	0.5530994859759757	-1.8435167133104193	-152.81436575317383	0.3324086860579955	410.8079627609253	-0.012980135418474674	574080
3686400	7200	0.5532654761274656	-1.8432683452394687	-141.29974909973146	0.1726213842015859	340.94860996246337	-0.009964454872533678	576000
3696640	7220	0.5533997459779029	-1.8421214725543433	-139.07663372802733	0.34900218151061563	315.6586213302612	-0.002776458514854312	577280
3706880	7240	0.5534334715229372	-1.8417206041484	-144.5229288482666	0.35140324904325826	358.1967342376709	-0.010696594826877117	579200
3717120	7260	0.5535449082362481	-1.8412036847542919	-130.88451580810548	0.21895718957684585	358.1654498291016	-0.011765531860291958	580480
3727360	7280	0.5537083561931337	-1.8406689246041843	-141.89299819946288	0.31524869247018067	351.1079880142212	-0.01540704734623432	582400
3737600	7300	0.5538749748089334	-1.8399410371090645	-133.20632482147218	0.26612587368847745	297.618722076416	-8.076788857579231e-05	583680
3747840	7320	0.5539146744814075	-1.8387587594621575	-138.04808784484862	0.39876984037971125	334.9210804367065	-0.013900750875473022	585600
3758080	7340	0.553987694638116	-1.8384351560464098	-132.29484116363525	0.2373345583183982	326.57996280670164	-0.012023088801652194	586880
3768320	7360	0.5540794937183028	-1.8376569693918219	-131.86683520507813	0.31052056982528303	311.61982223510745	-0.010948480814695358	588800
3778560	7380	0.5541255106571699	-1.83736611114928	-129.54112252807616	0.2225995893234358	342.0487558364868	-0.011653575077652932	590080
3788800	7400	0.5542845903538369	-1.8367050851770752	-127.76286708068848	0.2205437276870216	302.1032887840271	-0.0002332618273794651	592000
3799040	7420	0.5543600511460886	-1.8365600626471632	-145.19482698822023	0.31914533809717976	372.8690930557251	-0.005306804571300745	593280
3809280	7440	0.5542999157982488	-1.8360574339436346	-128.4410463027954	0.14960275514209934	262.21816329956056	-0.0022362828254699706	595200
3819520	7460	0.5544307492193746	-1.8344366810506394	-115.54791740417481	0.2027792759888107	252.69925876617432	-0.005029301680624485	596480
3829760	7480	0.5545835232352191	-1.8327150423029925	-109.94986743164063	0.15270125523513706	220.46931924819947	-0.004261432196944952	598400
3840000	7500	0.5546141875591706	-1.8316872050337645	-129.19756442260743	0.5062484588548541	240.93247745513915	-0.003034700145944953	599680
3850240	7520	0.5547152090579905	-1.8307208179565582	-111.2900283279419	0.1464428573719488	189.8655086517334	0.005981992110610008	601600
3860480	7540	0.5546945727681405	-1.8290045528807095	-101.72954443359374	0.18854690223214857	206.65880981445312	-0.008970775511115789	602880
3870720	7560	0.5548769081711138	-1.826476151516868	-101.1107232208252	0.40145878032159815	182.66949909210206	-0.010523574184626341	604800
3880960	7580	0.5549927871859187	-1.8255770837518346	-107.30508672332763	0.29153296923538435	217.25065420150756	-0.009831379279494285	606080
3891200	7600	0.555182382433038	-1.824521712544129	-123.11774523925781	0.4158500791895203	287.10361946105957	-0.019678928386420012	608000
3901440	7620	0.5553107283571187	-1.8236729317753646	-109.14956436920166	0.18610367317548662	216.77212381362915	-0.006043200306594372	609280
3911680	7640	0.5553403771672574	-1.8206692463216123	-97.39247666168212	0.21646612610440935	139.89474707603455	0.00037805343978106974	611200
3921920	7660	0.5555241587829689	-1.8189601253965322	-91.61328122711181	0.21503860639996128	147.44087480545045	-0.00754494845867157	612480
3932160	7680	0.5557159442144136	-1.8169686168829988	-96.59444648742675	0.20087618361263593	156.87393537521362	0.003193896599113941	614400
3942400	7700	0.5557016361342151	-1.8162429537595077	-109.88773441314697	0.35382824567144416	193.1536318397522	-0.0092139139957726	615680
3952640	7720	0.5558423856688287	-1.8151369955033605	-109.46608712005616	0.20602530128635407	203.39787258148192	-0.006773072304204106	617600
3962880	7740	0.5558601582370845	-1.8130424908817877	-95.63939773559571	0.26909995488010463	154.26110473632812	-0.004885255135595798	618880
3973120	7760	0.5559968070578329	-1.811654400434729	-99.0896293258667	0.17948282994129114	177.51864776611328	-0.0004404580034315586	620800
3983360	7780	0.5561763454427935	-1.8104859363419912	-110.4480144958496	0.3336672719910857	200.1565686416626	-0.011090582106262445	622080
3993600	7800	0.5562924202588888	-1.8101152567766035	-116.16840671539306	0.22153010856140462	260.49873546600344	-0.006853072587400675	624000
4003840	7820	0.5563382086331671	-1.8091515096232387	-117.65249892425537	0.24263007659960567	257.5911723327637	-0.010054408367723226	625280
4014080	7840	0.5565914018725863	-1.8078734192094406	-116.29518341827392	0.2359138426030986	230.37185905456542	-0.003800161089748144	627200
4024320	7860	0.5567063247659785	-1.8073370852223132	-119.572372215271	0.24064352287526708	267.0239384841919	-0.009270491413772106	628480
4034560	7880	0.5568534360621786	-1.8062029296154072	-119.01190048217774	0.22855497900245245	245.8840281867981	0.0019146512262523175	630400
4044800	7900	0.5568854676855854	-1.8057211870384207	-119.56939274597168	0.21803432155004704	235.79503593444824	0.0029947579372674228	631680
4055040	7920	0.5570415704840361	-1.8041884207749983	-118.16069114685058	0.39632914344849995	247.7894803237915	-0.014672207850962878	633600
4065280	7940	0.5570530945194825	-1.8029909727338236	-110.85714508819581	0.278374139187581	203.75068775177002	-0.003731234110891819	634880
4075520	7960	0.5572608393939895	-1.8024999745311825	-115.77334718322754	0.20530554474622476	244.85120447158815	-0.0016259757988154888	636800
4085760	7980	0.5573582107289027	-1.8021759602849334	-130.11110330200196	0.2988262343357492	280.26261693954467	0.0037561717815697195	638080
4096000	8000	0.5575994767844678	-1.8019483022475615	-152.29805296325682	0.472926972258836	320.48744327545165	5.162318237125874e-05	640000
4106240	8020	0.55817416267097	-1.8005317122871056	-130.44862965393065	0.20642549120387413	345.8025537490845	-0.0072178974840790035	641280
4116480	8040	0.5592984872460365	-1.7877177488738671	-137.65311791992187	0.31845874935959	304.11186153411865	0.001970823165029287	643200
4126720	8060	0.5599708478748798	-1.7785170912677422	-133.70965160369872	0.2765119946004124	290.7393913650513	-0.00046114197000861166	644480
4136960	8080	0.5608076837062835	-1.7634238609010353	-128.78794618988036	0.29897183721660986	269.2679804229736	-0.009014870561659337	646400
4147200	8100	0.5612503644824028	-1.7531712897950784	-123.04028855133056	0.2767151249126182	266.01810827255247	-0.003980517964810133	647680
4157440	8120	0.561759998679161	-1.7386964548761026	-121.93541061401368	0.2375156859587987	276.6799713516235	0.004384773876518011	649600
4167680	8140	0.5620038057863712	-1.7295407757693901	-133.09698905181884	0.3583428420359851	324.835659828186	-0.012542859017848969	650880
4177920	8160	0.5615982609689236	-1.7171802632743494	-130.00654849243165	0.2488206711519997	304.1295096588135	-0.001826644204556942	652800
4188160	8180	0.56102672752738	-1.710947964780964	-143.30803579711915	0.3791868250532425	337.3263305282593	-0.0010652605816721917	654080
4198400	8200	0.5609865542352199	-1.7068145584994927	-136.44861267852784	0.26751641012710753	310.75970220565796	-0.012561155678704382	656000
4208640	8220	0.5610595706999302	-1.710618943923153	-133.80576405334472	0.28276733891139155	313.12797176361084	-0.016121741840615867	657280
4218880	8240	0.5613023618459702	-1.7133060181671753	-129.87353798675537	0.2421422795789549	270.0965969657898	0.002288668304681778	659200
4229120	8260	0.5614774740040303	-1.7133550578886643	-125.80855448913574	0.356540440852812	270.73642156600954	-0.0013128089252859355	660480
4239360	8280	0.5624991154819727	-1.7214285393292084	-127.02215258789063	0.23370523817081995	256.6911273765564	0.006940094865858555	662400
4249600	8300	0.5633024790734052	-1.728103445583023	-122.82105180358887	0.29542512887732303	266.57912746429446	-0.012433019354939462	663680
4259840	8320	0.5644969435781241	-1.7386340292030946	-121.41012255096436	0.24354755195532926	258.76937433242796	1.8155071884393693e-05	665600
4270080	8340	0.5654321170598269	-1.7452973076635971	-125.27777257537842	0.35508165231295064	260.315851020813	-0.003918085787445307	666880
4280320	8360	0.5667535182982684	-1.7550810715490952	-128.236635055542	0.3358374736072146	306.81815631866453	-0.0036388733237981796	668800
4290560	8380	0.5676172220259905	-1.7613467686707154	-132.08979129028322	0.281595895838931	323.9586854171753	-0.006313027255237103	670080
4300800	8400	0.568918102607131	-1.770290033989586	-133.42619006347655	0.2157134907094005	330.4626802253723	-0.011803215816617012	672000
4311040	8420	0.5697561257779599	-1.7755314587289468	-132.9897520828247	0.2644136213955935	312.9029801940918	-0.004954774752259254	673280
4321280	8440	0.570406531304121	-1.783714815192856	-138.97621598815917	0.34730401432950747	323.2202285385132	0.002750699184834957	675200
4331520	8460	0.5704833797514438	-1.7878457282418385	-135.75295442199706	0.22870006386146996	326.8139054107666	-0.007077552117407322	676480
4341760	8480	0.5708326104581356	-1.7863363746041432	-139.25287467956542	0.26798167802218814	310.0032068634033	0.00516431299969554	678400
4352000	8500	0.5711656355857849	-1.7832304061288013	-135.20996684265137	0.2229695212874649	308.58932704925536	0.000664757089689374	679680
4362240	8520	0.5716613673865795	-1.7814102396601812	-129.91491717529297	0.2457960686448496	267.69793395996095	-0.006645383527502418	681600
4372480	8540	0.5724073970913887	-1.7838794310921804	-126.5752314376831	0.23555590869658044	291.865345954895	-0.00408611822873354	682880
4382720	8560	0.5737029431015253	-1.7891095829056576	-136.11575538635253	0.3665555662937695	306.9697802734375	0.0007056706584990024	684800
4392960	8580	0.5745439710021019	-1.7916637883996591	-121.70414562988282	0.2380998028236063	249.52490495681764	0.0018298371508717536	686080
4403200	8600	0.5756052495241165	-1.7964422711497172	-117.06344913482666	0.21306891753124363	242.81408155441284	-0.012230040356516838	688000
4413440	8620	0.5766524194404483	-1.7911394520169124	-118.2059393310547	0.26236775410435076	242.32528606414795	-0.0027969649620354173	689280
4423680	8640	0.5781467635259032	-1.7823822467690333	-117.49205237579346	0.22804595031551433	223.27708053588867	-0.0015390172600746154	691200
4433920	8660	0.5792301276698708	-1.775446673787199	-107.98433312225342	0.2185945573613135	207.15356824874877	-0.0018426118977367878	692480
4444160	8680	0.580351712487638	-1.7672230999832972	-108.1767599029541	0.21722987356132945	221.56759908676148	-0.00401104848831892	694400
4454400	8700	0.5807906372472644	-1.7622908053761348	-116.61777690124512	0.24359222729901375	239.14358823776246	0.0016916626319289207	695680
4464640	8720	0.5813543492779135	-1.759353107488714	-113.6271211013794	0.20250817686987285	233.94196998596192	-0.0006741686537861824	697600
4474880	8740	0.5820864248201251	-1.7616695957249031	-122.70266912078857	0.342578536837711	238.89402408599852	0.002356183473020792	698880
4485120	8760	0.5832361208721996	-1.767543079472147	-119.53612543487549	0.2257509757207299	244.80475721359252	-0.004106698092073202	700800
4495360	8780	0.5842251360043883	-1.770909708178602	-114.58087618255615	0.3159888011640869	222.52294580459593	0.004131790418177843	702080
4505600	8800	0.5855535105541348	-1.776526166743599	-117.10511978149414	0.3635532452963525	230.47375413894653	0.008083780054003	704000
4515840	8820	0.5862658312246204	-1.7793392072236165	-112.57303057098389	0.19474155756684194	244.11537034988405	-0.0006453895848244429	705280
4526080	8840	0.5875424048826099	-1.770517326763831	-118.18138962554931	0.2738305610998286	247.15658824920655	-0.007522690743207931	707200
4536320	8860	0.5882385271862149	-1.7650333047425375	-108.86552864837647	0.21374261227228272	208.9533627128601	0.0011274043470621109	708480
4546560	8880	0.5890146439746022	-1.7617863394534214	-106.44190308380126	0.2854068395926588	188.8536332321167	0.005990509614348411	710400
4556800	8900	0.589733098872006	-1.7641396566694603	-109.44238227844238	0.21729911350260955	209.40063077926635	0.005992620196193457	711680
4567040	8920	0.5906179669871926	-1.769286809570156	-110.32854998779297	0.2367956492088051	217.91188793182374	-0.006961366813629866	713600
4577280	8940	0.5910210360959173	-1.7669765526121481	-107.49554274749755	0.2232386079804346	203.18353538513185	-0.007651224546134472	714880
4587520	8960	0.5917925431504846	-1.7591227551763877	-106.85955531311035	0.2089798512995767	188.53449144363404	0.007436993587762117	716800
4597760	8980	0.5922260111048817	-1.753703654772602	-102.5352025604248	0.277498776145163	173.50684715270995	0.004903574138879776	718080
4608000	9000	0.592470090098679	-1.7503254308765754	-102.08389679718017	0.2704545496014762	206.0134140396118	-0.003911771401762962	720000
