steps	episodes	average_discriminator_loss	average_rewards	average_value	average_entropy	average_value_loss	average_policy_loss	n_updates
12288	12	-2.193480314263608	-2.0091925660769143	-32.06592045211792	0.6498580514192581	84.53043161392212	-0.06699673634022474	1920
24576	24	-5.701264975499361	-5.656056851148605	-290.60483528137206	0.6077955866456032	1743.548547668457	-0.05838681960478425	3840
36864	36	-4.830657904540189	-6.991403983698951	-556.6398249816895	0.5509043875299394	3414.879835205078	-0.05389346906915307	5760
49152	48	-3.33302777542267	-6.680068915088971	-576.8119895019531	0.5177455835826695	2766.513137817383	-0.06239620620384812	7680
61440	60	-3.174261287990026	-6.095628345012665	-473.5381011352539	0.5218907088786363	1810.0922625732421	-0.05331321083009243	9600
73728	72	-3.8007741715628653	-5.668691850370831	-399.2961049499512	0.5067655978128314	1314.556578979492	-0.05922680750489235	11520
86016	84	-3.8212174612954257	-5.414954801400502	-371.098794128418	0.48861027488484976	1099.261111755371	-0.05467968347482383	13440
98304	96	-2.5748890539067797	-5.178594780464967	-350.3490424499512	0.483717755028978	977.7191784667968	-0.0470426616165787	15360
110592	108	-3.898216957430355	-4.98565333198618	-324.9507057495117	0.47672968212794514	964.3699142456055	-0.0615801989659667	17280
122880	120	-2.9511317935872357	-4.96557911435763	-352.449791595459	0.4449106261031702	1141.0008686828614	-0.04632672720588744	19200
135168	132	-2.030259220502339	-4.865093543674007	-359.3542239379883	0.4330087101967074	1066.6153703308105	-0.04125593679025769	21120
147456	144	-1.7234724177657628	-4.773329127166006	-345.7987435913086	0.4160633853317704	998.1731399536133	-0.03943245413713157	23040
159744	156	-3.1494338760147804	-4.720544963310926	-374.9804449157715	0.47783893899340185	1365.813917388916	-0.05246440716087818	24960
172032	168	0.6644078634558246	-4.693497335626965	-298.8653247375488	0.07606352783367037	608.3216946792603	-0.02736961968243122	26880
184320	180	-6.305283195564523	-4.969510408242543	-514.9062855529785	0.49383943212032316	3985.6806805419924	-0.0654211260844022	28800
196608	192	-1.5128997513503126	-5.349525880068541	-647.2874454345703	0.3556049470348516	3732.684239501953	-0.04507113637402654	30720
208896	204	-0.2874972520316078	-5.341831311291339	-547.2115420532226	0.30553162583103405	2637.8493267822264	-0.038823106009513136	32640
221184	216	-0.30631665159988913	-5.238759929383242	-448.3551944580078	0.2924300292142434	1418.6128688049316	-0.022090692333877088	34560
233472	228	-0.4690588483614847	-5.051068154343388	-328.9848576660156	0.2845308019739969	748.8479232788086	-0.030966100618243217	36480
245760	240	-0.3278227798998123	-4.853620915611585	-229.73352365112305	0.31670601690124023	391.61403366088865	-0.04118388746865094	38400
258048	252	-0.09055913929826057	-4.681008222557249	-173.74161616516113	0.3316465120550129	247.50966730117798	-0.037554440423846244	40320
270336	264	-0.17983688675874146	-4.570201448418877	-172.76848428344726	0.35244818726734956	315.79304389953614	-0.04064678135327995	42240
282624	276	-1.0495231677531265	-4.559482537317967	-257.61806729125976	0.37539403898455204	625.4194510650635	-0.03758188474923372	44160
294912	288	-0.36669564995082327	-4.556169679595365	-300.9368868560791	0.32141549252171536	783.4973129272461	-0.03278217988088727	46080
307200	300	-0.413486069703009	-4.507223702271779	-294.5540942077637	0.2879694617167115	727.4068812561035	-0.033835152592509986	48000
319488	312	-0.6230623580381507	-4.41462996449226	-255.41423124694825	0.3004055791973369	534.9872268295288	-0.0370383613742888	49920
331776	324	-0.36343334226857404	-4.307396495047911	-210.3791618499756	0.3137136503023212	304.2450980758667	-0.023807747159153222	51840
344064	336	-0.3037634024947765	-4.222709957332838	-183.04721141052246	0.3352585784307448	287.8042842102051	-0.025750992456451058	53760
356352	348	-0.3971081083858153	-4.172492260905518	-200.08672636413573	0.33819153991824713	394.01257305145265	-0.036686897221952675	55680
368640	360	-0.967344186056871	-4.184800267881817	-291.26355699157716	0.35513605951549837	797.8043968200684	-0.03771254340186715	57600
380928	372	-0.9420137896521482	-4.204582919997554	-351.6493859863281	0.3657356307373848	1065.8367431640625	-0.04181910490617156	59520
393216	384	-0.6113435770390206	-4.2209998400261	-399.10420755004884	0.38494042177079246	1378.073711090088	-0.04305561757646501	61440
405504	396	-0.7463210578252328	-4.220100107217076	-473.53792755126955	0.4437971143973991	1938.1148663330077	-0.04937413801439106	63360
417792	408	-1.3987704753710424	-4.2753851068954845	-227.71757582092286	0.007630319554999005	4005.895341796875	-0.04645426988601684	65280
430080	420	-2.5687265141406095	-4.56365597872507	-971.1834983520508	0.4954622236820869	5811.885070800781	-0.07010933026671409	67200
442368	432	-2.4883173210658134	-4.7868994060489864	-453.76453952026367	0.02038013286378009	6524.478537597656	-0.05574616821482778	69120
454656	444	-3.5025459213601424	-4.80427709194991	-335.73882189941406	0.00018118148431115345	957.7137034225464	-0.004173245392739773	71040
466944	456	-4.26065002380684	-4.733811680162162	-277.30302424621584	1.286054330697792e-07	593.5412307453156	-0.005443787723779678	72960
479232	468	-4.55799882447254	-4.632171507065113	-193.05842263793946	3.4956913205794245e-07	261.8704514789581	-0.008626987505704165	74880
491520	480	-4.87677068366576	-4.50562914153561	-103.64497365951539	8.77219738806293e-08	58.257453184127804	0.005733842924237251	76800
503808	492	-5.422378930940293	-4.355325669201651	-8.0331305975914	7.849356760520667e-09	10.923023652434349	0.001525419969111681	78720
516096	504	-6.199495457250625	-4.18153963335568	95.17969228363037	3.95077332500149e-10	138.69128028869628	-0.003480797316879034	80640
528384	516	-6.710825191739946	-3.9924537279866925	196.46439002990724	4.91229236211936e-10	404.41160324096677	-0.005050551220774651	82560
540672	528	-6.984640941694379	-3.7962373218809566	284.2319926147461	2.3474276766779716e-08	809.0712481117248	0.008964885752648115	84480
552960	540	-7.316335261296481	-3.599519395303947	350.2525046386719	3.3037937380314313e-09	1044.5154024124145	-0.007079167794436216	86400
565248	552	-7.492141447303816	-3.405524424371728	396.04596182250975	3.1629265516101717e-09	1399.8334208488463	-0.0017208263278007507	88320
577536	564	-7.67095156066306	-3.216094566073189	430.92872802734377	5.952151882028815e-09	1734.1915678405762	0.005710830390453339	90240
589824	576	-7.912164334340021	-3.0320584090271345	453.7564452209473	2.7754523104077324e-06	1732.949218559265	-0.0017751661874353885	92160
602112	588	-8.128317574648186	-2.853233682384499	464.23963208007814	2.2213076851269243e-08	1849.6549229812622	0.0009697512909770012	94080
614400	600	-8.218528976710513	-2.6785216660549245	483.8119256591797	6.86447221388152e-05	1911.5904037475586	-0.004704246800392866	96000
626688	612	-8.393151318691672	-2.5084103551614128	495.2919114074707	2.8974311879818538e-05	2257.0712817001345	0.004152273144572973	97920
638976	624	-8.34796208978258	-2.3421992593898606	503.7544142150879	0.0035034951233120274	2151.8575913238524	-0.0005974752269685269	99840
651264	636	-8.25453091751784	-2.179937792578771	512.0045539550781	0.00760944955066688	2043.6780492401124	-0.005921216364949942	101760
663552	648	-1.3294449590528383	-1.9872106839155341	771.31522265625	0.1471180707960237	5176.673795166015	-0.018819877970963718	103680
675840	660	-0.41070491139870136	-1.8169505620770383	809.5858298950195	0.18027967426636257	4783.527883911132	-0.02335944974794984	105600
688128	672	0.08907896161504322	-1.6815515454370706	713.1055654296875	0.187926989434375	4416.347808227539	-0.015767996357753875	107520
700416	684	-0.2097478724635439	-1.5831763043084688	621.0702058715821	0.22389108390363802	2526.814465637207	-0.024745750203728677	109440
712704	696	-1.1903985576073173	-1.5351578424759638	421.43841720581054	0.2226489888418403	968.6108692932129	-0.03686500806361437	111360
724992	708	-1.3443945741830394	-1.5238633337036027	230.0294617614746	0.23230885297311382	293.5454288482666	-0.027087535094469786	113280
737280	720	-1.3387135463886661	-1.5165016284626391	229.19818907165526	0.009985094315995166	201.1223449230194	-0.019662990528158845	115200
749568	732	-5.607559540040791	-1.5004192868583515	56.5180178527832	0.024063457031245624	23.989283814430237	-0.008014122508466243	117120
761856	744	-7.344933794716373	-1.4350661242240539	82.00703131103515	0.0012402703447759388	112.07043234825134	0.0005517688021063805	119040
774144	756	-7.814498346647247	-1.339600720516746	194.1548801422119	0.003998584720254261	414.78058599472047	-0.0019696597103029487	120960
786432	768	-5.859627781467513	-1.2154762283316813	413.1657206115723	0.015224943921015687	1681.3123587799073	-0.003397708730772138	122880
798720	780	-1.3694526417439339	-1.0736450449969523	667.2829338989258	0.03716109004045343	3967.558568725586	-0.005306529430672526	124800
811008	792	-0.8501457727336091	-0.9575164978288941	701.1900664672852	0.04497550112486226	3931.1990325927736	-0.01265832306817174	126720
823296	804	-0.581776079902309	-0.8573838333918977	654.7060154418946	0.06612636084422273	3167.092133331299	-0.005478367730975151	128640
835584	816	-0.4629792401958257	-0.76917232582163	575.9256926269532	0.05758758980288744	2700.404580078125	-0.002339580412954092	130560
847872	828	-0.5956943030586699	-0.691929919510216	513.5939500427246	0.07263552463721348	1879.6727191162108	-0.014790894743055106	132480
860160	840	-0.7534783607469872	-0.6252711464429186	462.29491757202146	0.07391134232706144	1560.899024581909	-0.012989489547908305	134400
872448	852	-0.7764594831829891	-0.5778923368544926	369.3395690002441	0.07195694111093752	987.9176155853271	-0.01077725799754262	136320
884736	864	-0.6270091174596455	-0.5291083331771747	325.85119107055664	0.0608799631294666	688.7063772583008	-0.016334462575614453	138240
897024	876	-0.9396393826284911	-0.4731103533785365	330.4856039428711	0.06654229452604507	936.9729571533203	0.0020411371905356647	140160
909312	888	-0.8696443397437688	-0.3995394984109176	371.7599364013672	0.05302162881947668	1271.7451963424683	-0.005561057236045599	142080
921600	900	-0.7955060681145405	-0.32299969548980395	438.90935900878907	0.06466118195117783	1652.7675570678712	-0.006345738135278225	144000
933888	912	-0.9817993720136583	-0.25809309548257214	446.8325620117188	0.06614023019681725	1570.8075170135498	-0.00597647869028151	145920
946176	924	-0.8707513540389482	-0.20370506087229365	416.00763540649416	0.05920735406298112	1322.170596008301	-0.0059291260037571195	147840
958464	936	-0.8915233690775931	-0.15318373210218728	386.0099271240234	0.06727427244350721	1202.5678480529784	-0.0014858783408999443	149760
970752	948	-0.8962771205026656	-0.10564365550749916	357.7289898071289	0.05744339162454864	970.4632200622559	-0.012980804909020663	151680
983040	960	-0.941702997993445	-0.05531320554825167	356.27151849365237	0.04999205038713529	1000.7499478530884	-0.012201436879113316	153600
995328	972	-0.9633312943659257	0.0021546663785422288	378.97807717895506	0.04486169236357761	1154.4723809432983	-0.012689453382045031	155520
1007616	984	-1.0356902631961276	0.06259937613172745	411.1541596374512	0.04341998603967873	1542.3639739990235	0.007035218924283981	157440
1019904	996	-1.1178203715677373	0.12341889240835087	436.99048983764646	0.0535831809527772	1617.4966466522217	-0.0033181064389646055	159360
1032192	1008	-0.9992199358809739	0.18137725588998624	452.6737461853027	0.05235791524820614	1657.2713134002686	-0.010076110903173684	161280
1044480	1020	-1.0758680385018233	0.23159193541197215	432.89393450927736	0.04367200617565841	1456.222247390747	-0.011978780906647444	163200
1056768	1032	-1.082965111125959	0.27904691268480564	420.5883474121094	0.04078367420368598	1453.088059234619	-0.003999824691563844	165120
1069056	1044	-1.214534067027038	0.3211085797926247	399.77130572509765	0.04579411988412526	1232.4244637298584	-0.006390471756458282	167040
1081344	1056	-1.3618886873766314	0.3548961183987558	357.5378308105469	0.042749106355057166	955.7045597076416	-0.008740162961184978	168960
1093632	1068	-1.1551414767068344	0.38930745086587326	333.8532340698242	0.042800198888137735	970.6921069335938	-0.002461878499016166	170880
1105920	1080	-1.1140397352206055	0.4185502424698185	322.45439901733397	0.04842595935342514	780.9416567993164	-0.0011952416971325874	172800
1118208	1092	-1.275777282994939	0.43641645757433695	274.08470188903806	0.05944324655098407	485.58724388122556	-0.008660909365862607	174720
1130496	1104	-1.0731486317792442	0.44958492696447216	216.68017184448243	0.046364865320526374	362.60519214630125	-0.007106890277937055	176640
1142784	1116	-1.333598918595817	0.46191858149076875	184.50374157714845	0.04850308480437218	238.50358419418336	-0.018025935608893633	178560
1155072	1128	-1.2909977604176384	0.47107626248071804	164.76208032226563	0.04692426118287358	197.52007488250732	-0.011393082346767187	180480
1167360	1140	-1.2126287610125728	0.4766860365214055	127.64305687713623	0.04465425915992783	137.12705951690674	-0.00921843908727169	182400
1179648	1152	-1.0716432236270048	0.48869244809935075	134.94690623474122	0.05606796429924995	175.29121812820435	-0.0015896642860025168	184320
1191936	1164	-1.0014323817586992	0.5063230988675171	161.44496395874023	0.06069056121346428	251.63664655685426	-0.0019329980574548245	186240
1204224	1176	-0.9960517907962203	0.5216726029583183	174.25604972839355	0.05486801435178555	248.77214336395264	-0.012146478462964296	188160
1216512	1188	-0.9977989605178591	0.5381640783238291	181.55338569641114	0.052391836510441804	274.9917803573608	-0.00771704507060349	190080
1228800	1200	-0.9536902060923167	0.5542304497336348	190.08758100891114	0.060545253803698997	307.1861333465576	-0.007399822380393744	192000
1241088	1212	-1.1456604128589387	0.5664678797642193	184.46776712036132	0.060765905138147884	262.14474948883054	-0.007261690590530634	193920
1253376	1224	-1.0299017681640108	0.5725983441046445	159.1301097869873	0.07147419658783437	186.72231887817384	-0.009315474568866193	195840
1265664	1236	-1.0282001022505574	0.5749073963503815	121.31166473388672	0.06861743269197558	119.89204999923706	-0.0031886326149106027	197760
1277952	1248	-0.9635043430242222	0.5765569471181012	100.4996442565918	0.05940181660960052	73.74065213680268	-0.009264397732913494	199680
1290240	1260	-0.9121296159429476	0.5801994561557732	92.53233877563477	0.056155137071386856	76.6481051158905	-0.005714809875935316	201600
1302528	1272	-0.8369971107060555	0.5843307450296557	90.85229740142822	0.06391896600718279	81.71459645271301	-0.00791397549211979	203520
1314816	1284	-0.9526677404590882	0.5876430656842168	91.618805809021	0.059341889260813734	64.52530234336854	-0.012157906200736762	205440
1327104	1296	-1.0566601903997361	0.5886830990490171	80.91141200256348	0.05874336330086539	55.52031244277954	-0.011902651125565171	207360
1339392	1308	-1.2668160609018524	0.5896476309757896	73.89297589111328	0.06712653376836604	38.2633212518692	-0.011960857044905425	209280
1351680	1320	-1.090620606263401	0.5864121742603002	59.3620784072876	0.06373210368018227	25.834897022247315	-0.0063061372190713885	211200
1363968	1332	-0.9142260319197085	0.5801499587715836	33.70822108650208	0.07657960816555662	11.479116015434265	-0.010453455075621605	213120
1376256	1344	-0.8075657761464827	0.5703830897885686	0.3408518410921097	0.08044123116608981	5.526590213775635	-0.018979598628357054	215040
1388544	1356	-0.6996172508888412	0.5585555748678853	-25.76650186920166	0.08437955434954293	14.249509167671203	-0.02122027922421694	216960
1400832	1368	-0.7194086840463569	0.5436875161099416	-55.81933686065674	0.08723435064755404	40.308416905403135	-0.01349218281917274	218880
1413120	1380	-0.9853593841937837	0.5225743300402942	-97.92722860717774	0.09479305510675405	125.11986948013306	-0.018776553706265985	220800
1425408	1392	-1.0923784024093766	0.4935372512648417	-160.24971495056153	0.09459467270972834	279.581803894043	-0.015930688306689263	222720
1437696	1404	-1.0749634542963467	0.4587290884497074	-223.6328683013916	0.10775549402635638	521.4752781295776	-0.012874510660767556	224640
1449984	1416	-0.7518827346713515	0.42009227354037393	-286.275165435791	0.12361299525725579	801.6067381286621	-0.01913694743067026	226560
1462272	1428	-0.7494911500029265	0.38070903436205134	-327.0479437561035	0.11500601781182963	948.9145416259765	-0.007140217907726764	228480
1474560	1440	-0.5530425087288022	0.34207773007349007	-359.4123430480957	0.13126843758411122	1086.3254571533203	-0.012294538598507643	230400
1486848	1452	-0.6260472119209589	0.3021164314549406	-372.8405187683106	0.14192750550183642	1158.427400894165	-0.006407455503940582	232320
1499136	1464	-0.8419744586755987	0.26167484512807077	-398.5472991027832	0.17087142934627372	1424.4733685302735	-0.01596416786313057	234240
1511424	1476	-0.5841477012592368	0.221877196914741	-411.8748102111816	0.198788698888921	1655.8963678741454	-0.031061216536909343	236160
1523712	1488	-0.3646648569998797	0.18576683598240057	-405.77140634155273	0.20060084885244442	1293.204352798462	-0.011971073038876057	238080
1536000	1500	-0.38596600136731285	0.1537902386734883	-384.2154536437988	0.22127481406049282	1131.2202046203613	-0.011760708317160607	240000
1548288	1512	-0.4264781991289929	0.12460682250894409	-360.33666815185546	0.24193919919701518	1014.4489375305176	-0.013347224500030279	241920
1560576	1524	-0.29066174078499896	0.09747467138694496	-335.30596966552736	0.25007800184491097	874.0059893417358	-0.01727574670687318	243840
1572864	1536	-0.32869751989137147	0.0719415582473933	-303.0018242492676	0.2656862439898704	800.2714818572998	-0.025523659773170948	245760
1585152	1548	-0.06460170943660523	0.04877448325991168	-285.81121966552735	0.254607940193215	724.9287987518311	-0.028486612159758805	247680
1597440	1560	-0.12575912290308042	0.02699216326746421	-276.5019262695312	0.26428730002408535	613.4624170684815	-0.025215913373976946	249600
1609728	1572	-0.46014121938112656	0.008036292515903636	-257.38682405090333	0.2978131064912912	525.3343163299561	-0.029478539898991584	251520
1622016	1584	-0.14335243368189549	-0.011351189853604695	-240.58137602233887	0.2884815401480031	449.67511562347414	-0.01766456797719002	253440
1634304	1596	-0.07773550140661245	-0.029847908760409308	-232.43080212402344	0.31447344425988194	432.8160589599609	-0.02601739754900336	255360
1646592	1608	-0.2785678307459457	-0.04718077422318915	-231.13971885681153	0.31574328007006897	449.7076557159424	-0.027177972942590712	257280
1658880	1620	-0.19844388016909942	-0.06390579484955028	-218.88881170654298	0.32186179756613637	400.0983204650879	-0.020272821243852376	259200
1671168	1632	-0.08554726566292811	-0.0800464077551356	-207.368692489624	0.32715897240900815	364.89016191482546	-0.0186570705473423	261120
1683456	1644	-0.1360370531489607	-0.09442173682805831	-204.32548411560057	0.3211773993576353	345.09661308288577	-0.028005205895751714	263040
1695744	1656	-0.21887011964956765	-0.1061032463611972	-184.8431823425293	0.3502362306667783	253.82891744613647	-0.019692977257072926	264960
1708032	1668	-0.33413225642673205	-0.11927294275975771	-174.15917864990234	0.3482645138059743	276.19882110595705	-0.02921370482072234	266880
1720320	1680	-0.3697827581552556	-0.1353927061893046	-184.0871065979004	0.34623289695974746	327.8761545562744	-0.021594271603971718	268800
1732608	1692	-0.24815363064617849	-0.15185481495274578	-204.2768106689453	0.34832989280065524	434.0073344421387	-0.019295502360910176	270720
1744896	1704	-0.35803060564992484	-0.1682510163521333	-200.03179486083985	0.3122012063570437	345.79591871261596	-0.021951243225485088	272640
1757184	1716	-0.4393132946464466	-0.17856128957113881	-190.27032537841797	0.3101276457524946	276.723783531189	-0.02478560894727707	274560
1769472	1728	-0.019335325232654212	-0.18303442996909358	-146.03939192199707	0.338181068042155	130.20942469596864	-0.014782902458682657	276480
1781760	1740	-0.5045600377740921	-0.188440782606773	-111.86768002319336	0.3783653555759229	124.16943855285645	-0.03730167669709772	278400
1794048	1752	-0.1483502089054091	-0.19870777178521706	-120.48977520751953	0.3519119495758787	166.84981075286865	-0.023708960814401506	280320
1806336	1764	-0.6254413551436737	-0.20972740287362449	-130.72396013641358	0.313895373184816	149.76982420921325	-0.016492842715233564	282240
1818624	1776	-0.4802319786095759	-0.21547715851265165	-128.07017413330078	0.3297576288906857	115.31549734592437	-0.01799943584948778	284160
1830912	1788	-0.04736023090821402	-0.21800106672582611	-96.84173248291016	0.3490353912707651	67.15062863826752	-0.021964742280542852	286080
1843200	1800	-0.2986192292756168	-0.22076107980890405	-76.84339784240723	0.36357149605220185	60.727637996673586	-0.031280970238149165	288000
1855488	1812	-0.11124512365148985	-0.22754828531961172	-87.34624925231934	0.34456707261817066	64.40875796318055	-0.022323216777294874	289920
1867776	1824	-0.38736524928815197	-0.23630042977451363	-106.38404917907715	0.32353497349948157	95.34622605800628	-0.012618337776511907	291840
1880064	1836	-0.21844984306540574	-0.24107803448563958	-104.1433752746582	0.3403775641103857	80.81139748573304	-0.014213264640420675	293760
1892352	1848	-0.2422671779099619	-0.24444846120699273	-89.34219876098634	0.34746245110681045	63.81828216552734	-0.022378104981034996	295680
1904640	1860	-0.3635592899924959	-0.2511725698948227	-95.08549024963379	0.3521400721075479	92.277827501297	-0.024407482258975505	297600
1916928	1872	-0.2259314650434535	-0.26009527271072197	-116.2967578277588	0.35501897906232627	139.98082690238954	-0.028365529272705317	299520
1929216	1884	-0.199245496235264	-0.2706074412405934	-136.73277072906495	0.3535890615099925	191.89985147476196	-0.01987524624913931	301440
1941504	1896	-0.21114980515354545	-0.28145283273959587	-160.1565838470459	0.35937390724255236	227.86901750564576	-0.02429669287055731	303360
1953792	1908	-0.2984234205883113	-0.2922090958194725	-169.95726252746582	0.3466736221848987	254.47789252281189	-0.027040964094921946	305280
1966080	1920	-0.41558718724770005	-0.30327173162950205	-176.579976272583	0.3630695156552829	266.76359802246094	-0.023234846312552692	307200
1978368	1932	-0.3534668587055057	-0.31459334611846423	-184.6843402709961	0.3674059240597999	315.4039430809021	-0.032556856097653505	309120
1990656	1944	-0.20380436445301167	-0.32544433765895203	-182.91812382507325	0.3414566089037107	294.51618324279787	-0.02536431832239032	311040
2002944	1956	-0.13829941891206546	-0.33554356219532666	-176.6939539642334	0.33811420367402023	263.5635631370544	-0.017770131239667534	312960
2015232	1968	-0.17375812198210042	-0.3442793795195355	-176.44753509521485	0.3381224735517753	245.8351363658905	-0.020543036162853242	314880
2027520	1980	-0.3270642667568172	-0.3506531227906846	-159.19171214294434	0.3563095216280199	195.3986110687256	-0.021009731125086546	316800
2039808	1992	-0.33465318178466985	-0.3577305020046342	-143.81062939453125	0.34058325447514654	176.75549039840698	-0.014571143165230751	318720
2052096	2004	-0.34569436555035643	-0.3651889199930096	-149.25026489257812	0.36277805057330986	197.60542856216432	-0.023672737646847963	320640
2064384	2016	-0.28308369261096233	-0.3731002887038307	-151.9527566680908	0.35511931670387276	226.73304708480836	-0.028975309608504175	322560
2076672	2028	-0.2728358678283403	-0.38117238510716006	-151.96713499450684	0.35508149783924453	222.87021270751953	-0.029634552393108606	324480
2088960	2040	-0.17700127846674876	-0.38884365198147647	-150.34106260681153	0.33884754632151454	198.7046453857422	-0.02227044690400362	326400
2101248	2052	-0.2055745460864855	-0.39605236252802506	-149.9666100769043	0.3571338063848671	193.3872271823883	-0.027052058223634958	328320
2113536	2064	-0.2548354721521027	-0.4013505519309998	-137.98830764007567	0.34694308212795294	164.32376453399658	-0.01978202732279897	330240
2125824	2076	-0.2285789529227768	-0.40646901676836844	-130.99667575073244	0.3445143355569453	133.75618416309356	-0.015168836489319801	332160
2138112	2088	-0.23938760923902738	-0.41095201575850276	-120.90998918914795	0.3419455743330764	112.88781706809998	-0.016931710839271544	334080
2150400	2100	-0.25349559678771766	-0.41539455631304356	-114.01557120513915	0.3450502097690478	114.35256142616272	-0.023788521690294148	336000
2162688	2112	-0.23505578631610843	-0.4200158190497225	-111.27821430969239	0.3365466597739141	100.04757416725158	-0.011271975841373206	337920
2174976	2124	-0.2722349549005739	-0.42449711980526167	-111.98726275634766	0.3431029397647362	106.00772338867188	-0.021537159848958255	339840
2187264	2136	-0.3212148160116631	-0.4290776283058167	-112.98901541137695	0.34070551069185606	110.40958035469055	-0.022759531531482934	341760
2199552	2148	-0.3806075639559422	-0.43456112396742047	-117.594759765625	0.3417901249499701	119.2730031633377	-0.012662041941657662	343680
2211840	2160	-0.41664281768049116	-0.4409701043981369	-126.91016802978515	0.36646461745351555	151.08399832725524	-0.02519952746108174	345600
2224128	2172	-0.43953478740280844	-0.4485344317249446	-142.90419119262694	0.3496315527814731	183.39765175819397	-0.020241375919431447	347520
2236416	2184	-0.3777447580097942	-0.45709057574266154	-158.47998931884766	0.3652151673622429	225.94784363746643	-0.020126476157456635	349440
2248704	2196	-0.3844814290817594	-0.4657538733148238	-171.7355771636963	0.3716971524094697	253.55518573760986	-0.02449160732328892	351360
2260992	2208	-0.4378818343271851	-0.4746863009657819	-180.85207991027832	0.37368464668747037	292.65590019226073	-0.019425310967490075	353280
2273280	2220	-0.524503256104188	-0.48396949522734223	-190.0132562866211	0.3782277375431731	294.11358741760256	-0.010947325993329286	355200
2285568	2232	-0.46363170886749866	-0.49342901616500806	-196.07511405944825	0.38522570763109254	326.58617557525633	-0.017785803768783807	357120
2297856	2244	-0.45016169468709266	-0.5026053257333032	-195.76073992919922	0.39291756706801245	346.2241445541382	-0.02329131368547678	359040
2310144	2256	-0.41290806111996065	-0.5115630606764016	-199.38881004333496	0.361718146616593	318.51259075164796	-0.013585159722715616	360960
2322432	2268	-0.37787711258791384	-0.5199136794093057	-195.0293387298584	0.3655324619088788	331.13476303100583	-0.02222363045439124	362880
2334720	2280	-0.3742429498862475	-0.5279217426354686	-190.3718818359375	0.3428780251846183	311.27133872985837	-0.020017856396734715	364800
2347008	2292	-0.41365772412728985	-0.5354765041082785	-187.0255434112549	0.39793482329230756	277.43862646102906	-0.02091201181523502	366720
2359296	2304	-0.24522433793000528	-0.5423845482323991	-170.03426055908204	0.36326618064311333	294.20500356674194	-0.032012051278725265	368640
2371584	2316	-0.27496911647060185	-0.5486010028039698	-166.5017484588623	0.298390108958818	224.99280574321747	-0.01676756452769041	370560
2383872	2328	-0.24919420530367642	-0.5525888494564751	-153.17596502685547	0.3718396966722794	190.22641954421997	-0.030311501836404204	372480
2396160	2340	-0.2815581914157374	-0.5561362978898816	-132.78170377349855	0.36035774113424124	139.30531953811646	-0.016661678310483694	374400
2408448	2352	-0.26092196440667614	-0.559066434818491	-124.22422952270507	0.34831400299532106	108.2194035243988	-0.009334079958498477	376320
2420736	2364	-0.2919249946125783	-0.5612454192646718	-105.55579067993165	0.3456830453230068	87.51109148979187	-0.01424960896372795	378240
2433024	2376	-0.314872644296207	-0.5627539476116348	-96.50043977355958	0.3469294309422257	85.28657947063446	-0.025616626106202602	380160
2445312	2388	-0.2669402746324195	-0.5640470817017446	-86.39873004150391	0.34879195360047743	63.658133563995364	-0.0150142593216151	382080
2457600	2400	-0.2544879057765647	-0.5651769679939995	-78.81063452148437	0.30788673978566655	53.7294614982605	-0.018178502917289733	384000
2469888	2412	-0.23984971833374585	-0.5659755593069997	-75.2418166809082	0.3488373675814364	44.85987380027771	-0.020401458172127605	385920
2482176	2424	-0.2489771389334637	-0.5667611183660111	-71.59457332611083	0.3464121610982693	42.70698853969574	-0.02049390671774745	387840
2494464	2436	-0.2485108909090486	-0.5669423913482228	-65.00080015563965	0.30525969837896993	33.26147433757782	-0.015600821673870087	389760
2506752	2448	-0.28439286237832856	-0.566783483137127	-56.53895888137817	0.3340777912054909	28.421439399719237	-0.022370301540941	391680
2519040	2460	-0.31023800037213367	-0.5677926036551958	-60.70785321807861	0.34726665423304076	39.39597038269043	-0.02261789668351412	393600
2531328	2472	-0.2930135700326646	-0.5703040762777323	-73.80022496032714	0.3315037986767711	55.918794860839846	-0.020438029151409864	395520
2543616	2484	-0.2874885128074675	-0.5731499122302746	-85.92400991821289	0.3341132911875611	64.42693840503692	-0.009012245945632458	397440
2555904	2496	-0.2712981194641907	-0.5757656078457307	-94.508992477417	0.33830613367437035	81.29446603775024	-0.016898236107081174	399360
2568192	2508	-0.31885709717177085	-0.5781072646385412	-94.11733276367187	0.3378817205071682	86.9127447605133	-0.028672170229256153	401280
2580480	2520	-0.28460625734581846	-0.5806831121592532	-96.11116275024413	0.35198073102044874	73.76513507843018	-0.007749544270336628	403200
2592768	2532	-0.32777970769884995	-0.5834825652994298	-100.1440422668457	0.3472573007909232	89.73553091526031	-0.019847167059779167	405120
2605056	2544	-0.35227444881165865	-0.587002351800999	-112.14802418518066	0.3738462966796942	115.34603630065918	-0.021416508108377457	407040
2617344	2556	-0.370129945266468	-0.5911397068485827	-118.4765640258789	0.3808315275229979	124.10011617660523	-0.021625039037317037	408960
2629632	2568	-0.36255960715661056	-0.5954018703275984	-125.90421793365479	0.3664673880785704	147.8164795255661	-0.0226218575425446	410880
2641920	2580	-0.3969102779448731	-0.5998929885151081	-132.4063069152832	0.3544425852210261	156.89587948799132	-0.016524244844913483	412800
2654208	2592	-0.46800889484677466	-0.6050330310467814	-143.17104232788085	0.3565126587986597	181.95237749099732	-0.016692352872341873	414720
2666496	2604	-0.5343243969876785	-0.6107520209439385	-153.49673086547853	0.36723365221812854	221.18811098098755	-0.02174770789220929	416640
2678784	2616	-0.4476742416652851	-0.6168772510939281	-161.80681370544434	0.3685931397172972	223.99549898147583	-0.016399310529232027	418560
2691072	2628	-0.437168163427501	-0.6228818147835893	-169.3680399017334	0.36489666140207555	240.55154251098634	-0.021714384090155362	420480
2703360	2640	-0.33174062628916	-0.6287562644984008	-170.80599090576172	0.365908286457794	252.19868087768555	-0.010398305440321564	422400
2715648	2652	-0.28105949713045264	-0.6339068038931305	-168.62492665100098	0.35154858860350213	217.59702231407167	-0.005724778436124325	424320
2727936	2664	-0.30686582488170827	-0.6380883165447785	-158.71764472961425	0.3453873439638992	226.62544605255127	-0.030113361552357675	426240
2740224	2676	-0.32814263185003073	-0.6414707263093581	-144.037801071167	0.35430997468635905	167.71007236480713	-0.01637033138424158	428160
2752512	2688	-0.32675667375919876	-0.6440966533901658	-131.14857104492188	0.37470653909817336	124.10032996177674	-0.007145064026117325	430080
2764800	2700	-0.41557324131636414	-0.6463964338793798	-119.18196685791015	0.35549801052064867	110.56464266300202	-0.004997261185199022	432000
2777088	2712	-0.3442886015090626	-0.6488105702326581	-115.6975389251709	0.3644595242335927	104.16009311199188	-0.014339646399021149	433920
2789376	2724	-0.37432345554674973	-0.6510021926509695	-110.48182835388184	0.3644728746258188	106.51253462791443	-0.01564497104845941	435840
2801664	2736	-0.3581696996238898	-0.6531883079193707	-107.783691696167	0.346615950958163	97.33344179153443	-0.019324553189799188	437760
2813952	2748	-0.3905015973701957	-0.6555385494298333	-106.78832247924805	0.3616110962680541	96.07796229839325	-0.016265153717249632	439680
2826240	2760	-0.3242520355685847	-0.6581850022644452	-107.89987295532227	0.36923106488160556	116.92714077949523	-0.022492752820253373	441600
2838528	2772	-0.3049080738175544	-0.660322410389136	-109.36868566894532	0.3476782452336047	104.61229960918426	-0.013800863567739725	443520
2850816	2784	-0.3206233771154075	-0.6619432597801133	-101.68208215332031	0.3456510958778672	87.78578950643539	-0.015397877171635628	445440
2863104	2796	-0.33395195204450284	-0.6626943817258265	-94.01622148132324	0.35583959469152615	72.72147356271743	-0.01869908979162574	447360
2875392	2808	-0.3473954969964689	-0.6634743509262249	-85.54992219543458	0.37232777288532815	63.83329041481018	-0.010838591791689396	449280
2887680	2820	-0.3232814690364175	-0.6647339643448168	-86.54233323669433	0.36144503257144245	65.63260229587554	-0.01846044698730111	451200
2899968	2832	-0.39785431006399447	-0.6665192140492553	-90.15296174621582	0.36603988998464776	80.17559520244599	-0.014569683372974396	453120
2912256	2844	-0.4282012040715199	-0.6691043546394498	-100.88492004394531	0.3671168344305479	104.2100829410553	-0.028868475127965212	455040
2924544	2856	-0.3166960008473834	-0.6720889481306285	-108.55545601654053	0.3654142788379104	109.77075101852417	-0.012523602303117514	456960
2936832	2868	-0.37176135000330396	-0.6745284691146436	-112.48701727294922	0.3567030262122862	116.8633382320404	-0.014911825880408286	458880
2949120	2880	-0.31023203991749326	-0.6768137201796183	-109.30050900268554	0.3571753239046666	113.4638781785965	-0.017150311935693024	460800
2961408	2892	-0.3290836525746854	-0.6785971541421418	-108.65339337158203	0.3396035221623024	94.05457097053528	-0.011701445300132037	462720
2973696	2904	-0.3307557420060039	-0.6794180218309944	-98.84606779479981	0.36065732170222325	83.12310932159424	-0.020393765326589347	464640
2985984	2916	-0.337325153734826	-0.6796582203143786	-86.91583517456054	0.3394513942949707	56.214656291008	-0.01872316934634	466560
2998272	2928	-0.3352664451856399	-0.6791479179732338	-72.49343757629394	0.3547416826436529	40.140205385684965	-0.018096449272707104	468480
3010560	2940	-0.33916354435292306	-0.6783232178133564	-59.58666431045532	0.3551062610648805	28.93879798412323	-0.014519993104040623	470400
3022848	2952	-0.35616770800214725	-0.6782846462238974	-56.46019584655762	0.3645972780471202	33.93379548549652	-0.023123860443010926	472320
3035136	2964	-0.387028685784142	-0.678563038681542	-61.781191566467285	0.35112285255049935	34.64944650650025	-0.009881870597600937	474240
3047424	2976	-0.32847362222790255	-0.6792783261432002	-66.88050819015503	0.3606403818221297	40.06153160095215	-0.0037886280380189418	476160
3059712	2988	-0.34039998783398184	-0.6800805537062516	-73.12691806411743	0.3345964210978709	46.15336169242859	-0.009655457679182291	478080
3072000	3000	-0.3299989145142026	-0.6803611582244435	-74.36501914978027	0.3463808285946725	41.31690532684326	-0.0007906715385615825	480000
3084288	3012	-0.3477864789313171	-0.6803231628099642	-68.11336890792846	0.3595479913384188	38.553649344444274	-0.016888233590871094	481920
3096576	3024	-0.34959031222813064	-0.6799739616696363	-62.16707525253296	0.3426853409847245	27.958170177936555	-0.005890997787937522	483840
3108864	3036	-0.4010790958246798	-0.6795765705068003	-58.14661505126953	0.36125464486485	25.475505902767182	-0.002503294888883829	485760
3121152	3048	-0.40593402456480543	-0.6798109236317552	-59.535884216308595	0.36156208981806415	32.87961873054505	-0.019023055490106345	487680
3133440	3060	-0.49018615832063367	-0.6810965045726572	-70.78591204833984	0.3595359666760778	48.21771243572235	-0.013073323257267476	489600
3145728	3072	-0.44459662032558117	-0.6839111031464805	-93.97181718444824	0.3471993516292714	84.13289754867554	-0.01358103234320879	491520
3158016	3084	-0.44883374534384346	-0.6874993779900667	-115.55411561584472	0.35818449562694876	120.49500945091248	-0.012365307137370109	493440
3170304	3096	-0.38745931163441855	-0.6910551948261083	-130.8619243927002	0.3594142266621584	157.16615165710448	-0.01847326542250812	495360
3182592	3108	-0.388677502521954	-0.6943184873892265	-134.24159689331054	0.3322173028271063	168.9408387851715	-0.01956297779455781	497280
3194880	3120	-0.3435110082289902	-0.696730155376001	-133.3357763366699	0.34843450162170486	137.2989735364914	-0.011966689322143793	499200
3207168	3132	-0.4118799959910102	-0.698615160950318	-122.96124655151367	0.34016907812154384	130.7334888458252	-0.016494584456086158	501120
3219456	3144	-0.363087213618157	-0.7001173227158097	-113.70191571044921	0.35816208875202576	101.02592933177948	-0.009955586735159158	503040
3231744	3156	-0.40207559955085165	-0.700097971781144	-95.00654931640625	0.34767995838733623	67.95173161506654	-0.016299239471554757	504960
3244032	3168	-0.409060177757754	-0.6996488618697368	-76.01128356933594	0.34468464626185596	46.2130952835083	-0.013187900353223085	506880
3256320	3180	-0.41036987773812145	-0.700051529914047	-69.81103373718261	0.34721035085323093	41.76339654207229	-0.004985376661643386	508800
3268608	3192	-0.4563840413967846	-0.7013683235552862	-81.43129696655274	0.35078824096628525	59.39730177402496	-0.011460663052275777	510720
3280896	3204	-0.4706191250712145	-0.7035726322333204	-96.09330485534667	0.36719562899367886	81.15434061050415	-0.012898905919864773	512640
3293184	3216	-0.4008521423628554	-0.706333332108936	-105.56452563476563	0.3641376258023083	94.83989608764648	-0.010094273807480932	514560
3305472	3228	-0.38777843917207794	-0.7086443540742886	-110.70690843963624	0.33839897603308783	111.26459037780762	-0.004654784072190523	516480
3317760	3240	-0.3595252691376372	-0.7101739893839867	-110.97735620117187	0.35708326362038495	97.34207482337952	-0.005752271553501487	518400
3330048	3252	-0.3881396793898311	-0.7101606344792712	-95.22503239440918	0.3506724383926339	64.87986979961396	-0.007589764222502709	520320
3342336	3264	-0.42575306567095683	-0.7095983940126448	-76.33414904785157	0.3589857760503655	46.351900107860565	-0.018804939137771724	522240
3354624	3276	-0.43662104828597514	-0.7097148195259336	-68.39847830963134	0.36057813886308576	41.06873616695404	-0.011728896414861084	524160
3366912	3288	-0.4483020839175442	-0.7105598458521739	-74.55135075378418	0.35884989839501213	48.56743137836456	-0.01027622289955616	526080
3379200	3300	-0.42767171666555803	-0.7119386447672591	-84.02882852172851	0.36703177668363784	70.98518953800202	-0.016994831450283528	528000
3391488	3312	-0.41245151719858403	-0.7133612251336627	-92.6578793334961	0.34246608498622666	77.63005042076111	-0.015243704430758953	529920
3403776	3324	-0.43611156558862424	-0.715174203613049	-98.76948226928711	0.3534059769049054	84.97530932426453	-0.015316452891565859	531840
3416064	3336	-0.422454567361041	-0.7171698401411839	-106.46361991882324	0.37412648526160047	94.7968984413147	-0.015399682633578778	533760
3428352	3348	-0.4323249428317649	-0.7194671992728823	-113.36795335388183	0.374045705399476	115.51547212600708	-0.011622892580926419	535680
3440640	3360	-0.4454010881279828	-0.721387566708117	-116.30101149749756	0.35453091632120776	125.79730658054352	-0.023158867731690406	537600
3452928	3372	-0.461309803238255	-0.7235747502336758	-118.40077072143555	0.3757427836804418	117.0639919757843	-0.012231544223614037	539520
3465216	3384	-0.4593237490671454	-0.7262450466593001	-124.03544577026368	0.36482957371184604	128.7652702999115	-0.006237812573090196	541440
3477504	3396	-0.5096712815244682	-0.730274851397733	-142.08427557373048	0.34500678651384076	184.92709271430968	-0.007780071808956564	543360
3489792	3408	-0.4632785677142674	-0.7346532277767263	-158.69206756591797	0.37471533549914604	213.06620980262755	-0.0058188940212130546	545280
3502080	3420	-0.5411183064306387	-0.7386715168253197	-165.8809371032715	0.35987731531995815	226.91777153968812	-0.0031514211744070055	547200
3514368	3432	-0.47824507166666447	-0.7431805778603071	-171.28736383056642	0.3723320827058051	244.13924626350402	0.0005696974322199821	549120
3526656	3444	-0.48455609720753273	-0.7482210410289406	-185.18902593994142	0.3610169646288996	303.4462143516541	-0.01353809317573905	551040
3538944	3456	-0.4579910121068824	-0.7531133457022305	-186.53909127807617	0.348619234001264	287.7772930526733	-0.005931478906422854	552960
3551232	3468	-0.38338971394876714	-0.7576487182715806	-187.80583221435546	0.3606919494620524	281.408798866272	-0.002618002723902464	554880
3563520	3480	-0.3820937685655081	-0.7607333542393713	-173.46953303527832	0.36922530766157435	258.7885935211182	-0.015560245551168918	556800
3575808	3492	-0.34396115775039654	-0.7626892012935494	-153.32729864501954	0.3628205759017728	173.7916478061676	-0.00803657703101635	558720
3588096	3504	-0.36836405310884585	-0.7640559887066993	-131.1220184249878	0.35176016090996565	124.313514919281	0.0005189133808016777	560640
3600384	3516	-0.37473237285827055	-0.7643609044329603	-113.00347110748291	0.35413071950222363	95.42068922519684	-0.00725190594792366	562560
3612672	3528	-0.37923580054671036	-0.7639554225503892	-87.61138174438477	0.3681765775818494	60.86427845239639	-0.009485294269397855	564480
3624960	3540	-0.4163623854547623	-0.7637878327825144	-78.1787126159668	0.3672189667513594	47.2229486989975	-0.0072714780643582345	566400
3637248	3552	-0.39997725608677137	-0.7641744122416755	-78.6355898284912	0.3684193585863104	54.80020435333252	-0.012090516053140163	568320
3649536	3564	-0.42391045383916937	-0.764718386738673	-78.99298321533203	0.34956062825815754	58.29285020828247	-0.016336682848632336	570240
3661824	3576	-0.43154928822082	-0.765291693970411	-83.2408212890625	0.3646283993010875	62.258030200004576	-0.016681210286915302	572160
3674112	3588	-0.42360198526864407	-0.7658879311823825	-83.52679888916016	0.36149847642416716	60.19012144804001	-0.011773844845592976	574080
3686400	3600	-0.4357021755479509	-0.7662307867180143	-81.30241162109375	0.34615398722630925	56.767431268692015	-0.012372606303542852	576000
3698688	3612	-0.4484240563549101	-0.7669720172589173	-83.5352250366211	0.35834710130945313	61.909268293380734	-0.005735316099599003	577920
3710976	3624	-0.4150413244231604	-0.7680728344172733	-89.78740583801269	0.35923665162664836	64.22295485496521	-0.008095138575881719	579840
3723264	3636	-0.3842669159910874	-0.7687469175386645	-91.15499549865723	0.3750848739731591	69.7614434671402	-0.010805802568793297	581760
3735552	3648	-0.4266675337379566	-0.7690576211112273	-88.10109367370606	0.37037917010555976	61.41204739093781	-0.0036080800462514164	583680
3747840	3660	-0.41617964055528867	-0.7697283674560772	-84.11626826477051	0.37858347632281947	67.18967865467071	-0.014569082260131837	585600
3760128	3672	-0.4134141007909784	-0.7705605228194127	-88.85966227722167	0.37731949545745735	67.73828864097595	-0.0063891330175101756	587520
3772416	3684	-0.44215766968845854	-0.7721233376434293	-93.54415507507325	0.376359029030893	88.34995524406433	-0.012157965768128633	589440
3784704	3696	-0.3839861064372235	-0.7734782568791889	-107.50198290252686	0.38491278974118176	95.02447469234467	-0.011446551280096173	591360
3796992	3708	-0.4005947232361941	-0.7747085852630863	-99.60860260009765	0.348909394057584	100.75039787292481	-0.017803692761808633	593280
3809280	3720	-0.39164795755804516	-0.7750782181598967	-98.0150650177002	0.36071783408522606	78.04541470527649	-0.004910898357629776	595200
3821568	3732	-0.45015252209070605	-0.7744287950788312	-81.29268772888183	0.36475877579013466	48.56034740924835	-0.010482191853225232	597120
3833856	3744	-0.4361716841837624	-0.7727858564064193	-58.86476126098633	0.3538242220727261	23.461921379566192	-0.010813499111682176	599040
3846144	3756	-0.4289046696886071	-0.7710156580641533	-38.52936959075928	0.3532628172448312	11.840116980671883	0.003113379813730717	600960
3858432	3768	-0.4522907325613778	-0.7700401116142765	-40.69838600158691	0.3670838679560693	13.746554435491563	-0.010898704584687948	602880
3870720	3780	-0.4770689924606122	-0.7701071772566705	-47.04538896942139	0.3595510483523249	27.56870983362198	-0.004717434830963612	604800
3883008	3792	-0.5098045486608753	-0.7718916071936457	-77.04951599121094	0.34979629071662205	67.1333368730545	-0.0082961518317461	606720
3895296	3804	-0.47369244224205614	-0.7753046866913731	-114.16745738220214	0.3695943899692502	122.95767349243164	-0.004866295186802745	608640
3907584	3816	-0.6018125195287867	-0.7797530946308118	-141.5154622039795	0.37523401020513847	212.58659740448	-0.010044140168465674	610560
3919872	3828	-0.38946512868412536	-0.7842077098362529	-173.01916983032226	0.3780202398365363	264.5372046852112	-0.007054855152964592	612480
3932160	3840	-0.41331400506629146	-0.7867150775409149	-163.42176136779784	0.3555642650526715	245.6770187187195	-0.011495612803846597	614400
3944448	3852	-0.4185438712524483	-0.7872137265107745	-135.9923653564453	0.3549742019404657	128.23726065635682	-0.010819700099527835	616320
3956736	3864	-0.4727495605372824	-0.786723528645439	-101.92481898498535	0.3576463134810329	77.36051186561585	-0.009868775531649589	618240
3969024	3876	-0.49980050192179626	-0.7856339637220859	-77.06907307434082	0.3547191819018917	37.391463134288784	0.001322882827371359	620160
3981312	3888	-0.45331855561374684	-0.7839726706441691	-52.74299019622803	0.33794152534054595	19.010861954689027	-0.006726186424493789	622080
3993600	3900	-0.45789429065852894	-0.7819139498873399	-34.64286389923096	0.3611749571174587	8.884728537797928	-0.0075168330501765015	624000
4005888	3912	-0.4745296103140572	-0.7807500636593604	-31.7597396736145	0.3604400620958186	10.856134407520294	-0.01786491047590971	625920
4018176	3924	-0.4718892811443657	-0.7811220130853727	-44.36677130126953	0.38622874075197616	27.83903357028961	-0.0063937739096581936	627840
4030464	3936	-0.5375096248494229	-0.7846572475405638	-93.15425283813477	0.3880809182552621	100.30587218284607	-0.004669624185189605	629760
4042752	3948	-0.4374390149595565	-0.7893693332315971	-146.69375802612305	0.3792657916417811	193.97175733566283	0.0010721054673194885	631680
4055040	3960	-0.4497318101852434	-0.7945816137517492	-170.81437615966797	0.35886954894429074	315.43460554122925	-0.005331822875887155	633600
4067328	3972	-0.43345251779654065	-0.799121800380546	-192.13371479797362	0.363837985775026	329.70386768341064	-0.009535951986908913	635520
4079616	3984	-0.43242020925541874	-0.8019393994809544	-184.90400173950195	0.3448478234806098	291.6419762420654	-0.013495247848331927	637440
4091904	3996	-0.42190726102388	-0.8027313693451721	-152.2479211730957	0.34040210835286416	170.37192232131957	-0.013121505863964558	639360
4104192	4008	-0.4665290446463623	-0.8015766456071287	-112.93582113647462	0.35795974229462446	83.06244180679322	-0.0015322343353182078	641280
4116480	4020	-0.5045619561929489	-0.781834070885554	-75.10971440124511	0.3533071468129783	38.812906455993655	-0.011587509848177434	643200
4128768	4032	-0.4849684683891246	-0.7504971465487034	-48.641526245117184	0.34307126080268063	15.648505378961563	-0.013471068535000085	645120
4141056	4044	-0.481224309629295	-0.7296560211330653	-28.28109900665283	0.3642018880430842	6.0691122341156	-0.012111963778734207	647040
4153344	4056	-0.46412646620103626	-0.718138335680589	-18.705651374816895	0.3830949928943301	6.443084335327148	-0.011403425298631191	648960
4165632	4068	-0.4813932456555776	-0.7109360720869153	-51.15576371765137	0.3869619954675291	35.38144407987595	-0.012356424052268267	650880
4177920	4080	-0.4716705722073093	-0.705147830342874	-97.99509910583497	0.3897181521569146	103.40835080146789	-0.001048630438745022	652800
4190208	4092	-0.512753662785748	-0.7001582653280347	-138.93147550964355	0.37698228332959116	196.95214444160462	-0.010114751048386097	654720
4202496	4104	-0.5040611197483958	-0.6975348880048842	-171.21578421020507	0.35999286716175266	257.25825498580934	-0.007556754648685455	656640
4214784	4116	-0.4964481914553326	-0.6910207788702101	-192.62166513061524	0.3694831294073956	319.7794752883911	-0.0033136603608727457	658560
4227072	4128	-0.4613547893280629	-0.6845445446725935	-190.0610779724121	0.36673479789611885	301.18135816574096	-0.004925887733697891	660480
4239360	4140	-0.4591513514544349	-0.6783386468645185	-180.09840492248534	0.3911744157136418	243.0668651485443	0.00047994084656238556	662400
4251648	4152	-0.4384056896371767	-0.6716227322574705	-160.76679655456542	0.3501178417452611	191.69577589988708	0.004560472369194031	664320
4263936	4164	-0.4840752813179279	-0.6594042980428785	-140.8141218109131	0.38644173615053296	156.6718428039551	-0.0009520965255796909	666240
4276224	4176	-0.4724598382561235	-0.6493590017315001	-132.33352792358397	0.3818906854547677	138.4939267873764	-0.00200555220246315	668160
4288512	4188	-0.47489893840171865	-0.6136169236656278	-124.61822428894043	0.3570661620446481	140.00794549942017	-0.006493760105222464	670080
4300800	4200	-0.4912798496078467	-0.5992228024955839	-123.5026883392334	0.3791911740996875	119.16914001464843	0.006660383380949497	672000
4313088	4212	-0.4821213512820541	-0.5907803586479277	-124.5119603881836	0.37879028777149504	115.5532358455658	0.006879230942577124	673920
4325376	4224	-0.48523331529903224	-0.5881171797271818	-122.14566574859619	0.3746540236058645	111.98141259670257	0.00316467197611928	675840
4337664	4236	-0.4381476122866152	-0.5894114904161543	-128.918811668396	0.3935958183167968	140.8003054523468	-0.0022339020296931267	677760
4349952	4248	-0.48087740021175707	-0.5903531046863645	-131.4947230834961	0.3726796312420629	151.21382634162902	-0.008487801644951104	679680
4362240	4260	-0.5206215879045194	-0.5900321508403867	-139.20595218658448	0.3830950147775002	171.77243047714234	-0.012068957928568125	681600
4374528	4272	-0.48023036899976435	-0.583183768844232	-135.30198218536378	0.37651218101754785	152.29665949821472	-0.0032708061300218104	683520
4386816	4284	-0.484315918704262	-0.5744097841735929	-141.8696325073242	0.37987251864932475	184.60054706573487	-0.004953348282724619	685440
4399104	4296	-0.48655614521633833	-0.5686589324232191	-151.9029253845215	0.35769950127881023	211.0577277946472	-0.005869488175958395	687360
4411392	4308	-0.48898261224851014	-0.5661835351940244	-155.55542114257813	0.3802046896172687	222.2884052848816	-0.01260134395211935	689280
4423680	4320	-0.4600423617414199	-0.5672823582645505	-161.8531516265869	0.3853795311416034	232.08214661598205	-0.0011093679070472717	691200
4435968	4332	-0.5297462287958479	-0.5685676425453275	-174.45139582824706	0.3871785815227777	272.1578552818298	-0.0013229494541883468	693120
4448256	4344	-0.4789099976301659	-0.5677904239650816	-179.22136169433594	0.38048572449105994	283.62047565460205	-0.0009932485036551952	695040
4460544	4356	-0.48724736684456	-0.5615096933599562	-185.0319001312256	0.34839158497867173	286.69198543548583	-0.007041186578571796	696960
4472832	4368	-0.4946974668682087	-0.5526140943523496	-179.17415133666992	0.38087057650787753	233.70494230270387	0.0031993819773197176	698880
4485120	4380	-0.48166630801477006	-0.5433370704408735	-171.62337406921387	0.39873662756755945	224.69329338073732	-0.005770347807556391	700800
4497408	4392	-0.48830721842392816	-0.5351879982706159	-156.68776153564454	0.3728949365383014	204.58825901985168	-0.010118183381855488	702720
4509696	4404	-0.49143323180789594	-0.5237105344291776	-147.24520364379882	0.36987189834564926	188.0998432636261	-0.004394587818533182	704640
4521984	4416	-0.4829333735187538	-0.48812464270554484	-151.91804127502442	0.37421953612461223	195.72782484054565	-0.003290315791964531	706560
4534272	4428	-0.4535602468937868	-0.45577637574635443	-151.36127642822265	0.37788105591293425	200.01899744033813	-0.005323405303061008	708480
4546560	4440	-0.4740409996896051	-0.4373485003467649	-140.07997991943358	0.3704647283044178	166.12555174827577	0.0009293773956596851	710400
4558848	4452	-0.4415720553824212	-0.43285713527165354	-127.24809303283692	0.35273801028565505	125.83607562065124	0.00026585151441395284	712320
4571136	4464	-0.4363009713210631	-0.43343672141991557	-120.73605596923828	0.374458195981686	134.07530333518983	-0.00532995430752635	714240
4583424	4476	-0.4595099885471864	-0.43749960480816663	-124.72572436523437	0.34974565711058675	128.75707142829896	-0.007758268527686596	716160
4595712	4488	-0.44555793186556547	-0.4443058464992791	-111.75268711853028	0.37349964611115866	103.33721519470215	0.005328836590051651	718080
4608000	4500	-0.46071608289086724	-0.4546159034240991	-95.16350836181641	0.35486511919787156	73.97943403720856	0.0021337234042584897	720000
4620288	4512	-0.5081022466968279	-0.4678735658992082	-89.22084442138672	0.3566995652357582	61.71469977378845	-0.0056466787867248056	721920
4632576	4524	-0.5114323370632483	-0.4840872675646096	-86.25818502807617	0.3655509940041229	61.78683090209961	-0.011387092266231776	723840
4644864	4536	-0.4889705661516637	-0.5021701513994485	-90.37856484985352	0.3594395674513653	74.58589878559113	-0.0037400350719690324	725760
4657152	4548	-0.4740996395704569	-0.5224981927145272	-108.38053799438477	0.37606873383233325	105.55481063365936	0.003332548774778843	727680
4669440	4560	-0.5023241799806129	-0.5436893138159067	-123.327373046875	0.35561290447995997	138.76114136219024	-0.006550610158592462	729600
4681728	4572	-0.48067237219540404	-0.5672955893743783	-153.7004688873291	0.35686434953613205	244.2717068195343	-0.008076111488044262	731520
4694016	4584	-0.49216676715854557	-0.5910433124769479	-175.81724687194824	0.3841589296895545	266.5490984535217	-2.874351106584072e-05	733440
4706304	4596	-0.48541889364400415	-0.6142106271255762	-179.0096843109131	0.37324217923684044	283.64849838256833	-0.010331665556877851	735360
4718592	4608	-0.4706223484232323	-0.6374411842096597	-169.90585037231446	0.369620956887491	225.9257377243042	-0.00016104400157928466	737280
4730880	4620	-0.5484413211917272	-0.659919926809147	-159.18838244628907	0.3852338203452528	207.6599486064911	-0.012881538569927216	739200
4743168	4632	-0.482701561869937	-0.6833067290056497	-149.37510342407228	0.3810173076586798	178.3912842941284	0.0027060533687472345	741120
4755456	4644	-0.4897132630174747	-0.7111581386793405	-150.1260492553711	0.3629354049717076	208.49020069122315	-0.007587524689733982	743040
4767744	4656	-0.5561711752563715	-0.7394659383762627	-153.13161274719238	0.3716267468673177	176.91541850090027	-0.0011059574503451586	744960
4780032	4668	-0.4827750804317184	-0.763644548939541	-152.68413594055176	0.36516959220916034	186.7260267162323	0.0001743297465145588	746880
4792320	4680	-0.4917268236047821	-0.7823199323881418	-145.23619343566895	0.3648819445471163	178.02140606880187	-0.00033631524071097373	748800
4804608	4692	-0.5422781160456361	-0.793800920413807	-156.36964997863768	0.37112193493460655	194.0052729511261	-0.0010310914926230908	750720
4816896	4704	-0.4860065953771118	-0.7982807062733919	-164.6921279296875	0.37176176041085274	222.32768864631652	-0.0006136876158416272	752640
4829184	4716	-0.4875907773944782	-0.8020237151551992	-170.46089729309082	0.37659594022575765	232.16201097488403	0.00505725072696805	754560
4841472	4728	-0.48238610501546647	-0.8037146966625005	-170.77804734802245	0.378617601916194	255.32828109741212	-0.0015015722811222076	756480
4853760	4740	-0.5054036930057919	-0.8141550963092595	-174.94609809875487	0.37276613535685466	243.8573589515686	0.0024437704775482415	758400
4866048	4752	-0.4893791538835503	-0.8319454122949391	-172.52320275878907	0.36184556025266645	271.81987261772156	-0.002245706506073475	760320
4878336	4764	-0.4889570806411793	-0.8550626225639134	-174.43414109802245	0.36664413127163425	274.8834241104126	-0.006067789047956467	762240
4890624	4776	-0.47602065880905137	-0.8853542623687536	-185.2369449005127	0.3584186160867102	288.53526762008664	-0.006611957717686892	764160
4902912	4788	-0.46745625844132155	-0.912527247922495	-176.57858917236328	0.3700868441639468	264.4282739162445	0.0014114021323621273	766080
4915200	4800	-0.49676621755061207	-0.9356154520679265	-175.22505242919922	0.3872058571148664	246.10993057250977	-0.005852303858846426	768000
4927488	4812	-0.5456264151134528	-0.9576956985164433	-171.23716513061524	0.3824159146202728	263.91976502418515	-0.011276554353535174	769920
4939776	4824	-0.5150573230652371	-0.9779182725120336	-176.35054209899903	0.3776350443996489	259.77647987365725	0.0041623210720717905	771840
4952064	4836	-0.5369233374750475	-0.9971715831924229	-184.65276358032227	0.34382821839133976	286.6437955379486	0.0004501933977007866	773760
4964352	4848	-0.5341086081629619	-1.0121774494815619	-182.1711695251465	0.3674084448912181	297.47570894241335	-0.006747321877628565	775680
4976640	4860	-0.5383825149690965	-1.0255224690604956	-175.64504734802247	0.37790687308134513	230.5023330116272	0.006488674134016037	777600
4988928	4872	-0.4800448434369173	-1.0400473129916936	-162.17347204589845	0.3737306793760508	214.4835137462616	0.0013906539976596833	779520
5001216	4884	-0.5013695210143924	-1.0591520526576788	-155.0880235900879	0.3880379280648194	201.23133951187134	0.002520954990759492	781440
5013504	4896	-0.5066286802947289	-1.0801785185504704	-160.141461517334	0.36725792444008404	214.27936997413636	-0.0009060006588697434	783360
5025792	4908	-0.49775006123108323	-1.100347203033045	-160.40496112060546	0.38177220163983294	199.6017206096649	0.008355937730520964	785280
5038080	4920	-0.496252659599646	-1.1180928837228565	-160.33518760681153	0.3770402725121239	204.59591968536378	0.00308927440084517	787200
5050368	4932	-0.48491599382052664	-1.134752249257639	-162.42951875305175	0.3691017281515524	234.54075351715088	0.005439621172845363	789120
5062656	4944	-0.48982583664543927	-1.1519064001012593	-175.92837397766112	0.3722891249890672	254.64502069473266	9.884316474199294e-05	791040
5074944	4956	-0.5334371057429816	-1.1696533147264272	-179.32007778930665	0.3571282033452298	298.1283760547638	0.0009493872709572315	792960
5087232	4968	-0.5059232610093896	-1.1883201295305044	-177.11284951782227	0.37422079438949	263.98787779808043	-0.002972585763782263	794880
5099520	4980	-0.5024429052701452	-1.2081622102428227	-173.74979249572755	0.37351349645666776	302.760928106308	-0.007771352548152208	796800
5111808	4992	-0.5128604394729482	-1.2286225840020926	-170.8422264251709	0.36939913902152327	236.3680185699463	0.010133539251983166	798720
