mean_dist	min_dist	max_dist	agent_within_SS	expert_within_SS
313.1514933655218	240.49112706356664	365.50337404310784	22.433961245576977	7.765060702991739
378.0561628852126	290.61988353449647	448.5206000582594	37.60726934388223	7.765060702991739
345.326621282901	247.2357326610788	448.3877011622967	39.907135181811086	7.765060702991739
326.0524554456654	210.06643043207583	488.29548722493456	54.14060893761647	7.765060702991739
295.85406364024834	209.9241651946002	375.227698596975	48.16255989246737	7.765060702991739
249.74855146062498	174.7048471353099	316.334507308146	25.582166582572324	7.765060702991739
242.2379658849127	184.21630210626287	281.33324611462933	21.004190799219593	7.765060702991739
343.3371353560035	171.3414462290523	453.91731225660544	64.46889907423345	7.765060702991739
703.5989187158191	195.8636275730147	1133.0096472559237	233.7135020816191	7.765060702991739
1362.611079204516	373.5764442849323	4075.746642610015	1163.9548366691215	7.765060702991739
4069.9875645649317	4058.5341988464684	4075.746642610015	0.0	7.765060702991739
182.27515983288473	38.758906308593126	321.04560588025345	72.85401373971706	7.765060702991739
63.94771830948082	12.488827202540463	200.2037628344525	42.28516399541664	7.765060702991739
260.06896240509485	93.50011446387252	437.7094470324837	70.12850739108322	7.765060702991739
563.9718285884807	454.87578283253833	881.1966683606659	347.44174206593857	7.765060702991739
694.6865248558032	570.666412955761	1814.9640040330971	833.9710837993878	7.765060702991739
1951.52993623162	27.673578808068886	4075.746642610015	1870.2725692566783	7.765060702991739
1382.6316613662532	447.27436350436676	4075.746642610015	1768.6337254528567	7.765060702991739
499.9020083475195	439.85904677198084	576.1995689756576	31.37252965325315	7.765060702991739
463.86194140494035	398.442793023871	531.2868218217202	31.79939623337586	7.765060702991739
680.5463421461078	280.00745904137193	4075.732044031699	993.5882851411083	7.765060702991739
444.32462975953615	352.8704139723111	488.7065309170354	30.418153560048147	7.765060702991739
351.54706722907315	275.3141778233579	448.4308421917941	35.31685897315059	7.765060702991739
303.7798169320187	242.05662811585867	365.54826346569365	30.97442483770535	7.765060702991739
281.53587029725054	209.92485166708525	356.1769708118517	38.949013216181115	7.765060702991739
269.54625928665916	156.92629185411266	365.18872431577245	46.403273291152644	7.765060702991739
284.7834509207262	204.04069112375666	365.4881483321562	31.063592496331562	7.765060702991739
267.8378177401925	209.30329739411115	321.2661917055814	24.539553785326195	7.765060702991739
238.94824037807913	174.2956997396526	281.84470660283176	26.174981655407613	7.765060702991739
222.8297447291623	157.1041032451648	283.42708711826685	31.28011882667055	7.765060702991739
220.73306874160073	149.37526697638796	281.5036732863975	27.76303912308628	7.765060702991739
265.6870746251413	209.36192609282818	356.0792816659328	37.983983427021585	7.765060702991739
264.9124323442797	175.7134087439592	393.1392368007976	36.615499021024405	7.765060702991739
311.7171999976007	218.71674500907923	401.5945901715784	46.976475497630034	7.765060702991739
284.4727857162096	204.3510439849683	357.5872675332717	33.92281653693617	7.765060702991739
322.88410206307645	210.50604497021288	401.6928882723059	36.75432304864471	7.765060702991739
301.90222575276454	41.11239675166928	448.43020048140164	79.05875420821046	7.765060702991739
411.9247665581709	322.70822202208257	481.0642697103491	32.84018920945165	7.765060702991739
516.073127122418	447.0444941776407	623.0637075624869	29.5274398389683	7.765060702991739
612.0851166039306	534.2445352300008	730.3397155397728	39.19105653633727	7.765060702991739
632.2145232188961	589.0306717550408	679.398594693735	21.439253912648454	7.765060702991739
635.6044116041688	581.8947852147513	679.399903691203	26.828726982753285	7.765060702991739
656.6047305923937	588.9118533464532	679.4000043104545	16.521872472503492	7.765060702991739
626.0722117934424	542.6372229330929	679.4391170013479	27.052292194469224	7.765060702991739
636.3847086176049	498.6075842573764	730.3777499561271	42.41709129914835	7.765060702991739
645.7897940150416	581.8948455432233	730.3776093571857	38.95365514104769	7.765060702991739
603.20353423377	534.7401432820307	679.4372389920775	35.62474293095365	7.765060702991739
600.6782237959961	489.85227109964836	730.3389330406214	47.69274455523317	7.765060702991739
601.5898202462831	534.5357829538884	679.3578623352597	37.12054978691724	7.765060702991739
550.1483651988798	488.9707102849423	623.0677698727571	31.15595015244645	7.765060702991739
514.9751793190983	446.39236818726044	576.1129177718608	27.451427937677664	7.765060702991739
601.4656438345152	405.6708856332978	4075.732044031699	745.1664571599226	7.765060702991739
1374.0442852408405	34.67497897139473	4075.746642610015	1793.1742662646204	7.765060702991739
541.3018024829685	10.897541551333369	4075.732044031699	766.0710178964102	7.765060702991739
458.43118648895563	360.0532794159336	576.0254816232781	37.229772403629816	7.765060702991739
426.39158532379656	352.9525017589253	524.2551778133476	36.69552866556508	7.765060702991739
3256.7058079310264	28.147147506384243	4075.746642610015	1301.3151310934725	7.765060702991739
4069.9875645649317	4058.5341988464684	4075.746642610015	0.0	7.765060702991739
4069.9860584175453	4058.5195383546384	4075.746642610015	0.31176914536239786	7.765060702991739
428.8415743460337	353.5862018439078	531.2441160335976	36.654440357474485	7.765060702991739
482.2796411165137	398.31265742773957	576.1099656346797	34.13988828049698	7.765060702991739
554.2311361543105	447.1179323720385	679.354038873922	55.5219242497104	7.765060702991739
519.7322685096417	447.0460669144318	622.9989538680044	31.578336607240807	7.765060702991739
532.6045874658536	439.7040486281023	584.1431583671448	29.177857405206698	7.765060702991739
539.6103844319605	439.8570776166646	730.2006152016223	58.88825645695484	7.765060702991739
539.2399749512675	398.75273744130214	672.3512005157332	53.84631952470445	7.765060702991739
497.6897793117131	360.1506717304421	576.1119445772224	39.52527241226061	7.765060702991739
501.28075107149783	398.9182993917351	630.6518370642591	40.51438464547185	7.765060702991739
501.0418563015217	399.0920620533716	584.1444901335567	38.094531185878296	7.765060702991739
475.56660039813346	406.7596616713571	576.1086760872156	34.75240323196398	7.765060702991739
489.9259597599606	398.66821253057634	576.0292292621607	42.54101430069031	7.765060702991739
435.4371947948071	360.41249864478533	531.2888580645069	43.81245306980974	7.765060702991739
463.01566031014966	360.40987513942366	576.063193079994	44.08039977626824	7.765060702991739
508.4132552153013	398.91306213523285	576.067846170393	48.834470794606354	7.765060702991739
507.7827068239585	398.74856687693733	623.0987452013208	43.49471937076193	7.765060702991739
514.9633360306974	398.82671006889484	584.1815575318839	47.31831909227535	7.765060702991739
544.0612023946096	439.8568244875136	730.17057787067	59.88444556713942	7.765060702991739
553.3372969453403	398.66797491750873	783.2611459261187	70.95980610951686	7.765060702991739
661.8407539027576	534.4069007199435	783.3621449808561	68.83389488460452	7.765060702991739
676.0479925213418	489.7721506424876	783.3939500486708	74.8277365572408	7.765060702991739
718.8813323062959	542.1943330186426	783.42501435154	53.44802986227224	7.765060702991739
634.4702142341312	534.6692339607772	730.2362609772963	37.71757814054158	7.765060702991739
646.3609352543283	534.5389173530444	783.4909237273498	63.227006446762005	7.765060702991739
665.6150105441367	534.7379183508697	730.3378467918905	53.969855115315305	7.765060702991739
3253.526667640792	26.778724111507355	4075.746642610015	1306.4062517767964	7.765060702991739
727.8566554312104	631.1501966539261	783.5636853401696	35.507289200414746	7.765060702991739
586.5155078440383	534.6746729771091	630.7423116073998	27.107436570757073	7.765060702991739
518.062353536166	440.11655630172476	576.2501063373993	25.139612837685476	7.765060702991739
454.35801807586137	360.33077011844017	531.384054896312	31.74851878440895	7.765060702991739
347.4992663325037	275.6722480402343	394.6216489102828	19.874294203911113	7.765060702991739
309.96067434746266	243.06442411928128	365.6740197886569	21.491042941994817	7.765060702991739
320.95228519902815	240.99409233237128	394.61941178603166	34.029276202880354	7.765060702991739
374.3453958095078	281.99090961440663	448.5188262189586	36.61629647131343	7.765060702991739
311.5502432855311	241.1290573467181	401.69841784033554	29.400521052691108	7.765060702991739
323.5986088870306	240.85909635833568	356.4216209980519	25.071748643461024	7.765060702991739
332.64876342981427	274.2045986185915	394.6160130693696	29.896932583298547	7.765060702991739
352.8974472190714	280.2115598106342	433.92568049220904	35.52468159793047	7.765060702991739
343.134722197855	280.0040285923698	401.70152745889374	25.501088187886932	7.765060702991739
362.6913889998087	281.88168188734653	440.31830242225914	32.5883070000037	7.765060702991739
386.3491968791887	282.10958055939386	488.8065258342617	45.1191309962747	7.765060702991739
465.03615529968596	360.4154856210788	531.2921712307942	36.783094398428275	7.765060702991739
481.6139910895665	360.5071114331573	576.0265470460153	52.635537767323434	7.765060702991739
440.41931666346846	324.4683965817248	531.3354901733363	45.082480616892624	7.765060702991739
424.12461354775843	324.25458748092046	488.7605513801943	33.86233651992217	7.765060702991739
441.51242463892487	360.22962586431987	531.28811479621	34.00766012994812	7.765060702991739
422.8406702366086	358.93020964777077	481.3024952176804	31.008506450652114	7.765060702991739
404.4200771601691	324.3592621961388	481.2029695906857	32.57297940938999	7.765060702991739
454.6271473847281	392.57921460075676	630.6112831266058	46.40559738114831	7.765060702991739
461.189799123778	360.3222505940484	531.3342466992066	43.83888566659819	7.765060702991739
440.4704471011239	324.362550503822	569.5145290037935	43.76593445269683	7.765060702991739
422.6717230550794	360.22688233473	524.1749428453971	42.35677712029518	7.765060702991739
420.2135201514412	360.3202103917543	524.2571376697191	38.26567337728454	7.765060702991739
400.2117708594096	316.5338615196983	531.1642705621693	51.666192098008445	7.765060702991739
457.92465294279816	360.31622199463897	575.988278744776	42.42919417013107	7.765060702991739
454.6221057282383	360.14087269067187	531.2056537314144	43.69396351033571	7.765060702991739
437.71901385418727	360.318703365095	531.1264267456937	43.40577358854406	7.765060702991739
434.6963316166196	360.146409412869	488.8555973711331	28.126151679913903	7.765060702991739
423.5671734070988	353.58508206645956	481.3036996151195	24.163942842333352	7.765060702991739
423.92404435509286	360.14053214136084	584.1031996792213	44.31783253572181	7.765060702991739
482.4631799880963	398.7477215162421	575.9216784456745	40.101723806609634	7.765060702991739
467.95526416620294	360.14332126135395	584.1440219138565	49.157830462694264	7.765060702991739
488.5788199607045	399.0024215777494	630.5702267577008	43.52398758071464	7.765060702991739
489.17014774044543	399.002653750292	576.0677586489592	43.71695777168188	7.765060702991739
487.41451851349575	398.9166413627753	576.0685758581549	38.2563184583447	7.765060702991739
503.3228245034843	407.16193988476226	584.2272674184846	38.03727856964314	7.765060702991739
493.9704672154573	407.0760520990762	576.1541646878877	36.94374899838355	7.765060702991739
502.06752048446634	407.1606950497703	623.0660023954379	42.21680355537832	7.765060702991739
483.4923768132814	399.00301063518714	576.0293146664739	45.25809164323213	7.765060702991739
493.06351894890713	398.830777111179	630.6499479522954	61.195700103371976	7.765060702991739
473.67835069954407	399.0924737161997	531.2487988883328	28.373443551894002	7.765060702991739
511.7203018977582	439.70289287642237	584.1463636619568	34.037560448009735	7.765060702991739
434.37495423102007	360.1405791588635	576.0657186085265	30.976042630127797	7.765060702991739
470.7147682168888	398.83064329734543	584.1454414570046	35.06048395257979	7.765060702991739
505.36584474678057	447.19394994420253	623.0657269772315	39.30402592433592	7.765060702991739
485.1598501680316	399.0021087164569	576.0323980324597	37.18859369164972	7.765060702991739
450.9661535188889	369.42640275750483	540.0794980570661	34.22767800487137	7.765060702991739
470.3447024905127	369.51751240375455	576.0673102893055	45.64444949672497	7.765060702991739
490.7459013422067	399.0911216978262	576.1523269429756	35.28359930892224	7.765060702991739
446.83006298763155	360.31938367409447	531.245526702452	32.35526941838837	7.765060702991739
468.44392215096684	369.61537342033773	531.3815367743729	36.6612525864222	7.765060702991739
443.3109849653891	398.74719808497633	488.8062369052999	24.789770142546192	7.765060702991739
434.1330281429975	353.3903648079505	488.8537612392234	35.595739948412884	7.765060702991739
464.71153883530275	398.9144906373525	531.3329998157668	31.418081845043567	7.765060702991739
460.8750010916525	316.2357400315808	576.058909133045	58.05213213765644	7.765060702991739
416.7490015408252	324.0478205982148	488.6680172944116	34.22532208575202	7.765060702991739
378.2841457530716	316.23260187929577	433.8204408976688	22.877535984714445	7.765060702991739
399.9838818490978	316.43105527298275	481.1554391177686	34.70649754661692	7.765060702991739
402.7697286434282	323.8687423368699	531.2013429720448	41.00756382477525	7.765060702991739
359.2301739409398	281.9939957389598	439.98956477948946	28.440658329985133	7.765060702991739
358.8611224925022	250.0822183487818	440.054553037207	46.70553789928762	7.765060702991739
348.5139480051606	281.8711802327688	410.6819295594843	37.63396451099527	7.765060702991739
348.1369411005812	281.9837757866665	393.2911199636035	20.84134704548243	7.765060702991739
335.7366114186393	275.32302508466046	401.65071483426027	24.822767701721713	7.765060702991739
359.5878450774774	281.991014343209	401.8687851935136	29.75140984162619	7.765060702991739
385.93404452278526	323.7800259437483	440.37318441718185	23.49452506580033	7.765060702991739
400.94410553075073	316.53884044297547	481.1531254520232	40.25301093167651	7.765060702991739
404.6586127455849	323.77926280696704	481.1533234304681	38.513455724949175	7.765060702991739
406.54104863502425	353.38662031684726	481.1100840848425	26.629666968619546	7.765060702991739
448.821285601332	360.1417501796071	539.9900145098658	41.6319706446598	7.765060702991739
404.90146688963773	360.057684721803	481.1564520054406	24.5763755321723	7.765060702991739
413.81235729525264	323.871094399781	498.29448144222806	35.1941068925671	7.765060702991739
397.04523751302355	315.95957779482245	481.0224368052723	33.9141063830392	7.765060702991739
360.9172504404419	281.87664020079336	439.9911790060561	26.96412629742258	7.765060702991739
312.01046850031287	242.18073057510995	394.66951275329154	31.964125037887623	7.765060702991739
270.7747315129589	204.67125670514545	321.77274910403884	19.48465154216795	7.765060702991739
305.3851584135956	242.66260832031264	357.7550565423877	28.77949399607125	7.765060702991739
287.41422653335667	210.20724025959814	364.1252181532066	35.02283965905182	7.765060702991739
260.82587706052715	204.19672807852902	321.10791667889623	26.406074549440905	7.765060702991739
248.9197795920689	175.5424528872432	290.9755998179435	26.913561446620168	7.765060702991739
266.47746953163005	204.05845414260924	316.5903278160919	32.06813733457903	7.765060702991739
269.1327023460562	210.35370393495498	323.0697300423713	23.587740098545556	7.765060702991739
280.63846856946225	209.93533737000843	357.58965482619226	32.5174009098048	7.765060702991739
263.4157237043744	182.85414813792136	351.7457464033994	39.567827144832094	7.765060702991739
287.1480863973649	212.71890832711503	401.74448494746895	38.169434367908636	7.765060702991739
269.14643873699066	210.21416671900326	323.1911704146573	17.794871020598073	7.765060702991739
308.88886533586964	242.53332024338158	365.50223347170083	26.745331547944716	7.765060702991739
296.215674638272	211.87467765018056	357.69945165573955	27.18280940438201	7.765060702991739
293.02035663643784	212.00350538482834	356.3009758344522	27.40056579977942	7.765060702991739
281.59909298669083	210.66456593927558	323.02198200977006	22.79659295682379	7.765060702991739
296.3408864335995	240.7350673905277	356.41852795571975	23.7777454520083	7.765060702991739
310.3132190647573	249.9549180633456	351.8783997710257	24.147261089911005	7.765060702991739
285.91335541059107	212.42450962850685	357.7564813251474	35.723516269758775	7.765060702991739
284.4552490155259	212.41871532393472	375.3559438643321	32.78262412549908	7.765060702991739
312.5136707434139	242.66376192262746	401.5180559043469	30.40863816664812	7.765060702991739
321.96129873921274	240.86312730794972	401.7482670878919	37.54946532464835	7.765060702991739
295.64865613896535	240.73630719203828	365.2394298926059	24.438545665445833	7.765060702991739
293.72229650839404	240.86022742632073	357.8152229135347	28.911800538340156	7.765060702991739
324.39393058723954	260.03575952949535	440.26475653133315	30.78932528239842	7.765060702991739
329.48198064846747	240.49389839042905	433.42033237652566	43.03781247438259	7.765060702991739
339.88035180988885	280.3254413265625	401.7497337592113	26.841442003014244	7.765060702991739
313.643803459385	242.07595179096973	375.4553542203727	27.630643900931044	7.765060702991739
332.3353112583596	281.76768515969974	394.6705547749148	26.644371874160846	7.765060702991739
327.21813269987143	242.18398696115588	365.6144170114211	25.930600204290357	7.765060702991739
347.33366323567697	275.7861865165627	401.80448672479207	35.722784105037434	7.765060702991739
387.81349373123885	282.10847014136397	448.4797990758442	30.081493584693202	7.765060702991739
367.8605940905669	281.77987003365246	433.9300663866369	35.13232208208113	7.765060702991739
390.8437941579811	316.3370451703048	448.7247598559667	36.00359860975684	7.765060702991739
394.7289744202877	316.75388908768133	488.71574534701875	32.429642378472195	7.765060702991739
380.65231988858596	281.9967065371678	481.1521612909761	35.959628266679516	7.765060702991739
395.7303709817485	316.7517595210305	524.2582779131858	35.629734953604974	7.765060702991739
370.67530262355535	290.6281497978259	440.32037209455876	34.00734887060221	7.765060702991739
371.00826262444417	281.88129179204213	440.22524634192996	41.37295137758018	7.765060702991739
382.2907551618235	290.4118039694981	481.10997678616127	42.38329866590849	7.765060702991739
419.72897490869184	352.80675549659054	488.75882046719977	26.272236314452392	7.765060702991739
438.57863891624	360.51090570635773	488.8082962854644	24.9348058137126	7.765060702991739
484.4203139786984	399.0036923173998	540.0788487797599	30.858237600858075	7.765060702991739
457.27852837858273	368.99517603773415	531.2500014452922	34.59607529169308	7.765060702991739
486.2891376245017	398.1293641193185	576.1111071032872	33.463944714060304	7.765060702991739
519.3535327954833	447.19622041385867	576.1555995413439	23.091009489415317	7.765060702991739
488.36380354497305	360.32837740184823	576.1117733333557	36.81773630843209	7.765060702991739
484.50842361484774	406.9922151128214	576.0694195032195	33.39759069940807	7.765060702991739
500.74887261231976	407.0772333072579	583.8150137796939	39.21226517715819	7.765060702991739
501.92775150317516	438.9190476329925	540.0833027883078	25.60765504883164	7.765060702991739
510.5108812491163	439.86036000194014	540.0392790488966	19.000746059765856	7.765060702991739
448.57036157802577	369.0017366191526	531.0062160409203	37.033355250696225	7.765060702991739
438.14050136384515	360.41496478877247	524.3492228373232	32.37227280309667	7.765060702991739
427.7365568232946	360.230925185343	531.3788096633086	29.235772365372288	7.765060702991739
405.8141185930725	324.15774780038697	448.67262682136965	28.517257585209556	7.765060702991739
441.44661019763237	360.4192496400273	540.0386570022384	33.72684091192643	7.765060702991739
452.5067934603885	369.3347340634766	531.3357938739363	33.06787044449444	7.765060702991739
491.30332057177293	398.9201970724568	576.1557913061827	46.564047123212234	7.765060702991739
489.8087344063246	399.094638709875	576.1556007486835	37.12708715108558	7.765060702991739
515.7577647736874	447.3530570439698	576.1565219141933	20.31031981821058	7.765060702991739
477.2201873962889	407.0770951271797	576.1547407456382	29.051319659076036	7.765060702991739
465.90453052034724	360.14617890965195	531.2915318206527	41.20965080907318	7.765060702991739
467.95010428843807	398.8315598686171	539.9148809445169	32.129438802985156	7.765060702991739
428.5293235616959	324.06143614105383	576.1077239749962	37.42611644623864	7.765060702991739
450.5994250168908	399.0930470589997	498.2540426369267	24.08937207048337	7.765060702991739
460.16082938377315	360.51291722075246	524.2644346041963	35.10820584588808	7.765060702991739
478.4510259488952	398.7485188603466	584.1034036917301	44.014086903192926	7.765060702991739
449.38624122330816	360.32365214971514	623.0988799563978	58.12854814467571	7.765060702991739
480.58099162192224	406.7609428674934	540.12638654481	40.672394027878525	7.765060702991739
479.5173692898758	360.6137174395749	576.0695495145574	46.006221977821404	7.765060702991739
486.97006258122576	407.1605932309857	540.1305860819988	25.830296313747795	7.765060702991739
506.1939246515007	407.07615319471967	584.1452988350403	42.36046289439679	7.765060702991739
493.45380521838456	406.9943822084267	576.1120808593216	45.18035103715049	7.765060702991739
523.5945231536831	399.004756337904	584.1467175958531	38.54326625620116	7.765060702991739
489.29403920250377	398.8336143720621	576.110982440603	45.85497929379897	7.765060702991739
467.17861581792283	398.83601834279614	531.3845047140514	31.610811735394623	7.765060702991739
454.256999046445	360.3221364523475	531.2472820464523	31.612978257011825	7.765060702991739
453.922505666288	360.14373087149255	531.2888206296285	38.77845693541188	7.765060702991739
453.3257824471971	369.51219898293425	531.2466308354623	35.01287037439378	7.765060702991739
467.2014745597839	359.8223034847054	575.9910260603683	43.41772141925314	7.765060702991739
493.81762169406676	406.91322888331746	576.1538275782038	31.795912456638188	7.765060702991739
530.3535823339781	439.705849162384	630.6510375064079	43.674527334921756	7.765060702991739
505.86881860275776	398.7502842648444	584.2302260826926	53.10201737562617	7.765060702991739
495.7688807057879	399.09278314059804	584.2271028783393	34.421955490232286	7.765060702991739
512.0510266523681	439.69916328484015	623.0627585529309	40.16161975432694	7.765060702991739
506.05309417745485	399.00129299275824	584.1459367929606	37.83069359420498	7.765060702991739
556.7493317715126	489.4418406210875	623.2219725790795	34.27658833752182	7.765060702991739
563.3532828263889	456.7604164532472	679.3189975838823	40.941327641901374	7.765060702991739
535.873043609106	447.2734443062908	584.2311785939899	30.077373791535145	7.765060702991739
568.3349944643074	489.7760648087382	630.7389690033392	35.24133520680565	7.765060702991739
534.9905693124571	447.1942187031586	623.1835455398569	47.73768664878809	7.765060702991739
560.3079681269181	447.4374122981555	730.301808681148	51.27789268082432	7.765060702991739
565.1856614321125	456.76078967656474	679.251187456913	47.51315914624435	7.765060702991739
542.1082406139158	447.2712354995	630.4132399324675	42.84055260192187	7.765060702991739
526.9618052217957	406.83095771727034	623.0653136773661	46.81113301228355	7.765060702991739
484.4688371616643	398.829577446326	540.1261460222022	30.075021595040635	7.765060702991739
515.795665195248	407.07366338901403	630.6126885893256	41.55749037693009	7.765060702991739
507.166722239907	439.7027545127841	623.1411615403819	47.88879992199511	7.765060702991739
485.2199635201227	323.9589758141687	630.5026883203348	50.91503401646253	7.765060702991739
439.5067169471487	333.86440354388264	531.1234411947528	47.357163166524586	7.765060702991739
466.5532695612664	398.74595382840056	576.1052059946192	40.10228531308745	7.765060702991739
479.85946364573107	369.1542700347407	539.9492860198831	42.204969171013694	7.765060702991739
441.5939652056117	316.3306050112419	575.9197241954387	52.42281667248413	7.765060702991739
478.63443667800266	398.3692411122941	576.06567902964	28.642897120906163	7.765060702991739
414.5092685497604	323.7730287660761	488.6652742680474	38.12249169034969	7.765060702991739
386.09382305014265	230.91047916837564	488.6632451684715	52.72058360110319	7.765060702991739
348.3358137761556	209.30948876253507	394.3356315788413	36.37836633449531	7.765060702991739
350.9608723204801	231.00569056213686	539.6463040454664	71.68814825581146	7.765060702991739
307.0374306334199	229.6160179086109	401.7469489477151	39.29270598597522	7.765060702991739
324.2343919665919	211.9742658530026	440.12078448104944	54.187010806117506	7.765060702991739
311.8446847004339	239.94471499842678	440.08599199695897	41.6788146239267	7.765060702991739
292.9892038386894	210.19240588008827	440.2558883425333	54.92104709687144	7.765060702991739
277.35755449018257	175.1704776798153	401.4253593113705	40.717756105919094	7.765060702991739
284.73610970231545	210.19618339628772	350.1449219091904	36.77127215347514	7.765060702991739
348.32841325783784	218.44699106890627	448.39265055783494	45.512212705297166	7.765060702991739
378.77705445451284	258.8201839776562	488.6618131742842	57.038316708337064	7.765060702991739
369.2059874168525	280.86735051262684	531.0483612543125	45.10495832000383	7.765060702991739
327.78523575466767	248.08251172260816	401.56007751617057	30.26216160980374	7.765060702991739
344.8418977144466	247.06977956298815	401.86123648400667	33.08582714516492	7.765060702991739
340.97853344019353	249.26947444655008	401.7474912798421	34.35395026549536	7.765060702991739
351.5290000046083	219.8309918766636	480.91008031932586	48.987917174134495	7.765060702991739
340.0108872953679	281.6450324052638	401.69245643668097	33.169134698054066	7.765060702991739
324.3852454440612	242.65110489589185	448.5159265269628	41.28902246344992	7.765060702991739
307.46618922430184	218.18196467821426	357.54301313326005	33.580481289505194	7.765060702991739
316.0431386793065	248.19245147479384	401.63921937943235	35.97599535562472	7.765060702991739
328.592957880436	240.8534183503584	401.40785975584515	34.97125921112815	7.765060702991739
361.0486514461147	247.73117039355037	481.05324738926424	43.07275357935197	7.765060702991739
361.16214748209006	250.08622897688088	480.9435723549649	43.77549873616023	7.765060702991739
349.09604606999346	220.56984986782666	440.17198269695575	43.269540110621016	7.765060702991739
289.9014112633158	209.6665648006918	365.4453611645983	34.52306688196542	7.765060702991739
327.1623082570332	247.42347341821963	401.59793580350896	46.491097798330756	7.765060702991739
380.7791902855237	280.2060241478007	481.01961852290304	48.754261457012724	7.765060702991739
356.67153717216024	248.59176347168767	410.6835070004202	40.711284037405385	7.765060702991739
394.1042501444951	316.3193189155979	488.66496982968044	44.49840094950101	7.765060702991739
454.9532368693662	359.89064675398066	576.0265982456871	52.42738970187586	7.765060702991739
453.6141349293256	406.68287294722177	488.8567900387614	23.598602090033957	7.765060702991739
478.5657227845609	359.893268966212	679.183454713312	76.4773242909645	7.765060702991739
568.5655883559537	439.6961153632613	679.2495992473902	37.67378871811731	7.765060702991739
519.1926579967525	398.7500465581355	584.1869655393401	47.2625686904431	7.765060702991739
576.9928512417861	439.85752259134273	730.2024934331778	54.3485453708048	7.765060702991739
572.5126646875503	447.3521360677576	730.2673390303121	57.19930620164731	7.765060702991739
594.7066077768446	447.27537760982875	783.3950934110488	61.361513584145996	7.765060702991739
584.2226994897496	447.1955051131764	679.3201871908676	44.83600807633913	7.765060702991739
621.2490816649562	534.6696098496654	679.3586586449147	30.47340289524028	7.765060702991739
618.710775674385	497.93970797692407	730.3750009059557	62.884160977571284	7.765060702991739
581.2418894673946	498.2448570488886	679.3589415753421	43.374362769342056	7.765060702991739
602.3459313749871	534.6682828901012	679.3567543278551	36.91091837930875	7.765060702991739
569.6521210106706	447.35111237488195	679.3956950389004	43.55429677583033	7.765060702991739
573.501659687447	489.7733716927276	630.6144711052717	31.087083317079202	7.765060702991739
540.5829791220202	447.1920412003212	630.5725246913801	40.36185338471633	7.765060702991739
562.0057972668136	447.1891103391984	679.131067731399	48.77332825936681	7.765060702991739
615.8000657643563	534.6010485246504	679.3572491409333	35.301254996037116	7.765060702991739
608.3910302639964	498.38131320774227	730.236242785871	43.44156550772433	7.765060702991739
572.453580764028	489.5682794054061	630.6159260681145	24.173575071937726	7.765060702991739
550.9838743718374	447.2667553432143	679.3565567777227	49.74619724236602	7.765060702991739
568.4412308365887	489.50070041332805	630.6527746449972	42.53055927872305	7.765060702991739
607.801371815142	542.4349624626129	679.3224968209863	33.53402258812634	7.765060702991739
602.332805903539	498.24214857591966	679.3573276520359	32.6476666216963	7.765060702991739
607.0453631794995	534.603699967834	679.3953885286103	33.552582880975976	7.765060702991739
609.0040599113643	542.4989148141306	730.3040838571987	40.02476699165685	7.765060702991739
637.2228068571087	542.373213701448	679.398697083811	30.4308515567236	7.765060702991739
647.7902637223563	542.5675927485621	730.3406332465123	51.267746990583035	7.765060702991739
599.976000988446	498.1800181678382	730.2058156947115	49.47189751876381	7.765060702991739
573.4617192018395	447.27123744735786	679.2852468586394	48.177202048134134	7.765060702991739
573.075902892461	489.7001751255516	630.5747590404642	46.00022307790213	7.765060702991739
539.5241427733323	447.1971171366008	584.1848823220643	33.13472922129574	7.765060702991739
603.371990787509	489.26473375712436	679.2861421822714	45.12655751274572	7.765060702991739
622.3876146661037	534.6668496944301	679.3573905185266	45.787746473466555	7.765060702991739
641.4055217792927	542.5665737267343	679.3978744453276	31.460824896424793	7.765060702991739
656.9867505414297	588.8538112315601	730.3394934359758	32.983687694528854	7.765060702991739
633.0682509345891	542.312373189687	730.2692518641251	48.98864182080781	7.765060702991739
631.8249004803098	542.567035252081	730.271069339368	33.269279502754614	7.765060702991739
647.2279175204409	588.9672110366946	730.3395849444933	37.22793667692947	7.765060702991739
637.4090110788632	542.4346653783381	679.3580744715362	36.27475250823021	7.765060702991739
636.4645943984877	534.6684344457478	783.3675545411454	46.91729947795787	7.765060702991739
601.9441471675126	489.63362685080267	679.3586980709005	41.99279885913922	7.765060702991739
562.6899055892471	446.90477921465	679.3201441909739	48.215984514874386	7.765060702991739
521.4837131825973	406.9920208583081	584.1427444024338	41.21210207036694	7.765060702991739
481.2155191666548	398.1816468013644	539.9949113937469	38.561284173165824	7.765060702991739
496.20441658463983	439.4205041485255	583.9681974862764	32.2102195774677	7.765060702991739
505.6746898923403	406.9850212664255	575.8256623344785	31.100577990466615	7.765060702991739
583.3207270732856	497.8724480735659	630.6091111675526	29.702178444471695	7.765060702991739
597.2172100220604	489.6346912791428	730.2365080696555	41.84117848096758	7.765060702991739
601.4849617321395	534.1352404213285	679.2865311430653	37.17841080302796	7.765060702991739
603.0121074973106	489.7015808245071	730.2344940095795	68.67335093588716	7.765060702991739
560.4257814511318	456.07615082169895	630.5408698819281	45.023307593809015	7.765060702991739
549.1627398019488	489.7726326538245	630.5770138536993	31.84075595088445	7.765060702991739
612.2356901574746	542.3723940599141	679.2523861970727	20.456825837276824	7.765060702991739
622.1715234712121	534.4766325403353	679.3219357891966	37.048866679161726	7.765060702991739
656.3963577343874	542.5661024362621	730.2712451996862	35.60817221727572	7.765060702991739
632.4987529115922	498.45264317657694	730.2359325815426	52.87300218201669	7.765060702991739
596.0957206047873	489.63444152566063	679.318747121322	36.24226282204816	7.765060702991739
583.3028135698431	447.11813951203294	730.1182057678996	59.423699371859286	7.765060702991739
566.2189342770782	456.32860840223964	630.5776604978035	28.860875905970893	7.765060702991739
591.3992753077813	489.38154224790384	679.288035321839	37.20040372961385	7.765060702991739
594.5199857460448	489.5692553501867	730.2699027384751	50.16857447775009	7.765060702991739
597.8326896901867	489.63557208320054	679.3579691656222	40.8228988537892	7.765060702991739
581.8255529128927	489.44220029915834	679.3205631090613	49.75062842878903	7.765060702991739
560.1828249700937	447.1949282048292	679.2533493960884	53.27373314362976	7.765060702991739
522.0192412645804	398.8339146117619	630.6132173542925	50.549047343059655	7.765060702991739
557.7002430100505	489.56477810702177	630.6136168080448	41.44446697501077	7.765060702991739
572.4651112672133	489.4408724525066	679.3182791521251	47.88103337121118	7.765060702991739
572.7567919191404	489.77556714531437	630.694361701977	31.859581053380367	7.765060702991739
561.4554172652104	498.2450900007	630.6544188775155	24.61952593020542	7.765060702991739
577.0175409420762	534.5345397525145	630.6148707540793	21.305394967521718	7.765060702991739
547.8459742004962	398.8347086849399	630.5062851039924	38.496849448610476	7.765060702991739
554.0535381642422	489.7032384839087	679.3561275932863	37.147033205238145	7.765060702991739
548.9637430729344	489.50215608777864	584.1468153069911	26.428708752707916	7.765060702991739
555.6384881737549	447.27151049510746	630.6953238200512	38.54915290151793	7.765060702991739
603.8356868230807	498.2450759213684	730.2360558740924	48.11860156475019	7.765060702991739
588.6807876683275	498.3131314861837	730.2365334649305	40.26018913039478	7.765060702991739
576.7940088744689	489.7738895481035	630.6548066910448	41.62123411261889	7.765060702991739
570.940007999424	498.31162161218384	630.6542720096019	39.63373384763573	7.765060702991739
583.856548768614	489.56912566547044	679.1908594256117	39.15412866924675	7.765060702991739
580.6361612039834	498.2441708943901	679.3211214345442	25.88508923168776	7.765060702991739
573.9008533354848	489.63540071879885	679.3202568298433	39.786749738130396	7.765060702991739
548.5977456934387	456.5342816609467	630.5782266891568	34.95679380287119	7.765060702991739
578.174665982079	498.3805907583805	679.3560770420714	30.441384157449647	7.765060702991739
507.17537370012235	439.7811618090995	583.8839661618019	29.97468975209722	7.765060702991739
519.5174683388948	447.1188307358431	584.2281539121451	29.4623369901741	7.765060702991739
504.45618314040627	447.1190287992944	540.0370149619494	25.40060413920847	7.765060702991739
511.976602767638	446.7765958135122	623.0668543918293	38.70034525677048	7.765060702991739
457.9188977419309	369.61559722118244	488.8581327228859	26.19287556603218	7.765060702991739
442.8456990506314	353.5854024723906	531.2877065259935	31.38528920492356	7.765060702991739
404.28766792191334	334.0452029600303	481.10815062934836	29.719439897659765	7.765060702991739
429.81375319689823	323.96101140960775	498.24882229053276	39.80039140753547	7.765060702991739
363.63975622138923	290.73825609266487	401.70455034575576	28.36696341690929	7.765060702991739
378.38681594410076	290.30375374436363	488.6639479950285	39.05264693275039	7.765060702991739
366.81154147731127	290.1166717012084	439.0819272517193	29.338079718850633	7.765060702991739
373.1926821233604	323.69059135106494	440.17930965194546	27.128113949513228	7.765060702991739
411.9385156114874	323.77493446631667	531.0909366246422	44.148108821502724	7.765060702991739
399.25181208118113	323.8661992113814	481.02152222047187	37.0784689606637	7.765060702991739
432.762035894652	359.5996612027717	531.2416307363408	41.57455130920569	7.765060702991739
448.65302676904486	324.15331259938733	584.0633750668287	46.933997976971696	7.765060702991739
436.0327583336808	359.8904586220605	524.3449135076353	43.73515831393314	7.765060702991739
468.3921827696237	398.44498559263303	584.0303519075021	45.441739843505005	7.765060702991739
457.053638914441	360.13878074292296	575.9523960177049	40.75662294210106	7.765060702991739
439.0969509119341	353.3873978220076	531.2851139023269	40.0885133682282	7.765060702991739
480.9735115068476	359.8186274269235	575.9180427415054	46.24574379976518	7.765060702991739
459.951629738975	360.3179814773017	576.0671695456539	48.415897597131334	7.765060702991739
432.6589216509198	316.2349193953217	540.0341471085665	48.604867598905095	7.765060702991739
424.90310380919766	316.4341517863782	524.2153932223197	54.13575588266239	7.765060702991739
399.2162829112521	316.23453624848855	488.67238108016556	32.632757157211515	7.765060702991739
419.1407715489463	324.05617780246206	531.2882697903758	46.845996031551564	7.765060702991739
401.8321981152522	290.85674660518254	481.1511603169612	39.12905258335086	7.765060702991739
396.9105327223537	316.42917565494463	481.2006113670724	34.07017245563637	7.765060702991739
364.83906290830674	281.99682342547726	481.15564858064937	32.95647836500941	7.765060702991739
375.50706185445097	322.9093489161396	410.9407529752008	21.313514950750797	7.765060702991739
416.1878254465479	316.053590435098	488.85165482379944	34.624085457577685	7.765060702991739
401.0957371696321	353.3914750304328	488.80444408724094	23.503819456237764	7.765060702991739
381.5429434458639	302.0634344590175	448.4817138280833	32.894053769612114	7.765060702991739
394.3332821285851	323.87176398253854	448.6181902686146	25.072388658572923	7.765060702991739
420.5990366210698	360.3195677781843	481.2521955660547	27.492424740197997	7.765060702991739
437.05167871509127	360.51218192902894	498.1665411874301	25.8448128102276	7.765060702991739
417.5271924500421	324.2591020592069	531.2871887407807	45.75940145421939	7.765060702991739
387.2647265807202	316.33455990413165	481.3021874351283	36.292817394759986	7.765060702991739
406.40341305332936	360.3190621461157	448.7235445760002	22.610289831638458	7.765060702991739
419.0899143912375	333.9621132962697	540.0344745188135	45.70243451776614	7.765060702991739
436.7951600025036	398.91577364741454	488.8096698959473	18.41837297185844	7.765060702991739
463.83741419915003	398.9172063625062	531.2482248543091	27.172060017032276	7.765060702991739
481.0989850540477	360.51530609340017	576.1531894703346	44.85894466378328	7.765060702991739
466.18387433161536	369.24815965146473	584.0690328402839	41.28991102248893	7.765060702991739
489.96553209310093	360.42067617275643	576.1137856370219	36.76626260021485	7.765060702991739
499.9960409936663	407.15961293799836	576.154206873285	32.511911841449574	7.765060702991739
531.5212724228958	407.25153325600184	630.6521418906426	48.96135312581961	7.765060702991739
519.7152686723539	398.5958546625229	584.1857896328655	32.36812603885194	7.765060702991739
512.552996240906	439.8575281782849	584.1059118296687	37.2392264162016	7.765060702991739
535.7547480741541	407.16261747622656	630.6519111302115	44.429443603215475	7.765060702991739
508.01487095068256	446.71697430579036	576.0717508746903	29.352858595840054	7.765060702991739
533.7449123398682	446.97692932831296	630.6134231393179	37.557081621165416	7.765060702991739
519.9233002089759	446.9756531962734	623.1030109473862	40.218152192851626	7.765060702991739
521.4017509552455	447.2758517346585	623.1811869758219	35.612484027535416	7.765060702991739
549.5861508481792	446.8437051517368	630.6540073728994	38.68997771041562	7.765060702991739
536.6295033389541	417.31407493839333	623.139940444351	44.70574680831008	7.765060702991739
505.0200904170887	439.78302355417316	576.0704030278395	35.19274427253793	7.765060702991739
485.9561355447171	399.0039013026032	623.101572712673	60.52640789570224	7.765060702991739
456.2387298279838	398.91915637086714	488.9635077454959	24.054347235866583	7.765060702991739
471.0278705630868	399.005170573598	531.2486635341436	25.27067207830648	7.765060702991739
454.6217007915483	398.8320308899848	488.8105080489136	24.16483229597574	7.765060702991739
457.39634990082465	398.3780574198711	524.2195799030052	26.564615260578904	7.765060702991739
443.9047438571957	360.32403922410515	539.9907687621961	38.597412453586365	7.765060702991739
427.7406758620544	333.95535586435085	481.10786472837054	29.186558667502613	7.765060702991739
409.81884362825025	316.3313576363969	498.24910337015183	32.179721300953126	7.765060702991739
397.43651845713	316.5391891204015	448.61679394278434	29.948836188344092	7.765060702991739
383.70332521763123	316.5346330218025	448.66784713547924	32.79474859976149	7.765060702991739
399.2425089976348	301.5222423192974	488.6295925617905	31.092570236327	7.765060702991739
405.55624895297365	316.2367660159659	488.6701044278884	42.23338831140003	7.765060702991739
379.2547658404983	316.23175250623257	448.5649616485414	29.8857457029137	7.765060702991739
350.2258146027937	290.1152985269969	440.0579949621556	27.21422791647266	7.765060702991739
362.9203880441669	281.87548438447874	433.81660511873554	29.86814757572541	7.765060702991739
365.2338236434162	316.23976892843996	440.22424312676077	29.66991116708852	7.765060702991739
407.4142041559974	323.6941127548009	530.9935386795873	46.654111022500274	7.765060702991739
414.9616156562188	324.05604504277227	488.5221691742616	47.151938005215115	7.765060702991739
410.1716567334949	324.05849322435876	524.173892876053	39.08515649865742	7.765060702991739
417.9827841315144	315.96406334372665	583.901367840516	51.950770885768875	7.765060702991739
428.520370849829	323.6108253305223	584.0633863519415	68.07480924597854	7.765060702991739
403.68628614912876	323.78064129098834	531.1623669230315	45.155312036488354	7.765060702991739
426.5844607141802	334.0435762764949	498.2093027578755	39.43515330112428	7.765060702991739
419.86158484858055	316.14228494524343	531.0922993761974	48.01266791407987	7.765060702991739
436.61089056251234	324.0560721039938	575.989482689294	46.89755962493436	7.765060702991739
385.5165188908201	322.70789316974174	440.099064650504	26.857154036953425	7.765060702991739
398.29167736616836	323.9588369632768	481.1086635300269	35.2796884676661	7.765060702991739
413.4606240718023	359.96962587287413	481.1106292266773	32.15683452657824	7.765060702991739
425.8782948531802	360.0505969689591	575.8844396535004	36.61258718712786	7.765060702991739
415.37172195599106	323.9569239080594	524.1723392543781	51.502425017440395	7.765060702991739
442.5071902508583	360.2259031186075	531.1262467201814	45.38305221814067	7.765060702991739
386.196746582678	316.135367214995	448.52080351855676	33.76481387750603	7.765060702991739
396.15807379316664	353.11430111091715	440.1797316816928	20.083722486864623	7.765060702991739
406.9846214101898	316.0485116070807	488.6677790499761	41.432200969911534	7.765060702991739
379.6124760304313	323.6910735989197	488.45752225948604	29.87762248611231	7.765060702991739
403.19081423246433	290.21193449919394	488.66889508390045	35.81791589508354	7.765060702991739
414.06274602418483	333.6183960686906	448.61625892610283	25.442252128644665	7.765060702991739
383.511325934344	281.46498601593055	448.47741857224185	35.85986176758633	7.765060702991739
427.6828451267162	359.89204507550386	531.1629566433714	31.61454319887619	7.765060702991739
410.8927059941398	323.95933737385644	488.52275008420406	43.21296965914162	7.765060702991739
416.6089447529228	359.81301495809885	488.5891937307732	30.55098126839392	7.765060702991739
372.1144129032648	316.0436722920802	488.5199749548936	34.031249211126735	7.765060702991739
373.07160843357497	281.9882637794324	440.17743670937523	37.49526464085279	7.765060702991739
359.05971947164295	275.54708467994095	410.7763161522909	32.47539790732936	7.765060702991739
364.7783723808037	301.4189591891317	410.46158242127524	23.467800058257318	7.765060702991739
353.17828740503325	275.00876955735845	439.9301679250385	34.83326532967776	7.765060702991739
345.47115680430494	279.8147241781221	401.6038755929918	25.641756922305245	7.765060702991739
377.6820411735676	273.7330430817733	531.1964994614775	50.83016472320683	7.765060702991739
376.5999817902497	315.792299247216	488.75470159914903	33.46403311548896	7.765060702991739
376.8969891508706	290.3047189049283	448.4342426347394	27.171047139978555	7.765060702991739
356.765959299304	281.9897815652627	401.704482609265	35.64230975908477	7.765060702991739
393.5171995146871	316.5360337842537	531.160000976065	39.39009097531625	7.765060702991739
379.4557753490088	316.2335207100668	440.1366874192596	29.18278682821229	7.765060702991739
390.2246243190216	323.9580302941264	458.9384678512802	22.578565450130938	7.765060702991739
385.9391176363814	324.0506344475143	440.2219229922667	23.988675005268725	7.765060702991739
391.5418791638007	282.1032306780179	488.6684931615086	39.29746936718293	7.765060702991739
370.48498594009624	315.79559482513423	440.17734261096894	35.05197002747004	7.765060702991739
377.50601503503646	290.51947882782196	481.1074228966422	35.67256044090235	7.765060702991739
422.7332852905905	324.15570906658166	531.2029665072703	43.78348597768188	7.765060702991739
442.0822856568262	360.1375423206718	524.1735049726357	35.46364963096883	7.765060702991739
456.65118526185364	360.1424338847588	531.3333108250679	35.14707983992012	7.765060702991739
483.44811292804553	360.41438279247876	576.0265408321217	40.96646095056229	7.765060702991739
435.22973428263	360.1427342166015	488.80457278994993	22.195923305205103	7.765060702991739
470.84077519777264	406.6134663920101	524.1778519339892	21.13163939489515	7.765060702991739
427.3308738990712	360.1408784070736	488.6730771816457	24.23251432432555	7.765060702991739
467.7933801390226	369.2413467801493	531.3327639020594	48.37455562086289	7.765060702991739
443.71072794937123	359.9753151323727	531.2052787051147	35.745522942110014	7.765060702991739
472.15758705866295	369.0750197127761	531.1673790611075	26.600157598505707	7.765060702991739
489.0615865011013	407.1590610479081	576.0677772539659	39.3871311453769	7.765060702991739
498.0770755053347	360.3248809273859	584.1450547189007	49.99618814229119	7.765060702991739
502.69194166747013	407.1594148658433	630.4403756801772	39.20571164220454	7.765060702991739
515.4317981312179	398.59540214500197	584.0338790994073	36.98003585010463	7.765060702991739
512.4507297958061	439.77726358916703	584.184693633237	34.07943850507803	7.765060702991739
491.8836246123328	406.9904602513646	630.573644000668	42.595610747913796	7.765060702991739
494.6041544876467	360.4165588153033	584.1431792044282	48.21699953037873	7.765060702991739
487.16713571939215	398.58879687232934	576.0674271307977	54.236974180733206	7.765060702991739
470.2289439286078	360.5128046399927	540.0791036905066	40.3163477291633	7.765060702991739
475.9540624592221	369.4223646198644	576.0285234034666	41.55794383410664	7.765060702991739
436.84845727368753	360.14542857960294	531.3331634778265	42.147160018623936	7.765060702991739
449.3657808494077	360.41029224996646	531.3328150845579	35.53715886479399	7.765060702991739
436.47167825531784	360.4139750972084	531.246005138471	29.992688948906427	7.765060702991739
468.4886781758143	360.509144002973	569.5911195492417	37.62793581537659	7.765060702991739
399.27784563788225	316.75717224413756	488.85186924746023	32.66549244865164	7.765060702991739
415.3513550577142	324.2529212229791	488.80558295294844	35.72845245118479	7.765060702991739
404.1189755862666	324.2554911032823	448.62001630153924	26.6806309744341	7.765060702991739
426.53174001644084	353.3903358708348	531.2039930375654	42.23639907441202	7.765060702991739
395.62747684474067	316.4342748277899	488.7119324515809	35.001372675635864	7.765060702991739
403.769999946009	316.64343949616955	488.75800914413804	30.52919776778878	7.765060702991739
419.8747581037597	360.31682209167343	488.8072009417763	32.29552650158277	7.765060702991739
418.27053945433255	353.2977392469185	488.7595316089467	33.281976288537074	7.765060702991739
464.60654357119034	360.3192824197163	531.3319987550144	48.67689228118529	7.765060702991739
487.3133446215758	360.23319661243784	576.0665051590142	50.71076681040849	7.765060702991739
479.7563920341279	369.1604197657905	584.1830727583869	50.02321283215726	7.765060702991739
460.56436613114573	398.6685436635725	531.2488746266465	33.532869194018524	7.765060702991739
504.8611045242909	398.8297335701243	576.1521809203517	47.254589056460276	7.765060702991739
472.3199897907444	406.8331762690937	584.105036145942	34.22880344500281	7.765060702991739
506.81337638121965	398.67203897944995	576.1100473335584	39.04600876811341	7.765060702991739
481.90473518089635	406.99297277993463	540.0804801760349	26.49390761719967	7.765060702991739
477.64542292248734	407.07515066215205	531.1668661806935	22.1024852945447	7.765060702991739
461.53756373796625	360.4178454272832	531.2078919732314	35.263336309931596	7.765060702991739
460.6679291978694	360.2334426022643	584.0328307408452	48.288419677241045	7.765060702991739
455.9754965332457	369.24363509951337	539.8780933873281	36.43146156669302	7.765060702991739
496.7598218290824	398.66762881915946	576.0292377885467	42.751968237799645	7.765060702991739
457.9153744821214	360.41477775204095	576.0283864167455	45.0036771915724	7.765060702991739
429.71714530076787	360.32159016961896	524.2170151756329	35.481443243313386	7.765060702991739
433.3132525925931	324.2587403021838	524.3012354493038	48.51125098056804	7.765060702991739
436.1861067667597	324.2578464270401	531.2461795123311	42.599600582677375	7.765060702991739
417.6828282195618	316.53698925941467	488.8548985474736	34.86258463762423	7.765060702991739
397.6088647520073	316.64857549871965	481.1556877793013	31.00972789482018	7.765060702991739
407.60950334516235	324.3540008226581	488.7553303910662	32.753507464598705	7.765060702991739
378.3530402455807	315.9673974825726	410.88628856107977	20.42956382221221	7.765060702991739
410.6897638105258	334.3394454342125	488.75766797585277	35.13505847172485	7.765060702991739
405.54879450678607	316.4352735450228	488.7139177677832	40.62254642025789	7.765060702991739
398.3009080824347	316.5369633062476	488.75901104279745	47.625433237677235	7.765060702991739
400.75836856511063	316.3312793611265	488.7560439181414	34.93642456879941	7.765060702991739
393.71618239600696	324.1532989245622	448.572023069719	32.669389557288035	7.765060702991739
387.1057706334569	323.7779707545764	440.32153027606233	32.041832090158536	7.765060702991739
380.66313011969805	290.31423214234815	448.66892104432117	42.89196967612671	7.765060702991739
372.9753786677077	290.85526134303444	448.6161040495964	34.32770464660453	7.765060702991739
371.71008160555897	309.2981581064156	440.13876427665645	29.746613356068302	7.765060702991739
404.2118069499955	316.53235686837314	488.7554541684437	44.35862684117363	7.765060702991739
396.10017487769716	280.2209593494634	531.2426918157852	47.21092394654676	7.765060702991739
391.5174293739432	323.9572316337891	448.6157126894243	30.79989814060918	7.765060702991739
358.44152450232247	282.10280310989464	433.72200468060714	33.2491282621587	7.765060702991739
373.67286272609107	281.87652153430787	480.06182705980524	48.14032026796762	7.765060702991739
332.43415758691384	257.9787795639166	401.75473644380565	38.29276688072084	7.765060702991739
371.7313750858436	281.76596503375845	440.26920525097125	45.02370032315595	7.765060702991739
338.2986167290344	248.08559436512624	401.80209753641554	40.05514472825282	7.765060702991739
349.12455538074755	250.2147192015597	401.70112495873406	37.21463875317993	7.765060702991739
336.030268068315	250.21230836206615	433.67280702072213	37.160027866273936	7.765060702991739
322.0335181665758	235.91086478184175	401.80450775110506	32.607187692531966	7.765060702991739
305.55728772025003	249.95057009202694	356.2979374289815	23.450622811040724	7.765060702991739
304.89209199581614	248.20710880019692	365.56002286033606	28.72934667037485	7.765060702991739
349.97269276212216	275.4292931234731	421.9814182474773	27.61162586240942	7.765060702991739
340.26842415657194	275.43332173088805	448.51864985790803	36.038099151181335	7.765060702991739
333.35194902827664	248.20421351598162	401.74961583609286	38.807940536151975	7.765060702991739
324.9290739111904	280.21191449719487	401.74872035485913	23.430839605108396	7.765060702991739
326.3571035727196	250.0815300498305	401.6036638920329	31.130863784939237	7.765060702991739
356.5897652150042	248.33293777126448	448.47511145282124	49.07732125604002	7.765060702991739
344.4990453245433	281.87489800199666	440.1336431676479	32.06899464077699	7.765060702991739
342.0501337546359	250.0861456242227	433.8155183887678	35.634301216842225	7.765060702991739
353.517327777262	275.3144937714164	448.5182516539192	41.60197887169353	7.765060702991739
323.49592440561423	249.95099614698722	394.6150902289096	30.281053172528733	7.765060702991739
338.7097568512479	280.00577753234654	410.9334140741869	24.394636309850032	7.765060702991739
318.9224618739183	242.9273750565497	401.5576468567191	36.61965730129833	7.765060702991739
360.96678610847096	290.51127164659636	440.2669573376878	29.831427892663772	7.765060702991739
359.0846174662281	281.76826351419237	401.8600115156622	25.65912005627975	7.765060702991739
338.6737156706567	280.3246905412857	440.2651700908562	31.359184842213683	7.765060702991739
348.5979784415294	275.54932944242876	401.860526240669	23.889613910755674	7.765060702991739
371.6919511083464	280.2183208883975	481.19627972407454	40.87165873149349	7.765060702991739
357.20159009884503	273.6244921926033	481.05984789179803	38.70147709618616	7.765060702991739
368.24851901982566	290.7352631218622	440.09654228473016	34.267286444437126	7.765060702991739
366.60860739768174	273.9631381885835	481.1948491203895	42.952656925558315	7.765060702991739
368.1745668814041	281.98771574553393	410.56418004362786	29.723289004047466	7.765060702991739
330.2457534628277	259.7795595346411	365.50736415637243	24.97923660277969	7.765060702991739
339.7432828136025	259.65994843927325	401.75119561482006	27.796096256399075	7.765060702991739
362.21005624427727	281.7643750180349	440.21805733765115	29.71799091675094	7.765060702991739
368.46440325281304	281.5605388051448	433.51673367098357	36.79978813412397	7.765060702991739
365.19934331173215	316.1396953278005	440.13409207186913	25.890902365763555	7.765060702991739
363.3028935376375	281.6648460322243	440.2697504719403	33.578919242878285	7.765060702991739
369.24452863708154	290.6263793313075	440.31845062992113	37.179487549284325	7.765060702991739
399.373477049008	316.2285992747115	569.5092319327384	45.93495062321904	7.765060702991739
378.85921941382463	281.66183466130377	448.39489122792867	33.96182148642234	7.765060702991739
373.3406970185171	282.10538362243204	448.56804229230136	41.39331016212109	7.765060702991739
367.9923580387776	281.66444514917674	440.1371262347355	33.20095627088445	7.765060702991739
387.0921813614326	324.0532267140455	488.7108907791467	28.52020384122153	7.765060702991739
413.40441881061656	281.9931749251937	539.8742648526733	51.315911728547476	7.765060702991739
412.64203115755646	281.1962496850958	488.7579874739028	44.39995918552387	7.765060702991739
401.9155090860768	324.2559429092815	448.6199146680342	28.97977891839404	7.765060702991739
416.4550371735249	359.9759164657089	481.11118205868723	24.67433085032988	7.765060702991739
440.4797929971075	360.3179814224484	531.1622519716091	33.366399320918234	7.765060702991739
435.1220148651856	353.1204096358396	531.2861163855849	38.02240141367153	7.765060702991739
408.93553463984983	324.15158966189534	481.107181012852	29.858186082589338	7.765060702991739
443.6754791379621	360.13704223377124	531.1630447103909	35.74628174860049	7.765060702991739
430.3485500640542	323.6188146061648	488.804817324322	32.59895699858349	7.765060702991739
435.17293189559723	360.3163711414971	531.242528821052	41.93921823720069	7.765060702991739
462.8281154032797	398.6665970129643	539.9910840395237	26.614406381385653	7.765060702991739
451.63917091163444	360.1400379844475	531.2888575258804	33.0551749669286	7.765060702991739
468.3357135561943	398.74618754846466	575.9534232384344	36.441598556518024	7.765060702991739
456.4664634404025	398.8275054876031	531.2450269474026	34.359330451842965	7.765060702991739
437.17891799085567	360.2283870800263	488.67323797230415	31.937926242080596	7.765060702991739
465.0799760590453	360.32171717007947	540.0792473611856	40.97293135213941	7.765060702991739
468.2505868735179	398.74819851833183	540.035789476776	36.733572195023186	7.765060702991739
463.6148103038213	360.4168637723469	575.919989390004	38.26941845845414	7.765060702991739
452.741533550384	324.2580756086478	584.2266065831568	46.710967681741586	7.765060702991739
451.8719443704796	360.4130661595035	531.1675564989607	37.42456560692193	7.765060702991739
468.430188653116	392.49763454339217	575.887277318012	39.119311054489565	7.765060702991739
446.41967043400507	359.9747607086899	531.2464134254452	39.72568886395426	7.765060702991739
458.67044182101154	368.99519772548075	584.0649689915288	41.31248436824688	7.765060702991739
452.01902459780086	353.2091597563429	539.8766382032275	40.70840002731743	7.765060702991739
446.81295959520895	360.2305933993775	524.258737081823	32.34995726114835	7.765060702991739
463.07177223137637	360.1393604735448	584.0658788716944	49.62922418654206	7.765060702991739
453.56118981036116	369.3315240849406	531.2453928149033	40.42760168940929	7.765060702991739
469.91545099738033	360.41195449799034	531.2873403456413	37.02573934548801	7.765060702991739
453.28711042418524	360.22985133362045	576.0678737622989	47.06867148097358	7.765060702991739
452.73406575774135	360.2304088455367	531.1308781706794	29.78663297953373	7.765060702991739
478.1330497383938	398.1238452058112	576.065729707234	36.00746587632908	7.765060702991739
428.35702455787884	324.2518275002251	531.2038062420469	43.709621869066325	7.765060702991739
436.31328522740966	360.41322208205855	576.064038723875	44.59303431933988	7.765060702991739
466.68036934684653	353.20467248804135	569.5857480503151	50.57035334091617	7.765060702991739
408.91887413691103	324.0585748869594	481.1548995091664	29.860173389742318	7.765060702991739
405.7848852339166	353.48522320493095	481.1110033758215	29.219775150158682	7.765060702991739
453.03113009952335	281.8826234047736	531.2863765420432	51.47262684713952	7.765060702991739
462.9076070007367	360.2299297868209	576.1056597806315	59.794126598663844	7.765060702991739
430.9416954318473	360.2305409958579	531.166410321476	32.290507963209286	7.765060702991739
446.4784489516724	324.1587111124952	576.0270110501559	52.0049977596898	7.765060702991739
447.2169790635554	398.66736482202845	488.8057886605383	24.319040922305224	7.765060702991739
455.69054464108285	360.14468003868774	576.1068259768354	46.09210292042399	7.765060702991739
455.12200234418987	360.22931971081067	531.2043300030429	37.04029182884644	7.765060702991739
493.7384534467648	360.4146723635513	584.1809533712665	45.414909004752566	7.765060702991739
449.7804637888875	398.51740530986723	488.8554589634597	24.33026234684065	7.765060702991739
460.61394880112294	353.6881524399015	575.8883424852237	45.221701865872255	7.765060702991739
442.9961385273943	324.05960973553636	531.3327388781154	50.35772657276565	7.765060702991739
454.9385843682305	360.1413116779355	569.6310821901959	48.87580373322838	7.765060702991739
442.8174511679198	360.3199847821237	531.2059822029923	27.011012381543374	7.765060702991739
457.77009480364944	360.3215680345285	539.8794726484274	41.23906481716356	7.765060702991739
448.9311701713715	353.48761998621507	531.2055591243495	43.635185780560114	7.765060702991739
460.36449217089046	369.33412834457243	576.026860180607	42.30701375181714	7.765060702991739
444.3570376581443	360.0600878345023	524.217892812158	30.216765204568446	7.765060702991739
465.81685785866824	369.16155143418456	584.1854715714888	35.05382947388564	7.765060702991739
469.914750712015	360.2322604759332	630.5352253812337	45.904915172428744	7.765060702991739
463.6463516327444	360.51098256611346	584.069250841458	43.010261187871606	7.765060702991739
462.208594660784	360.23153910123386	531.2463023827725	31.608991940168856	7.765060702991739
443.42032937203544	398.6697924513814	540.0335598537272	26.272317735075358	7.765060702991739
427.4027568591554	360.3213478099173	488.7612846924298	21.889486963592255	7.765060702991739
442.73851097533736	324.2593325334501	531.2902031827772	45.4895157774778	7.765060702991739
451.10363795050887	360.06055734904425	531.2034648249681	36.78682386523055	7.765060702991739
442.9334623982354	360.2283242480422	531.287705050197	35.481296972298416	7.765060702991739
429.69300843556306	324.15371897258973	488.7155676296826	38.222613183437	7.765060702991739
429.03567699186533	359.9759601606871	488.7159636504582	22.141389661755543	7.765060702991739
440.09191208552096	360.22980204620035	630.535748005215	45.05292825621661	7.765060702991739
463.97741716130724	353.3909413418906	531.2903293404504	48.165921912246205	7.765060702991739
461.98621824123165	369.51671446752096	569.6716582104838	42.96770285831955	7.765060702991739
450.71422475786824	398.7482360014221	524.2997769766732	29.142975086380652	7.765060702991739
462.44263803585005	398.7455696441594	584.1417873622862	36.10977089404848	7.765060702991739
444.0012020072707	360.3207392248906	531.2045101006955	42.60077571913557	7.765060702991739
422.09086755862046	360.05565198818954	481.251560840131	30.281879847724838	7.765060702991739
452.306469860753	360.14407914265615	584.106076781509	42.94931346793084	7.765060702991739
427.5725803091737	360.50992547144875	488.63407011194676	28.04906256160295	7.765060702991739
461.1757327179089	368.997452599459	531.3334325695197	44.63610317447613	7.765060702991739
452.4470374546465	369.3286106607113	531.129340904632	33.11692887831292	7.765060702991739
445.8738860642804	360.2297120166082	488.90654346568203	28.32779096350894	7.765060702991739
469.5344765242095	360.1442129791274	569.5910473099556	46.59639475784791	7.765060702991739
447.2288618749364	399.0005106157279	488.8066870759466	24.3234422339226	7.765060702991739
458.85179898498535	398.83010221107975	531.2462967559919	27.576560616334355	7.765060702991739
464.87885995076573	398.82963136821036	576.0271184224985	32.2297127283172	7.765060702991739
459.81220008032767	369.6138717146117	531.3335155188478	30.453159953295142	7.765060702991739
433.31125081290696	360.513474222606	498.2997142906884	33.17174484281024	7.765060702991739
467.7245547274701	360.4170584593826	539.9130832920612	43.434665003281914	7.765060702991739
459.5625168547899	360.4149407468027	539.9925813826196	40.72948616573984	7.765060702991739
442.84349301239354	360.4183132614865	531.2872553815595	30.29903503194334	7.765060702991739
450.1060095418173	360.3232859984265	524.2584297502563	32.82945739859059	7.765060702991739
484.43996930161967	359.67384950098125	575.9554777849409	47.99138665851787	7.765060702991739
475.2945191437177	360.3219019328769	672.3492755079343	46.81599520721586	7.765060702991739
440.58549507442825	323.7893155766467	539.9523451304628	49.11277559261832	7.765060702991739
445.3824279587845	360.4161340551281	524.3030829650224	31.173632841207912	7.765060702991739
459.4208608545201	369.2454819141466	584.1849270887941	36.97198803112813	7.765060702991739
459.0281791237508	369.42419614584685	531.3805717671689	32.8920527908006	7.765060702991739
487.1507081675512	398.9997113479678	576.0684522486179	48.436064394109344	7.765060702991739
466.02031584582016	360.41989834941586	576.0686954324176	54.83731165056489	7.765060702991739
452.6248245507481	360.51445870161587	539.9935701018495	36.233128932733294	7.765060702991739
448.4107948564239	360.51104366188184	531.245653188293	32.29911516157229	7.765060702991739
481.36578430858003	398.6706114701637	576.0687650045186	49.062490571695896	7.765060702991739
457.1096018300025	398.8312310532544	531.2072128621462	28.699190326546432	7.765060702991739
468.2269346082571	360.145818678175	623.1769583416905	38.63510506517289	7.765060702991739
455.48395183634716	360.5126267978351	576.0678613772013	39.18880993798338	7.765060702991739
492.93758015900335	398.9152397134057	623.0994412460078	46.360183923478886	7.765060702991739
502.11386080808575	398.6684406448352	630.5739789081562	44.55964496162075	7.765060702991739
447.3779206321061	369.3342434480853	576.0287651485298	39.87813947818778	7.765060702991739
436.7388034496449	353.39275415605414	488.8567129235438	35.920029826526495	7.765060702991739
457.96802630854586	369.24554571288854	524.3045984710138	40.39687465941462	7.765060702991739
458.17169394843506	398.67418145739305	524.3025547760046	27.46853146490556	7.765060702991739
449.6981253216648	360.1447889223271	539.9928608246423	41.33153804703473	7.765060702991739
468.2567950138214	398.8287463598685	540.0791718063131	36.783741269661135	7.765060702991739
448.87516811463394	360.2331066298578	539.9164113097049	41.823165065118225	7.765060702991739
460.60699375852533	398.91421541962416	531.2466923051167	33.63974307248053	7.765060702991739
449.09771397673774	360.41655814234167	540.035789476776	45.672396382797146	7.765060702991739
449.82377639561685	360.4144269994212	539.9170900625911	45.57248105361567	7.765060702991739
464.6551328469601	360.1453656816989	576.0680411004964	46.58007167111632	7.765060702991739
451.3836075409349	360.5113101154363	539.9513913083615	41.76687220929894	7.765060702991739
474.9775847043738	369.33455105141985	584.0309948389198	33.54187912259753	7.765060702991739
443.26093848862774	398.91680365188824	488.80780414975203	22.36633094217884	7.765060702991739
462.63341345012526	360.41803758167146	630.5369449190298	51.107174110979216	7.765060702991739
479.14870897458707	399.09061884598424	575.9913856146608	42.65037349355636	7.765060702991739
437.649841534987	353.4883225739208	524.2197056353574	39.37844973359008	7.765060702991739
473.93464165816886	398.66907485500724	576.0285508994132	32.37828468246677	7.765060702991739
452.45384810670765	360.2312595823534	531.3327471757217	32.930813176540155	7.765060702991739
470.3625773315548	398.59249652995413	630.4405789840421	39.959408395469026	7.765060702991739
455.966494150658	360.41833912022486	531.334188065098	37.36714167782031	7.765060702991739
457.4282814477618	369.5203702876931	531.3343134208357	34.23519091462407	7.765060702991739
502.1393625117925	398.9115910593279	584.1827225844141	49.77865168596861	7.765060702991739
442.89192302525146	353.5881534228409	576.1072022627667	45.11615623922048	7.765060702991739
463.6963118703362	398.9131760390332	540.0338495089197	25.776121109647015	7.765060702991739
452.6398209513319	360.41648255766916	576.106863396538	49.78699061713528	7.765060702991739
439.345418572281	360.3240040734325	488.8560019616855	25.245622986413686	7.765060702991739
464.6678368403822	398.6699365094923	531.2892359496768	31.13457346440166	7.765060702991739
469.94907492581893	398.5923749345598	584.1411432977477	37.01068100061815	7.765060702991739
463.49239808441257	369.426058528029	584.1849278854081	38.871083021130445	7.765060702991739
444.20278085988855	360.41619751816756	488.85724440864874	27.254125502288012	7.765060702991739
444.1024835184193	398.8294396123247	498.3475008627022	24.145883103579692	7.765060702991739
451.4217317689642	360.4140712914202	531.206028289985	44.6149506694914	7.765060702991739
470.5328770089878	398.82832269071395	630.6503355140012	44.372679631142205	7.765060702991739
474.255966886117	360.51129140279954	575.9899215634808	40.07377099962537	7.765060702991739
442.6138280005005	360.41687049981306	488.8072364818059	27.290716058200104	7.765060702991739
456.76123790718543	360.2304576267878	576.1076218289157	52.19823570683734	7.765060702991739
455.43286375570045	398.9129984977475	488.85872809568184	24.23771054520756	7.765060702991739
484.7582574213326	398.9122968047792	584.1048583042564	35.27253576665482	7.765060702991739
447.474823982666	360.50960127953465	488.8567112587848	28.823957567179008	7.765060702991739
471.609657213374	417.38867522584763	498.16824736077297	15.264471073142408	7.765060702991739
449.4395830736258	360.3216809877638	531.3335251873577	36.46572762816501	7.765060702991739
466.8062288677277	369.2463998159329	569.7132668337365	37.973416819628284	7.765060702991739
466.6220596702218	360.32121281643236	531.2892253874489	41.315561590493715	7.765060702991739
