mean_dist	min_dist	max_dist	agent_within_SS	expert_within_SS
3982.1198352432725	3828.4610145064885	4136.550167237161	51.750451815241	86.26841120390144
3118.476797578206	2916.4210108709235	3294.560214184978	71.02976424549722	86.26841120390144
3372.9244224695212	3205.6125743649486	3523.4180797035997	63.231052259215666	86.26841120390144
3209.9620107948635	3029.859039679728	3382.1248361454946	74.44591462527812	86.26841120390144
3071.6541906984094	2892.322289660379	3246.3935608693764	75.48654041178763	86.26841120390144
2764.801557076721	2580.1027772196485	2939.1913376346165	85.07903171430634	86.26841120390144
2676.865960990441	2423.430576237174	3002.4730083399254	105.54860988494269	86.26841120390144
3410.5655136131027	3127.438724378683	3651.613289533265	112.94037849484661	86.26841120390144
2780.003085288113	2281.254317756563	3532.2097316761124	387.5266571290928	86.26841120390144
2237.386315976628	2028.756486074127	2395.992316940555	100.9186026036372	86.26841120390144
3724.6549106493367	3529.7524552196664	3868.0341514163224	54.920584429788434	86.26841120390144
9330.380133751542	8923.272751974117	22026.283051458722	3596.4169116118455	86.26841120390144
21975.978058303812	21914.327901682133	22030.60448700802	2.845884791154125	86.26841120390144
21975.88232187847	21914.393110064535	22030.60448700802	2.9851073056430812	86.26841120390144
21975.876309604824	21914.327901682133	22030.60448700802	3.2469390658052815	86.26841120390144
21975.519300645676	21914.327901682133	22029.73068521215	2.0598887093829736	86.26841120390144
21975.89254617547	21914.346200205106	22030.60448700802	2.5883418293840967	86.26841120390144
21975.896007468058	21914.327901682133	22030.60448700802	2.6272350949897256	86.26841120390144
21975.79896433917	21914.327901682133	22030.170223195684	2.4359356031669295	86.26841120390144
21975.75280747057	21914.327901682133	22029.28705298875	1.6116086553626556	86.26841120390144
21975.70981827551	21914.393110064535	22029.73068521215	1.9154652295824193	86.26841120390144
21975.642495978376	21914.346200205106	22029.314788775835	1.8947666907361753	86.26841120390144
21976.093189851796	21914.327901682133	22030.60448700802	2.6521567222473656	86.26841120390144
21976.05112136961	21914.327901682133	22030.60448700802	2.5114680975072594	86.26841120390144
21976.357094365085	21914.756201756936	22030.60448700802	2.3937262301857665	86.26841120390144
21975.712856948478	21914.327901682133	22030.60448700802	2.414531047440952	86.26841120390144
21975.88917479906	21913.171390340653	22030.60448700802	2.6435312922446004	86.26841120390144
21976.059715632615	21914.346200205106	22030.60448700802	2.6494017894301085	86.26841120390144
21975.937884309977	21914.421493218662	22030.60448700802	2.7073088832037238	86.26841120390144
9289.882807909651	8762.043087927637	22027.53309072484	3597.2295691725203	86.26841120390144
800.7145729840804	469.2795340281829	1382.995663679132	300.2608934920263	86.26841120390144
4350.428667349364	3558.9997539324395	4622.611679791091	157.51843610922063	86.26841120390144
2323.9540678024982	481.96394552233124	8771.066485291132	2424.57509444281	86.26841120390144
4489.026685097602	2407.03951399584	9254.545699367693	2697.3339548565928	86.26841120390144
944.2712588882791	813.5983893582737	1093.9955121723278	101.73242480058181	86.26841120390144
630.7028770603979	507.27321174025155	872.2184943930408	242.53481515169355	86.26841120390144
853.7866752244836	541.9428837780486	1186.587777180977	224.87110309406125	86.26841120390144
426.93929556775186	341.0382114849646	843.4698734814757	264.99868526467986	86.26841120390144
1465.495700536941	1226.8396113733727	1746.1088835236428	117.46202970233144	86.26841120390144
1376.691227926233	1151.6369894440008	1605.2373178416913	107.53544168321335	86.26841120390144
1079.0289506842316	699.9875137028205	1668.716611928278	223.98281579286854	86.26841120390144
558.515730167149	397.35886903527097	881.2387338654584	175.36129293796563	86.26841120390144
424.52512337515947	313.4167175941114	692.2076383783881	158.08552703714454	86.26841120390144
939.4131587128855	664.2387872553359	1230.5624838561173	124.23806167637579	86.26841120390144
786.8821632381427	464.4754049850237	1096.946538209696	161.10803307511077	86.26841120390144
611.8519328434919	462.2707484363752	912.319520981353	206.510183540957	86.26841120390144
728.4692778034387	416.3321934694135	1079.9731080250408	166.28764475225177	86.26841120390144
493.9135210340695	269.3568910420033	796.5822477805038	140.5243963622495	86.26841120390144
648.365302067222	473.16718839145636	941.9580558792268	158.92601191163925	86.26841120390144
663.5484559362894	387.20423607372163	1003.1923539192292	170.13479404782646	86.26841120390144
1154.2548061668842	888.396600906453	1419.4107910256846	105.65908577159432	86.26841120390144
612.6517760810653	446.97899573077854	777.711548540635	107.24307003217625	86.26841120390144
506.7700203968665	376.35760272878053	671.3353174074475	128.28982285370083	86.26841120390144
543.5795020428569	398.6628556798617	710.2459617597167	114.66751077651217	86.26841120390144
597.8042665983251	475.5512759956262	757.4853352960167	95.59835853515054	86.26841120390144
768.4689878518645	620.0396662637532	1092.236619796931	137.6767012783019	86.26841120390144
630.3682106560929	435.24250012398204	882.2984349689665	126.1286397605705	86.26841120390144
855.1792671394327	630.2708842732197	1086.2681835945266	127.46638255921627	86.26841120390144
899.1048145907426	743.267172195594	1086.7323801183431	113.59550654324934	86.26841120390144
1443.3051420732907	1156.5211930414355	1752.1214605270086	172.62680155228583	86.26841120390144
565.0758958685935	424.7944071357578	686.0054812605138	86.20365593071536	86.26841120390144
542.8147870928452	418.53842563818034	737.8458209264903	123.4865104705386	86.26841120390144
914.1508732467853	735.8852360273889	1121.776803151689	117.89046065675689	86.26841120390144
958.8940915661655	781.0979889822911	1184.7768505775025	101.53719526569171	86.26841120390144
702.2686713684581	593.8300622743748	864.1305844615167	83.16714092950228	86.26841120390144
852.8741998427821	730.8907441442502	1043.3273771820645	93.30329829793315	86.26841120390144
508.14488066938054	327.77292556164906	736.8491271857913	101.57717275967136	86.26841120390144
747.1304625899378	596.0447792665547	977.6451064618387	83.59991767960305	86.26841120390144
1071.216456301482	893.0816829345891	1243.4249594806888	93.14808127314123	86.26841120390144
850.7929118698663	687.6326674504138	1086.048452234756	81.82331164282428	86.26841120390144
899.7201902362726	675.3936667225638	1163.9370883074444	90.10926481436496	86.26841120390144
935.8129257097256	696.8469854494535	1238.4188441228623	97.92088942036365	86.26841120390144
1178.4673159977851	930.8349254381247	1400.5215404549895	74.63034765346657	86.26841120390144
701.1452394148004	514.910973979246	890.5733384910912	70.60321994773423	86.26841120390144
711.9805681629822	549.0158167079878	933.8007764450131	81.39945856830613	86.26841120390144
965.5424504808022	763.3698817502429	1150.4741687106439	71.82892795347658	86.26841120390144
756.4617387584501	510.0721044435945	1002.4139976184279	96.87885020216565	86.26841120390144
511.20010744552155	319.17253846338264	745.1897348738004	77.83653447903995	86.26841120390144
483.29749060140153	340.8153536560001	760.716657598273	96.92176037562805	86.26841120390144
684.6723283794676	485.76288731283427	864.693572947635	76.48711465956146	86.26841120390144
449.57794126490415	243.60852343523183	653.9640379970319	78.66203085130348	86.26841120390144
349.25934652930937	242.1715208583005	585.5736430578925	105.78245907306568	86.26841120390144
401.7285080531841	223.69855219146953	601.0055401193451	91.84381679297486	86.26841120390144
1245.0397664422194	1007.4491884437766	1441.8589054014562	83.62864455260652	86.26841120390144
1168.2634897701705	979.8040564719864	1374.3731174908141	77.00071601930962	86.26841120390144
849.6462378779676	634.989560971763	1047.8670689579237	80.66806903975046	86.26841120390144
833.6589226500623	649.6828001287593	1024.606727523146	80.44042146389675	86.26841120390144
624.6565798609928	399.5436942871279	801.668840644834	74.17896391530562	86.26841120390144
529.1256271847151	336.93780218659447	767.3556323801904	96.04586342904672	86.26841120390144
510.5456808664543	364.33239467469235	653.8719366744346	84.87581940375648	86.26841120390144
478.1330535098565	343.83008793761553	618.3450406774946	79.93160671658045	86.26841120390144
706.9364514639466	478.5871330679386	954.3419630172865	92.13843025510226	86.26841120390144
615.7566720876785	375.88347209937155	831.4028280986313	99.82946486608031	86.26841120390144
382.0488619068487	188.82010247960548	594.5339302100913	96.79081820046123	86.26841120390144
348.8203714706593	267.72941474141	487.9654098282799	76.48753979757943	86.26841120390144
381.74429563020476	226.45981611086083	563.611158001295	89.20282605140197	86.26841120390144
366.3267622348075	203.93877671733125	572.0109143736661	99.09871439156518	86.26841120390144
545.6705818807687	346.6945399858341	772.2564282815557	135.985379890388	86.26841120390144
632.8464083250102	442.89352467120744	827.4871519942584	71.78637124475993	86.26841120390144
619.410071739699	408.0068239297754	838.4974576158725	74.98569816915226	86.26841120390144
351.3192293468753	206.44160306196952	520.2160532957251	68.01312612438718	86.26841120390144
178.57790237445678	115.24759087311706	414.22723045681056	99.69113156634515	86.26841120390144
231.750853349666	148.0236568614725	426.4085599638768	98.90554725565867	86.26841120390144
254.5439611123686	192.22383566985152	423.7477662296706	75.76804215378131	86.26841120390144
289.11265749262344	215.50875271318813	439.0149937578244	102.7645821301675	86.26841120390144
213.2066779406491	158.35096006037256	367.59392996718725	86.79968829728828	86.26841120390144
249.38392069396556	166.79332366353628	391.83418462837756	74.01448179191834	86.26841120390144
167.51102763937604	88.04545517103844	303.70884704561837	87.5003944896108	86.26841120390144
145.33957088059913	86.6891102718895	329.31759371540187	71.61068657140768	86.26841120390144
459.3849583786762	288.0869911627011	621.1640370336693	95.41281596776763	86.26841120390144
247.41046674462297	147.6686097368084	431.7642295681112	81.38407980504384	86.26841120390144
177.46558285887386	90.30504340652934	335.76340881052226	84.70513521701098	86.26841120390144
203.91562783739278	94.03193060749774	370.90712142233286	76.65201085088542	86.26841120390144
378.2685403776005	240.60143139141897	546.9392942718313	99.30739114461565	86.26841120390144
311.6565042149444	148.42507156823999	559.1361053347083	113.80186153899061	86.26841120390144
279.3898553752486	185.36990848908235	465.6352289125672	89.41525301942043	86.26841120390144
214.61051865468255	130.11917647967078	356.8067723056007	77.21349756289258	86.26841120390144
263.8024828871092	169.93528507398926	412.06573129105993	74.33978597392175	86.26841120390144
377.7319760569017	277.9712340738797	565.8323773663393	95.75433563272992	86.26841120390144
1139.971259749318	572.2652011856312	2987.925437192502	736.0667951705466	86.26841120390144
361.00646033758	264.88687651970196	527.4205610045059	98.54686901935781	86.26841120390144
648.1425746041307	460.3689355134803	831.0731610373638	80.41650374050906	86.26841120390144
543.336241481519	402.45436195186676	756.0605553385744	81.70570007404685	86.26841120390144
651.7706565624695	438.52395071503906	860.5739095245387	116.87208917469161	86.26841120390144
642.3093254798399	496.2600594253801	808.1672845616785	75.38041318627702	86.26841120390144
422.4877060893306	273.82142058735815	616.7032732277239	86.61799555899466	86.26841120390144
419.37288619620614	293.09404716166324	572.9131574069962	92.04521348808639	86.26841120390144
422.55309068427846	336.0150641396034	564.3875967846714	85.29614464442109	86.26841120390144
502.488876499755	415.0253743466559	620.9823494603688	90.17904314310144	86.26841120390144
313.37484257503894	254.56048717421982	450.19042614756677	93.65075198755486	86.26841120390144
184.29785414865202	119.65786387193887	380.34885638418353	86.44787872919802	86.26841120390144
248.0921084871194	164.14627769783561	424.969762507568	76.24800074854808	86.26841120390144
337.03333639032206	257.38493881593956	490.10427794328683	76.20559629133149	86.26841120390144
351.94231504210285	226.99137058289304	536.706296863659	86.6096976423504	86.26841120390144
498.1683608050099	326.21049832913235	682.9906531979768	84.31124703423231	86.26841120390144
369.1591310199041	209.2009947118532	584.3718684553562	96.68607493975239	86.26841120390144
501.66005711559967	343.1080918043717	691.037228753827	116.97512597144433	86.26841120390144
431.38118441619287	263.9262358233652	624.938736979713	113.15287739477294	86.26841120390144
513.9283667219491	309.2300521274786	840.4744951077515	109.18710659986509	86.26841120390144
359.7588943932427	209.3466587264048	544.4717814158545	72.64701533562216	86.26841120390144
358.48001345520976	207.2896719682619	566.486780973506	121.6046304433323	86.26841120390144
330.5024843729631	189.4335327691333	548.4375210020394	89.07005375663408	86.26841120390144
757.7047319920407	569.2267900109518	943.7138030700286	63.36200977559463	86.26841120390144
493.24489481065643	365.3646634658757	703.023683782674	90.26818417429104	86.26841120390144
214.963330627309	133.86938518126055	383.9652320914129	80.38530317870031	86.26841120390144
246.24381062629084	153.62622039961667	418.6481246718865	87.5163743347068	86.26841120390144
236.73730770201388	162.78515793804263	420.1012685745157	92.93940669758625	86.26841120390144
312.76333716842345	234.00864092265428	439.9490238366041	66.6232926656542	86.26841120390144
355.42444527460657	238.277309866197	575.9421527496711	90.34587775370912	86.26841120390144
425.4070773396244	272.1562063202371	591.6242522331826	93.66516593871495	86.26841120390144
361.9614384483741	265.0811902801176	494.46955559643555	82.53798655845235	86.26841120390144
364.98033566851876	267.32755115943473	514.487281431235	91.60693853738253	86.26841120390144
419.0287308161834	327.7637076022723	586.1145983847937	79.99558617498869	86.26841120390144
552.3524601831227	387.12406955897075	718.9231510997099	99.28839342503908	86.26841120390144
426.394922263304	302.51459543334806	583.3766962898304	97.27358796244002	86.26841120390144
309.69728274562027	229.4341116842803	460.5379118991735	89.87457065334203	86.26841120390144
535.1432833229933	421.02974980749855	681.3459774928298	86.1392116468869	86.26841120390144
499.24033199003674	386.80359019089263	630.6616580965197	87.83603101076908	86.26841120390144
278.84871333629115	181.2291882084956	485.3351946817445	98.92607496975842	86.26841120390144
229.30847952931765	154.2628340793485	370.1638715877285	81.21006983462033	86.26841120390144
240.90733088009574	152.49262669622738	448.173059499278	89.62518452959877	86.26841120390144
259.8142292119347	143.2340945697419	411.2092871689214	69.05763087207922	86.26841120390144
265.95433570415236	150.28308412373033	455.1155106445525	88.2437365811169	86.26841120390144
373.6405096644966	232.7833447971555	568.3086690391302	77.30950960482771	86.26841120390144
337.46698388584724	177.22595485563755	512.9537548507524	88.70246325841183	86.26841120390144
194.81252247060866	115.03061889204541	357.89579983762724	82.41943728768189	86.26841120390144
241.5607025378961	174.0288393129288	394.4123314117117	83.7491094378814	86.26841120390144
239.897960621268	142.5412315965247	443.59697848298197	86.47977315723111	86.26841120390144
138.70968654467174	84.22591174939326	322.59280720074133	76.78608168119116	86.26841120390144
146.21890936867376	81.36343650417109	346.69302913136084	80.97314453373374	86.26841120390144
184.55638849831064	104.45095638906818	373.46773948308515	99.69496970194922	86.26841120390144
258.8660625920362	143.3771374547411	480.37949060611203	79.29887716728918	86.26841120390144
189.008143193075	117.33714041121912	381.4357384515888	83.00083472820066	86.26841120390144
219.96221037040092	140.15706800528355	405.46152700543007	95.75020769530836	86.26841120390144
305.0532710679262	208.70315621276646	472.7114487112754	81.92484818497918	86.26841120390144
333.64891299454376	201.87125198403703	497.1178049949123	87.19418984428174	86.26841120390144
796.253268572931	509.0878201205272	1305.418652490748	184.9684393778826	86.26841120390144
1683.7757802923306	1114.8060796986324	2646.523860092039	673.1619128551454	86.26841120390144
807.6188601308796	633.54443195485	992.3770346635705	69.52319317716415	86.26841120390144
1675.3260696650962	1420.0980827262285	1899.098281384894	84.26281937060986	86.26841120390144
1656.077931921624	1432.3859552434274	1855.6818277672378	77.75548815671506	86.26841120390144
1280.9660375253638	1100.3444630644292	1441.3947377430716	70.80531704592906	86.26841120390144
988.0040540533181	818.1282616465546	1217.2816557912324	86.13065225441107	86.26841120390144
766.390022085868	607.2516464038272	1028.6573469683149	94.01077077095326	86.26841120390144
507.91114904296865	389.13669364688434	694.6096399339481	79.55931572365985	86.26841120390144
405.36641078551446	299.9269966509254	547.4290470149831	74.11988138568717	86.26841120390144
398.97186989180403	290.20344970994034	548.1223971435716	90.16870405182668	86.26841120390144
334.51191513445985	248.9438369401072	672.9347343088583	176.52635973550133	86.26841120390144
734.676034257821	564.2038590083996	940.4175279602218	81.58485921485158	86.26841120390144
1016.5899241250643	842.517246269836	1232.0359035261463	67.22328556018358	86.26841120390144
973.0225262104657	807.1109337594141	1179.0559792388315	76.03245697615486	86.26841120390144
724.3271298026913	607.7033698653513	904.9010558623867	66.92330815997256	86.26841120390144
725.5803237463786	600.0693708214335	969.1342947251608	70.79132699550419	86.26841120390144
721.1099307595393	595.2740377959599	926.53064389334	81.92312085340814	86.26841120390144
572.9883119127296	449.8704760714211	734.6782086913692	88.95311482922466	86.26841120390144
532.046857416582	413.0463053810037	666.6891706171666	67.29833124593311	86.26841120390144
555.7908461176636	382.3742855746566	757.1422229514468	110.67957320884734	86.26841120390144
585.629541029227	456.34318395818116	776.9417163590248	82.29527233834942	86.26841120390144
603.5637913999919	456.23904925428525	756.09078113882	61.951552014311076	86.26841120390144
528.7278640893628	407.6629697375318	663.4473555811868	74.80486301622896	86.26841120390144
472.65143062374597	351.8935869930291	632.5071154863615	86.45543712681027	86.26841120390144
399.8328668702434	282.5828967265822	599.9543839428662	97.09056289251201	86.26841120390144
369.9740621013723	269.14879986101676	534.0179984897884	89.07716601418622	86.26841120390144
409.2081187954391	304.795099948577	565.052300385496	87.47068392589298	86.26841120390144
436.2647965639152	312.0993633107647	579.5335267997671	96.11604699985065	86.26841120390144
441.5144064119735	307.24425990478227	709.0206153757252	110.76231670305954	86.26841120390144
372.9586621505434	259.8884847219426	638.4680197333136	122.56232009625941	86.26841120390144
496.5278570846995	370.2215964806882	719.8848226332967	96.84966599895839	86.26841120390144
437.8638086225357	307.45909502261003	605.8433737408701	96.73654786603008	86.26841120390144
435.17509573334576	295.59950020309856	648.2547823260877	104.08024215579735	86.26841120390144
420.8898993459261	337.3028390867501	560.6885741158143	83.0050930635072	86.26841120390144
381.8594818213291	309.4287962448939	518.2542396439045	73.49218257147324	86.26841120390144
374.63735026237225	292.89960713139016	538.7359213226274	89.69825515762075	86.26841120390144
360.46329470824236	254.72150811803945	533.498075335997	89.62957914178041	86.26841120390144
414.98223503901784	265.071753598856	602.23512085483	85.72156110271212	86.26841120390144
430.3815070401067	295.36757598957695	591.6841131447518	96.61696385550339	86.26841120390144
488.6146624170078	308.2369398919799	673.2475156215005	83.85037496869867	86.26841120390144
441.1827297135611	292.02403505968255	579.7121834425602	71.17096063789846	86.26841120390144
396.4553842571878	263.68545214983266	553.3843064969947	78.40878039537752	86.26841120390144
397.5479134136118	273.89422023993524	540.4194710025175	67.24882948943598	86.26841120390144
348.32387910655603	252.43815359690032	493.0133231833554	80.24304075929906	86.26841120390144
375.00362539794236	239.7207103034228	549.8574799776829	87.91096330957234	86.26841120390144
369.8284150463535	241.74369551936763	547.6990281716598	79.97552135065705	86.26841120390144
369.3703956795703	249.86405149752693	582.0689222203512	73.69380967767364	86.26841120390144
349.03151461520946	247.47933840702626	560.7175672754225	78.36980376077638	86.26841120390144
369.82007696980594	246.68822918518126	605.4513489413516	102.14256092837005	86.26841120390144
369.7087154676265	250.9601895674442	572.6597804725624	83.53015032504098	86.26841120390144
427.1653952708882	269.33070332945147	609.4786134113648	93.1955565788272	86.26841120390144
462.4677792657337	277.8543453854353	1816.7010524228413	309.84726155621206	86.26841120390144
336.57345466918844	247.9717812906305	473.8650047520153	82.75155506671712	86.26841120390144
326.0128190246632	252.05753333719932	484.88570892314505	83.12113254444833	86.26841120390144
311.21011214890325	221.68672922492303	447.36457809450445	78.51397782171769	86.26841120390144
291.03867449008084	203.43553534711808	518.7100954660953	110.4872468120951	86.26841120390144
275.16534862698956	186.14243400877112	417.4578676881379	75.0621880244843	86.26841120390144
284.711140740879	189.5521093576046	421.10947114529205	74.63673640753976	86.26841120390144
349.8304440135452	229.0241057650325	576.5393233161618	86.20004520063962	86.26841120390144
278.66256180507764	178.52735442142895	464.8852476896522	70.96567841150802	86.26841120390144
221.19184809598372	137.68808000872184	378.4852801534951	81.54263722475012	86.26841120390144
211.8547689832872	131.88633211270087	356.66241061855567	67.66698893633664	86.26841120390144
208.74252370490188	134.09325975135434	391.7208598366452	86.03195530432646	86.26841120390144
260.5903369265542	161.7684597469482	426.3967249598463	80.94422905074666	86.26841120390144
258.0486082187892	122.670314352357	442.7056328579707	78.39824464257674	86.26841120390144
263.8380519468369	174.9714705243669	447.29439488515624	79.74098457863292	86.26841120390144
236.8522930006781	150.7448372131442	385.9160134229551	89.58726127603636	86.26841120390144
236.93525700004685	131.57131532645946	373.10462020294585	86.63481795687524	86.26841120390144
236.95599884352046	151.20186733281233	424.2712317475788	93.5958885342988	86.26841120390144
247.50996977608804	176.80498211883042	404.88283872135673	98.98514907718518	86.26841120390144
263.39756002283184	195.3074876827849	401.2469034454845	95.59413601352946	86.26841120390144
355.0603192251165	260.31135328792357	532.7261172122081	88.0768966636827	86.26841120390144
266.1893211363856	159.57761329420362	470.8217177960275	98.8819735039177	86.26841120390144
303.31400736496516	185.01083426412762	485.9630685067016	83.84232248700464	86.26841120390144
308.8667293885316	185.30248358403028	484.09824945477055	82.27335372801954	86.26841120390144
310.10661867241134	195.91328104847472	538.4340329525412	81.98067048361756	86.26841120390144
281.8456456447607	175.4594700714864	442.2206829691871	82.21189883143047	86.26841120390144
254.79454611767582	154.4927336137288	408.79227277409	71.21879261352048	86.26841120390144
268.0887954933254	172.30789611072493	443.2235829513682	84.49742003883976	86.26841120390144
308.14494757547396	212.7345917411873	466.34229268651717	82.07849398444553	86.26841120390144
325.1772535310739	204.9463714531196	466.21039364041053	84.16950234658839	86.26841120390144
272.64912328827205	177.91295663539245	448.453033420668	91.97913946391542	86.26841120390144
261.31933107311477	176.77106391111553	415.9796370199317	97.9446353900769	86.26841120390144
207.9080731235816	144.537198029521	367.51892674671245	89.06653728821448	86.26841120390144
201.96584095133426	137.61544287913168	366.65939277172464	90.62605889852556	86.26841120390144
200.06510553287794	120.83048600369742	434.6440657005943	107.63494926769826	86.26841120390144
221.6244415456961	108.80724994347389	472.33308391650786	94.07641469480765	86.26841120390144
178.29934784900377	101.86771399309515	362.4461633886006	90.24621696326497	86.26841120390144
213.48163440222612	138.3618849077993	377.8956778197413	89.7555141650598	86.26841120390144
398.09961694501436	187.44073723994856	1252.534216469006	239.81907797009754	86.26841120390144
255.6548289286764	144.13189068328018	414.2162886887707	109.1716056160111	86.26841120390144
373.4815282998003	262.8842427244989	548.9888627381978	100.95461449568904	86.26841120390144
358.3858775999267	235.99799304393252	506.90269048792635	107.44402635626211	86.26841120390144
355.39916996612857	265.10753251491514	553.2721232424028	104.08251285821896	86.26841120390144
664.4012716255803	379.093708544459	1091.3632608499365	152.97881955836056	86.26841120390144
309.15910519672883	226.71573785600066	458.80080193270334	95.11748895809367	86.26841120390144
781.5763440136938	548.8716869076655	980.0433944970878	72.93609012104778	86.26841120390144
671.3454187179093	496.7120723535618	859.8990738426922	75.43357591842417	86.26841120390144
427.8509157911949	253.68914211927157	644.049729434542	81.19125535746694	86.26841120390144
238.07921794669014	116.8418386147449	552.4919784943331	131.36453812645348	86.26841120390144
151.94839675563986	85.37564624103925	368.17812693902124	116.83627537162974	86.26841120390144
139.31118650757526	90.89556784984151	345.292769202933	78.3040227928632	86.26841120390144
203.51437119526304	97.81617364438979	464.47743869689907	86.32100559479935	86.26841120390144
327.8431607606012	174.6998169868064	513.510814112363	75.26262514803156	86.26841120390144
189.68669288105446	86.39445276933664	390.30025254132346	96.78871745481675	86.26841120390144
190.9368052689725	124.45892338866207	439.6694413268702	108.35640029262527	86.26841120390144
661.6817036479544	447.1019067585109	984.2501385603182	117.36277638956827	86.26841120390144
881.0976019456733	686.5231331668731	1094.4940180036485	89.93677088763238	86.26841120390144
777.8412993132781	610.4551476754015	1038.6516717552154	89.57518075506964	86.26841120390144
467.97520523286306	274.38864563040045	663.7244071052951	88.75137510455312	86.26841120390144
447.87407484799485	233.22329636848315	638.2263432938373	96.83437819309405	86.26841120390144
438.2009900243924	260.4844134177426	622.2617862848568	96.99978960037859	86.26841120390144
447.91366982944606	248.0707266108681	705.2488978697644	113.46883538043171	86.26841120390144
380.56448145672937	198.64560873942065	585.0125483215479	79.46941583019745	86.26841120390144
283.3839988636858	179.81943572142563	488.0525275609629	100.52931434731872	86.26841120390144
303.23638002725755	218.81273613769	464.0659784336436	113.63035361602981	86.26841120390144
251.24756820531476	204.93172888068605	428.67141610179743	114.47476075126231	86.26841120390144
664.8057820580335	454.1250687943978	896.4545395305321	99.54186098496271	86.26841120390144
829.2117973577012	579.0278109020572	1061.5462851912287	86.94648082070721	86.26841120390144
512.1470882916485	313.2208525158903	764.4806140805977	91.88118703003154	86.26841120390144
338.8577611860128	200.05504876817972	570.113749580081	114.60736179172791	86.26841120390144
256.79632681373164	150.28313713397483	463.00368921408375	109.44883736411764	86.26841120390144
237.2650042515866	167.427633937183	398.31153228310126	91.71690224101133	86.26841120390144
370.66564417237083	254.47997362374818	610.3751760598719	83.27740892058537	86.26841120390144
445.9689707917297	281.1603299746248	675.9690982687279	73.88621243873635	86.26841120390144
480.5861010353419	293.85567612198105	696.5508981276043	102.94172466780212	86.26841120390144
318.1171823432704	217.40751935167378	563.6450023470496	98.5261347937742	86.26841120390144
289.7672124911275	219.76128172977667	441.37771054904056	84.63837491992746	86.26841120390144
325.0194145930907	225.25545018223875	550.7818418742116	105.09485462139617	86.26841120390144
399.02239625421527	214.77203922649477	694.2271917844516	102.61781614375991	86.26841120390144
707.2842402326986	442.7996402057861	948.7641598586054	102.33700357677537	86.26841120390144
600.6643839627413	359.1408062313712	905.9594469858365	111.93923187092273	86.26841120390144
322.52292000815834	229.3534865088907	580.4208092958253	129.2719882851375	86.26841120390144
903.4299244356623	213.1455580877876	3907.112251453874	1100.1438788009098	86.26841120390144
338.17462788497386	264.7961507364774	507.4823058325116	102.86027008366895	86.26841120390144
795.372831421819	519.5005948962574	1096.4676896743124	119.97920406894491	86.26841120390144
536.8348194705744	327.1607019805888	901.9315085764924	153.15827935523262	86.26841120390144
543.9702709120023	337.5799548396617	815.7810550303514	102.46767877393177	86.26841120390144
597.4925783870009	359.2621165050419	914.6849291046719	111.55915628233365	86.26841120390144
519.8561320405789	361.44461083248746	763.0265538620919	79.20763243765873	86.26841120390144
423.22320220702494	248.68262886353972	613.71954068043	87.5402993920924	86.26841120390144
415.9304214870829	289.4098383501509	608.3483528578229	78.09901648808886	86.26841120390144
377.8778551692726	271.2673964509875	534.29702202692	98.94473244359212	86.26841120390144
402.38421479101413	300.5245686260109	557.9275003028605	90.6634511810341	86.26841120390144
448.02772222383817	329.2567562107367	653.0833676725944	126.81874691141002	86.26841120390144
627.7133232114762	492.6452968278112	881.80557842787	106.53551614446204	86.26841120390144
565.0912652653362	392.1340681961981	882.355465094151	116.82357872422376	86.26841120390144
410.08779385156964	315.6771641904617	630.3259521405333	95.08155955770383	86.26841120390144
400.0061133503103	281.28636140535485	590.4680176181957	100.34042327502777	86.26841120390144
532.0343588240261	326.17188873525384	795.6396987518152	114.97578393563592	86.26841120390144
401.0278941589782	322.6097817875193	1869.725015348144	383.9711360054222	86.26841120390144
363.38945924339833	257.52089550358534	710.4953255225242	160.73224127433312	86.26841120390144
754.346272915673	435.1591012735339	1020.1766010253966	119.27526954187265	86.26841120390144
1625.0511413911258	1236.998698404544	1926.4348934715765	120.65671705806326	86.26841120390144
1128.3530590605292	896.2978740176129	1420.0474201704865	108.27128407593545	86.26841120390144
633.9558279313377	436.7179154333813	896.3823296005507	110.45166827107766	86.26841120390144
345.9333832814762	241.0560829270815	550.9314203829975	113.00099079647745	86.26841120390144
404.34760635290013	286.64618602018743	614.4841243427608	131.31102959412527	86.26841120390144
764.7605348211384	487.22752338630636	1219.383026022324	160.77546656765065	86.26841120390144
640.5696876702826	402.62451231702664	921.2403339346046	122.18954733223168	86.26841120390144
374.40438301801044	240.8568840717579	601.9766181926096	103.38267980287773	86.26841120390144
302.7843372741313	164.33505303783295	534.5011994426668	122.27164133922443	86.26841120390144
344.88234657577704	215.92836380292067	541.9448893761692	104.45960903906806	86.26841120390144
773.4145179973935	575.1191311081888	1071.086832143657	91.70856005480044	86.26841120390144
919.274101088887	715.7003209107371	1212.3577645450077	104.36971524187524	86.26841120390144
724.5204377195497	502.77694239355253	972.417593870727	99.22269329969143	86.26841120390144
621.2581724808473	457.12530550770526	857.6118614089694	87.75909432152896	86.26841120390144
423.3726536138864	296.28391623858107	612.8415568181061	101.77651507892918	86.26841120390144
392.31560105673594	276.31153938630916	549.871303377356	83.87252895558937	86.26841120390144
353.2111000595877	262.31281590383105	558.1546109317812	99.28066758444893	86.26841120390144
353.46686765179123	266.623489283201	530.2493573469645	99.55556019393467	86.26841120390144
460.18556804520426	282.8606457631246	680.8363056886272	101.41827642436627	86.26841120390144
437.2259983230633	271.3136394112313	658.9825828917285	100.06461913737469	86.26841120390144
440.9771881043748	287.88897657075415	609.1491581241917	98.52343660920226	86.26841120390144
545.3145914510117	361.94508571364634	803.2874635131072	131.51405863060776	86.26841120390144
503.96519961027917	320.9502744949576	2133.3526673487177	709.0732986370938	86.26841120390144
624.2239470101982	258.59042784931904	3483.759314960432	892.412348332968	86.26841120390144
1031.1274127318718	260.30377151812826	3288.507927554729	1171.972222788107	86.26841120390144
479.4799847782667	427.15018663806234	1951.5934418186437	528.1341073819099	86.26841120390144
687.2268009665945	472.54901714371084	884.5337065876137	89.46328293061443	86.26841120390144
663.0490343283143	456.1823186682944	849.4327966929483	97.39196263926276	86.26841120390144
569.8789886678451	366.6786993474696	807.6526569521507	108.3783618534723	86.26841120390144
854.2728968923313	256.40399706263315	3347.94602946303	1169.422019371004	86.26841120390144
365.8861288188328	219.5222756811886	672.6499492573048	113.54094344538423	86.26841120390144
520.7397167218015	292.59728104235376	742.7532509590352	104.57194387095372	86.26841120390144
624.7894297702818	311.8321016033796	961.395784183077	133.16343980330774	86.26841120390144
669.88964233974	400.1791824182939	969.2196345875174	119.7514486433162	86.26841120390144
339.87467191475116	234.84037428456796	590.4200715208518	115.69959363969292	86.26841120390144
309.708804259549	226.05755076289174	450.5944014465928	99.8608076111818	86.26841120390144
367.13218155490733	239.43902068109566	521.1491959158963	84.05775736977598	86.26841120390144
359.40611990098375	268.8160806792752	546.6540582242461	89.20890957771081	86.26841120390144
409.779095400754	269.0428493736728	636.1650984166347	100.12041721442701	86.26841120390144
367.0100556167875	257.28588542432897	572.8471133602516	100.08460572655974	86.26841120390144
375.34287807233517	243.44210078426536	566.1861211353951	90.3166687953543	86.26841120390144
507.21855947708247	323.92147946575824	761.3919097513082	103.2717078392019	86.26841120390144
575.9140709359551	385.03672703621436	787.6405682046276	95.08688614578386	86.26841120390144
527.4463058126737	400.1166770781201	740.2300597791524	98.59159822131488	86.26841120390144
502.90121714979455	299.6016141973853	737.2390919590272	114.7627401870676	86.26841120390144
515.3996571160629	364.2214310067136	774.4511571344229	96.25124970572617	86.26841120390144
513.1816589682796	298.8999647969695	760.2069596364842	108.92265886080206	86.26841120390144
598.8365770980097	414.9501333596125	823.6990684642427	101.96741624426303	86.26841120390144
551.7285638945788	334.1141137049666	784.1070330933985	102.54173957017073	86.26841120390144
240.70267895027166	148.22955537783838	536.1639441608282	155.63658934311334	86.26841120390144
199.86642664976324	136.3708197248954	400.839514693876	103.50400551038847	86.26841120390144
308.68477217359947	156.13777474565242	533.1965690781719	113.95938685055926	86.26841120390144
348.91242126436134	179.27932877543265	525.4660976875907	95.91139379161422	86.26841120390144
513.408871069158	299.4665823677062	745.2567347908487	88.15344325001578	86.26841120390144
616.9879522777514	366.4211047174384	905.473109692384	107.3959900235449	86.26841120390144
701.9332366960184	490.1109346793031	956.8526027936148	83.72544207448898	86.26841120390144
520.2456517312959	270.98926320995855	753.3090639614934	88.55659050644283	86.26841120390144
366.9866761178278	200.19512791004607	643.0296332001785	108.52460866095207	86.26841120390144
340.848702419203	187.208724558458	575.5743240154245	91.51103043571017	86.26841120390144
222.15518455271322	129.89998175969205	415.71539796606123	88.18600493915976	86.26841120390144
398.05084518382665	195.45860703532853	663.8713261497566	103.96465266124737	86.26841120390144
533.7582178872492	296.0408981645021	748.1414440618183	103.62588157144812	86.26841120390144
420.3610011467363	245.34077705911852	725.1754764167896	98.99237439041102	86.26841120390144
309.69465500669816	182.52420718608906	510.66187429431835	83.13115741181295	86.26841120390144
374.32749168644506	179.4548927499494	578.7036660779248	87.0037598770479	86.26841120390144
520.475589587258	333.75945342623027	763.8905352416263	85.68348985571059	86.26841120390144
401.4095936469213	258.32943342653385	573.1124851939574	73.12312998578241	86.26841120390144
304.2603730429164	186.5423671329581	586.4740538177605	99.5646934702614	86.26841120390144
381.71239068004365	194.0671094050151	628.2546506012342	92.36523300301651	86.26841120390144
316.6312780696741	199.79990082212387	526.4879840068224	104.25577938439055	86.26841120390144
400.3175440912057	255.7207431914974	622.003906208706	94.05601762082253	86.26841120390144
489.2427662835588	236.88203375849525	699.6186313791682	102.43646622698586	86.26841120390144
519.372730095244	303.28239133559697	761.6983810272671	107.95256345448226	86.26841120390144
474.62586959967314	305.96585900695385	711.4240673474543	107.01953498345115	86.26841120390144
387.855955044719	240.48925490999105	555.5894660609206	89.29658946118589	86.26841120390144
379.5683591662166	234.86601898192396	551.4921392548465	90.18978410364042	86.26841120390144
396.9658893626682	236.05519673971057	590.1285040428412	84.45827279945483	86.26841120390144
419.8024467883984	249.98020132671357	627.4502801211894	97.17603173081764	86.26841120390144
465.79348740719024	314.7699377327714	646.5545486189524	93.59458245214333	86.26841120390144
478.34306675516206	267.95729779877695	690.8380543541554	82.58759954579084	86.26841120390144
510.2611681313026	314.9002626499572	738.0014440408912	84.97882454010843	86.26841120390144
439.8400052600105	300.6228606750628	683.6879303527961	101.34155110775838	86.26841120390144
422.3154726502817	210.72263884942353	620.5979424921615	107.56310034172066	86.26841120390144
332.2826638422557	197.7625515119816	502.9188634349753	64.56930299187424	86.26841120390144
351.454666259294	231.01299864740898	539.5215346234999	77.41250882166037	86.26841120390144
378.45174064583665	193.62605518197796	586.9886018665694	105.69202195210971	86.26841120390144
405.0180057419121	214.50196481964056	619.5124538442184	87.46866845444224	86.26841120390144
483.5785606045196	328.6990928907414	703.9929677491265	87.66077697110562	86.26841120390144
484.7815552874204	282.0445096583557	732.5170160718438	90.25632991477264	86.26841120390144
403.886731838204	199.45686152735982	585.8332318564873	85.30015588899664	86.26841120390144
369.9959951570169	209.60689544566583	636.2678930232884	88.60825040360592	86.26841120390144
344.79283863425604	156.19231263458565	514.8314976809442	75.86331475065329	86.26841120390144
364.8007449003591	193.3934122956509	575.8529660407823	97.6765902907235	86.26841120390144
374.0497584012415	212.73469057350312	582.8470530639877	103.11276229237016	86.26841120390144
434.24642491944314	268.19230357391956	606.3372396018565	80.62433609027042	86.26841120390144
377.10295641738355	192.83163401189324	615.4939534692382	100.74034327501224	86.26841120390144
398.26624992673544	210.91729167547115	635.2306717145512	94.43608981773144	86.26841120390144
357.7613991265057	202.30930236354317	540.7676060255668	80.7984762906394	86.26841120390144
397.8291322029452	187.76591838775175	660.7510930755417	109.34892167475364	86.26841120390144
370.2184589499438	153.41464764901545	551.9580357112311	90.4677167138264	86.26841120390144
403.77902000841806	189.18526406866297	651.2633777816563	99.02815524761095	86.26841120390144
468.81721058257517	234.6168777672806	707.1770634319755	97.84207975139664	86.26841120390144
483.73551882700406	305.3330530878057	670.6199688548951	78.57822661901938	86.26841120390144
508.79961468448766	275.05856134157955	758.1572451829434	96.57509824295978	86.26841120390144
434.8785273431365	242.16966124594134	659.1941705808651	76.11470416993751	86.26841120390144
359.10268566731133	154.10074133206695	578.0438737593428	102.95968588691774	86.26841120390144
369.7050943721869	219.17579315231498	547.7031552803229	86.37931779695113	86.26841120390144
336.35192352947973	170.6693229193328	561.681863589452	97.4142363726293	86.26841120390144
309.40964067856424	143.07695327062675	535.7074340810861	96.34093596478178	86.26841120390144
302.10719640297947	103.2424663649212	563.0581561694744	99.29663121470438	86.26841120390144
457.985970796538	199.39186600139988	671.185403726205	92.06552567340648	86.26841120390144
410.9758888003279	215.02820651234836	711.4583033276998	111.72972313391514	86.26841120390144
443.10874186890084	99.74980202233243	694.3617915519233	114.90674166122331	86.26841120390144
466.4793031085571	182.2444835503287	726.0089413581687	116.86270613789222	86.26841120390144
430.73535435683374	198.08355430708917	714.5595392467528	101.82119113267103	86.26841120390144
392.2308316818879	176.96634675904465	653.7651263383455	101.66115105515985	86.26841120390144
358.7655074487233	132.50666870542662	640.0670580502502	117.05248908992098	86.26841120390144
484.03194580186715	253.06174010542964	719.9364805993183	104.62185823517981	86.26841120390144
412.82801415081155	163.04002136384108	653.4394873272682	107.56544724516024	86.26841120390144
368.99487729782635	128.49518644506838	1132.642939216648	267.0710027256015	86.26841120390144
449.10067591094327	197.71218997927602	813.7123814742389	180.8099732392465	86.26841120390144
390.3891433432112	186.62270674052357	639.8914512077738	93.25382999110252	86.26841120390144
421.4264884589119	187.11782108968032	675.0593816730805	101.19887503713815	86.26841120390144
351.6751343002708	150.19991048190988	612.1265187208842	126.42657903102933	86.26841120390144
406.2183006946697	167.6842855019712	672.0683038838674	122.3409271389099	86.26841120390144
405.3438819995787	182.45836883087438	641.1653301612886	117.67767268575605	86.26841120390144
402.73464957674315	174.33886879098483	711.7859803088279	128.58952806522512	86.26841120390144
435.9750677159036	255.78126926247924	625.3094404486252	86.93910582989193	86.26841120390144
458.97881244276437	243.09695661622956	662.4002221817724	89.40290403790632	86.26841120390144
564.8169513969954	329.8124796469529	831.5334394453167	121.04783780151297	86.26841120390144
474.5109285764359	280.8079760055937	751.1194853767881	112.75925399318683	86.26841120390144
435.99308117648326	152.0099417963297	728.6598654833829	122.08177857486169	86.26841120390144
379.6980608542351	200.85582690087438	611.5185094069515	100.56849630887774	86.26841120390144
342.97766123468625	177.02837696350775	601.9566364889126	98.14055542375743	86.26841120390144
311.4666478493809	152.11510855131235	579.4693824035668	119.84787903289855	86.26841120390144
404.5021439401273	222.2073222559219	698.2000911341773	101.99260840146383	86.26841120390144
574.5292445912557	309.6535364393719	847.7277267043621	102.86372498174705	86.26841120390144
543.2304618720898	295.53390662234995	791.1262889200507	91.93125303964236	86.26841120390144
545.3054839766348	200.46727337196268	803.0745739700823	119.33242494025771	86.26841120390144
378.2500934790484	183.12303856017502	628.5355877865517	100.11471659726695	86.26841120390144
443.6461161952045	210.11436594760838	712.6039961268054	126.61769038595885	86.26841120390144
508.4587440282345	268.9258430068047	727.8136504505783	94.5392655471482	86.26841120390144
521.4724491741306	251.40043042332078	825.498651024711	128.9219240223457	86.26841120390144
591.388698360619	262.24245434362234	847.9658338178413	121.36818583912176	86.26841120390144
641.8604275588606	248.60642830644315	933.307267470776	116.40924231468173	86.26841120390144
665.5224382323722	367.57919266207944	936.6428000341983	105.29879113223508	86.26841120390144
575.431882608031	324.4307650032677	899.339428144369	125.94760311927465	86.26841120390144
545.0244495408964	275.2039530190508	828.4121383112815	102.30137925759408	86.26841120390144
471.3388534191586	258.0914685362257	703.5065218967268	96.79594217118822	86.26841120390144
545.7984964432693	331.24340563516813	756.1840958779397	89.92326068335203	86.26841120390144
608.7104381358084	410.83131924545035	785.5919443550015	77.99673696984192	86.26841120390144
710.3980429036983	413.2717239270238	974.7695548232894	135.5912839999619	86.26841120390144
646.9726346976605	419.8791914243393	911.0869599502237	112.20439559031384	86.26841120390144
622.6029554006499	357.39115974489914	1010.684934836455	131.9829142412176	86.26841120390144
479.766462138815	254.0376129724172	1300.1852044103039	338.4159620257047	86.26841120390144
567.2446039771714	356.6823490592584	832.053408285142	102.63351472849038	86.26841120390144
397.68874836474686	270.9484290446811	1757.2736394918468	496.44205808603976	86.26841120390144
384.54140083255027	300.70947845689466	1080.3372212040829	461.06174591603093	86.26841120390144
370.3728546642524	218.98864176969062	1712.9140829650526	372.668444537687	86.26841120390144
588.3932324807319	339.2908186017179	852.5919279456328	117.62903893854495	86.26841120390144
659.0837630856271	375.65605225929903	980.8551649829977	107.99839888899939	86.26841120390144
647.2988482691841	364.4138173577043	924.002487737123	123.59499007078546	86.26841120390144
686.816367471833	411.14895986659053	933.3117909654795	122.16864625115518	86.26841120390144
672.7321430015345	288.34044828449606	1067.7362358311943	156.07568327124332	86.26841120390144
470.27617005946814	320.5905090010972	1207.5810703835582	291.26121048049754	86.26841120390144
419.3930868393036	204.2477207061087	734.6470616144136	194.76737480868664	86.26841120390144
392.95139893983395	171.05857336168705	652.6928815308873	112.39446228635038	86.26841120390144
314.2687695458243	158.97485293196823	534.2467529853121	91.11012508491449	86.26841120390144
421.73752200150597	193.9795027855865	684.0687762017675	123.64355977073187	86.26841120390144
680.0915844490768	441.79929553983794	943.0098832870588	187.0318574703142	86.26841120390144
899.5877935359687	662.8412687053792	1193.8311770495754	109.70501012374072	86.26841120390144
1034.6013555171605	805.4233663956584	1271.7463898295946	93.80299259862392	86.26841120390144
1090.2064350040407	729.7802532733447	1344.622393076516	101.74897851052845	86.26841120390144
896.7607665201776	618.7490422690258	1183.1431127079834	103.70893520688344	86.26841120390144
777.3834193711775	566.0573782639085	987.3222539312138	78.29159049473188	86.26841120390144
719.2011488577705	471.4103141803102	925.4872562963242	86.35245073790978	86.26841120390144
632.3174796462271	353.4973117806217	918.2752457992623	113.07075857772926	86.26841120390144
592.6743033532755	387.1013783435677	819.2538785949116	91.04550748778476	86.26841120390144
534.069187671233	328.24272031868304	827.749984052465	114.6517629326404	86.26841120390144
522.2068729670835	300.22025714100613	723.5706365139833	89.6509753914761	86.26841120390144
491.23663645681233	252.3274394550238	768.5061801706997	136.47283377102397	86.26841120390144
491.20301777296265	261.2700616422113	762.4417573007512	119.19764653890834	86.26841120390144
534.4893843122475	314.4633615956913	734.6275147916377	91.49881030196062	86.26841120390144
561.0714547196646	367.34493561838093	837.6108993862049	87.20610868609651	86.26841120390144
602.4105628793118	355.09760728752195	824.8097637234703	116.01287052987914	86.26841120390144
475.32935477079354	291.8154396109217	674.6081518445644	93.2422819420141	86.26841120390144
543.8424219175661	306.55211186587627	790.8759652118102	116.54983124717043	86.26841120390144
459.5627572163186	249.04427816810576	690.1966014693518	117.48626896099083	86.26841120390144
478.99332176423286	257.71902142744085	742.1209695927902	111.39451988581641	86.26841120390144
430.5978214329637	237.76261059577524	737.1174919136412	150.19141654072047	86.26841120390144
489.310555618626	251.3762173569167	757.0214351806145	134.9971543533423	86.26841120390144
470.07096974252846	282.0003681867963	725.018833285237	98.51638744233735	86.26841120390144
500.31191515567036	282.39364644564944	727.0711207420493	102.31860184995215	86.26841120390144
528.6003246044223	328.7799435164707	809.0956459359412	110.01565128405628	86.26841120390144
466.98840208277187	271.7575270641127	726.8655083650935	114.42476348772782	86.26841120390144
445.63876890634134	232.03677580951347	686.6529085134082	104.39680844693143	86.26841120390144
490.6751720777312	245.59747973873468	814.4549557360842	110.7681956600675	86.26841120390144
463.8199214504164	254.6216688172344	724.5905869902224	116.18847533591426	86.26841120390144
497.9739258518485	262.6921847082941	785.5429647195529	111.47262401426778	86.26841120390144
499.0462129650156	253.9214849442779	726.271678179141	101.31468037104665	86.26841120390144
365.2027889975573	208.11311766076358	595.2375809680559	99.38798928869943	86.26841120390144
415.5683955299159	217.24427086472178	690.7178481408861	114.98375516946503	86.26841120390144
414.66074138215964	243.53853782183765	681.6357650743299	94.81850811054679	86.26841120390144
449.41834181984706	236.60962525668802	704.5157775205698	103.45824314125153	86.26841120390144
523.3417442591455	260.2367899391285	748.7647047404057	88.47949637272767	86.26841120390144
450.2511483995379	271.4961905936023	770.7796386318889	165.4804935791799	86.26841120390144
404.5073138789835	251.28090849235016	650.8241605320403	113.37340561607712	86.26841120390144
418.0932959919963	191.65865090916805	713.3206561035867	127.15062342614146	86.26841120390144
451.69073889283356	275.6122567784858	731.6935717996383	88.19007636112003	86.26841120390144
464.67345582808946	263.5945129792061	731.990201332621	90.69923139026363	86.26841120390144
539.2930035958195	364.88820637577857	758.5028809420679	71.9944445066283	86.26841120390144
499.22568809437803	309.13951228687887	819.9571993044352	95.64752410894009	86.26841120390144
510.1447267448712	273.0406495442675	780.4081130788092	111.56306787407406	86.26841120390144
454.8822708141625	250.47772091237502	758.6050327510991	121.67557992594266	86.26841120390144
478.30822078487205	204.99518986591886	729.4452837780295	115.79162460462865	86.26841120390144
511.4401669398569	338.07592233067294	695.796108609628	74.77488715098637	86.26841120390144
478.7853758599247	200.1776340970753	764.8127661413014	150.6918165163367	86.26841120390144
531.1683068145975	323.69320129579285	758.9734012013771	94.13073380473818	86.26841120390144
503.4336066899115	304.79864434804364	750.7905946935153	93.38183539592822	86.26841120390144
523.7359399264566	285.110801827895	736.8694185398364	99.05497804619827	86.26841120390144
461.93154791283575	262.22904498332537	715.8046590515014	95.441946660587	86.26841120390144
455.58818477847564	287.5727868357953	722.7263556489861	101.4182806732224	86.26841120390144
389.5518605088586	220.82803637789672	604.1040950886323	94.36709593610578	86.26841120390144
384.5657163046224	234.2030394260526	560.6938705186567	96.24263151334131	86.26841120390144
357.6245152059809	205.90779012392383	705.0291085719107	135.7302823067128	86.26841120390144
378.0946667185361	214.98615134845144	587.9275325037652	86.76461367969097	86.26841120390144
372.78180729912935	185.56136969533344	571.2807459983686	102.34851244297646	86.26841120390144
405.06774578519736	228.12507343568984	661.0342231512377	113.97637487756454	86.26841120390144
464.329000142528	250.6033721526878	748.4560918179943	113.8542116021841	86.26841120390144
480.7784840545941	248.9479694636319	845.1171931582861	126.14155954500845	86.26841120390144
468.29075584316723	228.4252302564009	679.4800048270997	92.03241737518053	86.26841120390144
465.89127644846167	255.30786155027513	719.3074484978457	103.02367157098453	86.26841120390144
504.58339863435907	266.89907101319284	761.4240641287803	109.77281641725082	86.26841120390144
446.3002668480952	268.7287828552672	729.4357373185087	97.60563736308649	86.26841120390144
442.46127271763265	227.14978101147472	803.5317424111593	185.4977145716507	86.26841120390144
396.17738688989994	251.56720591768135	595.9084158764889	77.97177408066867	86.26841120390144
467.35713091175467	277.52861198766954	710.4781562650312	93.48762325305236	86.26841120390144
474.73196264062216	278.8190888101778	686.8138010274425	87.4218220450891	86.26841120390144
417.48332924813104	171.9389833216549	694.6540984457182	102.94325674624864	86.26841120390144
444.0314993937552	245.42034670375284	715.9702521608075	138.05095890969739	86.26841120390144
488.4756728448578	317.5581816601889	862.3632909971799	174.42624351786424	86.26841120390144
519.2472417347136	285.76584061818164	781.6295047678727	109.44836952115497	86.26841120390144
485.3257417511143	293.4504190567881	710.7835468533112	93.72883503487114	86.26841120390144
452.1064447462419	252.91721006812077	747.9502171665317	107.9065814035386	86.26841120390144
479.98469875214414	280.1199081275361	750.0443341253755	101.86332801172358	86.26841120390144
494.1003562982475	294.53875623058406	704.0917933907748	81.51535299817384	86.26841120390144
458.28221267457764	287.8891059096858	695.696876562039	103.74066003268327	86.26841120390144
486.3639119640734	276.9335062648085	786.2554298446763	113.34603908137508	86.26841120390144
476.45211575387896	282.16503722856703	721.6303360647346	99.80074628310936	86.26841120390144
473.4995124644127	241.71269861813707	731.0174608103489	105.32617755077531	86.26841120390144
454.9073395646462	268.3655888150016	675.0764080944826	104.34061577787611	86.26841120390144
451.3925646745576	224.30124184733694	697.0747880662801	104.27900188901374	86.26841120390144
469.1943630610566	283.6761260204739	676.914363669596	101.3137756204379	86.26841120390144
419.80025034569496	244.70811683432052	715.5392395261097	96.15002891396028	86.26841120390144
455.8859250117261	215.13268282821508	659.4180361224412	93.02814583651653	86.26841120390144
426.5799749289561	256.22087848848213	643.238037124294	89.88105438640264	86.26841120390144
473.530127925808	276.9460744438914	724.4441390305215	115.42848729924114	86.26841120390144
463.1923367319755	309.6032662898534	657.7295106368807	93.24370232504384	86.26841120390144
509.6590942008992	249.43753630854965	801.9087354728867	122.1681416689318	86.26841120390144
445.75604105876323	233.0301705911935	694.1298227766321	116.72051284298259	86.26841120390144
436.41028717430794	226.42224994400107	808.142225504474	117.24965542482155	86.26841120390144
411.7084868260859	195.4840178395506	660.7625011965544	128.96378051148264	86.26841120390144
481.66591956890977	281.6860819239183	708.0263275545552	103.80729178276188	86.26841120390144
494.39962368498846	274.80206091134573	734.6757790013826	95.35558564995854	86.26841120390144
482.62400556098055	267.8173039289666	733.769254494319	83.5290009362194	86.26841120390144
474.774138870623	278.70633630621234	765.9918881223796	103.79643269182661	86.26841120390144
450.0609966692534	270.90783656246316	742.3977951134844	109.89636821364702	86.26841120390144
463.6329099307563	266.19552292621705	685.4029869401699	108.1930977810872	86.26841120390144
432.1396834927432	261.98680435958636	679.5381714756288	115.41077702410132	86.26841120390144
412.5268626812488	250.7908355926533	668.4295881997149	112.92344712801321	86.26841120390144
452.0499035152481	238.93528896832714	695.640165974329	104.98332173668037	86.26841120390144
457.61776521830046	276.72392780910485	671.1632868751325	88.07441680001543	86.26841120390144
446.2027610268322	271.6913068672102	694.0412203113603	103.21769327581384	86.26841120390144
461.2022135666344	282.75641131575986	751.8494135411737	108.26821974615787	86.26841120390144
483.4374249543849	318.6143857787562	725.5365830472966	85.02937575169668	86.26841120390144
430.9100805812467	258.68721721959605	702.0592506614178	119.77072577128158	86.26841120390144
427.20603804758883	243.44627707093395	699.3384676820955	103.23509019592828	86.26841120390144
421.4328194984773	254.11826382428524	627.3650384319864	80.02030155705269	86.26841120390144
427.7151352721061	268.3989856945805	630.5132781985697	100.64977309652527	86.26841120390144
478.69562328839754	248.23984442677715	732.0167018614738	119.86160765604696	86.26841120390144
