steps	episodes	average_discriminator_loss	average_rewards	average_value	average_entropy	average_value_loss	average_policy_loss	n_updates
16384	16	-5.3926466340888295	-2.0074550956487656	-54.54726494216919	0.6519533739686012	131.92620811462402	-0.0625653709564358	2560
32768	32	-4.690768820854835	-3.759758345782757	-278.32199200439453	0.5621180328205228	828.6954544067382	-0.04514009040780365	5120
49152	48	-4.225666772129014	-3.5626108000675836	-291.5852838897705	0.5189576615765691	750.6053328704834	-0.05765263397246599	7680
65536	64	-3.8483605404300616	-3.2927299104630947	-254.51347427368165	0.5027275146376342	526.0652970123291	-0.05183810523711145	10240
81920	80	-4.152823030683212	-3.071644279360771	-227.81262799072266	0.49161763057671487	424.0642891693115	-0.05598921843804419	12800
98304	96	-3.561003806068562	-2.9292795037229857	-210.7914069213867	0.4647102997265756	355.3168517684937	-0.04990630079060793	15360
114688	112	-3.146802049181424	-2.822406238743237	-203.26674726867677	0.46521896256599576	350.0228512573242	-0.05484699691645801	17920
131072	128	-2.9112632094873114	-2.7471646573394537	-203.92047079467773	0.44909147179173303	344.57403121948244	-0.04452405206859112	20480
147456	144	-3.3329231632933953	-2.758783967958556	-225.76543544006347	0.45853531209984794	418.9573732757568	-0.04810881180688739	23040
163840	160	-2.632544594150211	-3.0840644881129267	-346.3499895324707	0.3874388249502517	1250.7808459472656	-0.04155494808219373	25600
180224	176	-11.523201605543495	-3.716504903002219	-643.1437037353516	0.47751740005146714	8109.912360839844	-0.07033665562048555	28160
196608	192	-0.9374260208841296	-5.064201358705759	-415.7820290832519	0.0032141242438810877	7741.58765625	-0.05318625288084149	30720
212992	208	-3.174190178470686	-4.919983968138695	-322.2090358581543	2.8915769634565435e-06	897.0902714014053	-0.0007561029680073261	33280
229376	224	-3.445951031478122	-4.735723332634994	-254.6956037902832	2.8997532027952298e-08	507.53184825897216	-0.004022671170532704	35840
245760	240	-3.585678096356802	-4.528124991059303	-189.20789582824708	1.8028794557360672e-08	265.83997710227965	0.002136383317410946	38400
262144	256	-3.724594452335499	-4.314863472245634	-141.6507773742676	7.652115582740027e-08	141.20751385688783	0.0009872710518538952	40960
278528	272	-3.8654360871082174	-4.101932984941146	-95.97277576446533	8.734517226985954e-08	61.91051436662674	0.0020870883669704197	43520
294912	288	-4.0121430631643165	-3.897515617311001	-63.473658187866214	1.1809421285534584e-09	27.489211012125015	0.0005334202945232392	46080
311296	304	-4.26060427152738	-3.703303684529505	-39.45893964958191	1.0148495357068667e-10	11.026399985551834	0.0036421341076493265	48640
327680	320	-4.5310574819035825	-3.512594327842817	-17.561561474204062	3.556287533810492e-12	1.7992790199816227	-0.0017957920953631402	51200
344064	336	-4.919986031865701	-3.3210292250538864	10.047759127616882	2.562431046946306e-09	2.237553266733885	0.0033405479695647953	53760
360448	352	-5.412856570421718	-3.1281917465596716	41.097067935943606	1.112403396792193e-08	18.770422906279563	-0.002188829630613327	56320
376832	368	-5.834473308073357	-2.9330636254390297	72.76276989746094	5.868746714090391e-10	51.601674358844754	0.00012122584506869316	58880
393216	384	-6.339610789382831	-2.7415295359290517	103.79257446289063	9.956831703599918e-12	100.44809545993805	0.005649281777441502	61440
409600	400	-6.827990804631263	-2.5531535689160227	131.09092809295655	1.077507388269965e-08	143.64712197780608	0.0002248120680451393	64000
425984	416	-7.318636743811891	-2.3707090746253154	152.1967446746826	5.292585219183418e-10	180.80861805438997	-0.009561786130070686	66560
442368	432	-7.841156812429428	-2.1940245930174433	171.71660554504393	1.192681127534786e-12	247.5865148448944	-0.003766039088368416	69120
458752	448	-8.293537382364272	-2.0222524716851433	189.0303370361328	4.205804144300306e-08	286.05462903022766	-0.0010385543387383222	71680
475136	464	-8.753957789922133	-1.8561928943763006	207.45115310668945	3.4996435548928533e-06	350.9264858722687	-8.967451751232147e-05	74240
491520	480	-8.711789054185152	-1.6920433157123624	223.26038801574708	0.0024612784510678314	424.7963285827637	-0.0016153953410685063	76800
507904	496	-1.7260050788247026	-1.4760748199337432	695.6146252441406	0.06346375654687592	3671.953005981445	-0.021504083946347237	79360
524288	512	-5.3715858206087725	-1.3876234333438333	609.4247849121094	0.09923590184272038	1688.5359956359864	-0.019978633709251882	81920
540672	528	-1.1097259010273264	-1.4279466491249022	220.35817742919923	0.09415914393875313	726.9954084777833	-0.00836692651733756	84480
557056	544	-4.41368251013197	-1.3453221714178867	227.54542964172364	0.03586759748554134	415.52595254898074	-0.0017949858121573926	87040
573440	560	-1.6900104166371748	-1.1875849526641624	324.90354119873047	0.04418993220354362	944.6781622314453	-0.009701939821243287	89600
589824	576	-1.1502768159478438	-1.0415532778068963	362.7040053100586	0.06427205747264808	1177.7883209991455	-0.0034275149740278722	92160
606208	592	-1.1159183892947622	-0.9161219861408746	350.4368971252441	0.06766028354473624	984.9752119445801	-0.007153058741241693	94720
622592	608	-1.0714390017450788	-0.7923592351327994	337.7447144165039	0.06750404181407217	916.8540062713623	-0.00705413973890245	97280
638976	624	-1.0571027504445518	-0.6881771246926525	325.09834158325197	0.06062934974130087	851.0442793273926	-0.0014901041239500047	99840
655360	640	-1.14518227612623	-0.5947475469438359	312.61293362426755	0.06110119318638092	824.8767964935303	-0.004449447058141232	102400
671744	656	-0.9257825438848231	-0.49590015472707955	314.4217814331055	0.06903951935711905	793.3588842010498	-0.011794442925602198	104960
688128	672	-0.9972873029566836	-0.4143840179867333	293.13786157226565	0.0692294703250869	628.9959063720703	-0.01953013189136982	107520
704512	688	-1.0872621989746112	-0.34235741845656964	266.2314241485596	0.06657690513863608	549.3847965240478	-0.013864276632666588	110080
720896	704	-1.1312249265993013	-0.2785311726302924	241.3115799407959	0.08394244819503585	493.0203610992432	-0.012287566848099231	112640
737280	720	-1.1529417918520048	-0.20786876734346152	257.1708504180908	0.07316943637527425	515.5380079650879	-0.012912387093529105	115200
753664	736	-0.8918371100304648	-0.1447156750920998	262.4122232055664	0.07023019432060343	539.2918636703491	-0.009475739421322942	117760
770048	752	-0.7888016568819294	-0.10320594770080865	215.9959702758789	0.08697437652064281	367.07959491729736	-0.013626198470592498	120320
786432	768	-0.8140677855152171	-0.05463273875648156	211.79417012023924	0.07559800799469593	347.75328372955323	-0.021950031192973257	122880
802816	784	-0.34936396775412143	-0.014673031619464864	208.51770982360839	0.09114652421636495	297.0867511367798	-0.017615225426852704	125440
819200	800	-0.3713590455867234	-0.012785776052623987	116.28938952636719	0.09393454127070426	87.35480632781983	-0.020134860267862677	128000
835584	816	-0.8299730465442408	-0.00039814334070565656	76.64966593170166	0.07706145215139343	66.24193733215333	-0.011554264724254608	130560
851968	832	-0.681688149471418	0.043252240490311615	142.00706867980958	0.06153490569039202	194.6300629234314	-0.015394635712727905	133120
868352	848	-0.783448203225038	0.0806326645971188	177.08489154052734	0.0781820965634418	228.2090774345398	-0.01610102493315935	135680
884736	864	-0.5697796460721875	0.10861646071835249	161.59599990844725	0.06657879699019464	223.00912353515625	-0.0015057930629700422	138240
901120	880	-0.6978148538835812	0.13618983997201378	161.92903315734864	0.059768818247699064	202.06488872528075	-0.01452614139765501	140800
917504	896	-0.7616548821185716	0.15968651209758328	151.3424429168701	0.09031288860390653	154.39900372505187	-0.023042442053556444	143360
933888	912	-0.8213848169955891	0.16084986701280923	97.65197579193115	0.10187335646463558	57.4151904296875	-0.022999644558876754	145920
950272	928	-0.45215533662366214	0.16663218525655824	60.41378052520752	0.09329575092206935	40.19321063041687	-0.011234914716333151	148480
966656	944	-0.3428122792915674	0.18303881009440806	84.03944372558594	0.10799018915018022	67.88549277305603	-0.013325914479792119	151040
983040	960	-0.5932408952376572	0.19091828594294688	81.04995768737793	0.07982135319194149	46.06891978263855	-0.01739773977547884	153600
999424	976	-0.7783589600230334	0.19442320637954552	56.33314218902588	0.08348467382263358	31.654395146369936	-0.018959474842995407	156160
1015808	992	-0.7215765676175943	0.20366034835516925	64.72710218429566	0.09624340714417415	40.185995969772335	-0.016616116017103194	158720
1032192	1008	-0.38430325403343885	0.2116060880057159	74.8744423904419	0.09290899282115234	43.440343203544614	-0.015310397688299417	161280
1048576	1024	-0.5143154897826026	0.21660694490128662	64.42295484161377	0.08065443384104366	31.1560840177536	-0.008889216743409634	163840
1064960	1040	-0.5098789862776175	0.20788504924052037	23.765013919830324	0.08771763970619856	8.748068737983704	-0.021573550831526518	166400
1081344	1056	-0.6699414366788696	0.18831457159566609	-28.74984531211853	0.0848897228624887	21.334966087341307	-0.01320758881047368	168960
1097728	1072	-0.6344145708375145	0.14960956580436496	-126.05822247314453	0.14128819509283802	168.1470672225952	-0.016223343461751936	171520
1114112	1088	-0.17808008940708533	0.11974087934119299	-151.24189019775392	0.15985933309728845	188.22348905563354	-0.022568477913737298	174080
1130496	1104	-0.45429775077395607	0.08963406351867362	-162.5752458343506	0.23104942842229248	244.30886268615723	-0.02363513709977269	176640
1146880	1120	-0.39459000684291823	0.04815868060769779	-205.50738449096679	0.22442229870719962	396.0721245574951	-0.02552204716950655	179200
1163264	1136	-0.2573691495927633	0.017092215408846527	-208.27230989074707	0.2564119451233737	349.75941860198975	-0.01945045718923211	181760
1179648	1152	-0.24889244240825065	-0.0029530354853098593	-169.17870698547364	0.25424350833597964	230.90308040618896	-0.031021940978243946	184320
1196032	1168	-0.25159406286812735	-0.008510877327253558	-106.94920922851563	0.2752285697122534	73.63018558502198	-0.0319210718665272	186880
1212416	1184	-0.28569252166425574	0.004660716318097469	-13.414031970977783	0.26776544597461177	3.401389526128769	-0.05082400845363736	189440
1228800	1200	-0.3390876350334147	0.016946454532444477	51.64674480438232	0.27952154030136034	21.028385515213014	-0.04523565932177007	192000
1245184	1216	-0.20499840519778081	0.020263137087520016	38.06960011291504	0.2417536032236805	15.037193307876587	-0.032693055979907515	194560
1261568	1232	-0.360782598448568	0.036297683289589044	69.08325735092163	0.2295157466603787	55.932428245544436	-0.021998856421560048	197120
1277952	1248	-0.26392541173897915	0.05814362726866817	119.14554187011719	0.23714985659227006	120.71998740196229	-0.029261622093617917	199680
1294336	1264	-0.321649397575995	0.0760354370326747	134.70229318237304	0.20864985993073457	134.7486008453369	-0.028036252427846194	202240
1310720	1280	-0.5076938718269812	0.08266133785946295	97.9668346786499	0.18130743066128377	67.47821086406708	-0.02134288459084928	204800
1327104	1296	-0.35335188053193267	0.09225444080607023	82.2386688156128	0.18546918203687945	62.20199786186218	-0.020842850971966982	207360
1343488	1312	-0.280841083192965	0.10239598817169303	86.13858845520019	0.17011979262026	59.46715083599091	-0.026483168238773943	209920
1359872	1328	-0.5848632124476135	0.10075796827539263	40.6658694267273	0.16068678276376533	15.583986303806306	-0.049037319999188186	212480
1376256	1344	-0.5129991533333669	0.08823934063271043	-25.689436854362487	0.15677757568484843	10.984890947341919	-0.03470485160127282	215040
1392640	1360	-0.8006918276422657	0.10165970508447465	32.12007409858704	0.16382425021504532	26.517984757423402	-0.017877483945339917	217600
1409024	1376	-0.585731966207386	0.12740130383564635	127.48303800964355	0.1767514448542342	168.73355297088622	-0.022690231967717408	220160
1425408	1392	-0.5616924739819952	0.15485135344895481	185.4509755859375	0.1573076292663771	306.5913027954102	-0.016124263871461153	222720
1441792	1408	-0.4689340078225359	0.18264872892971404	216.15424632263185	0.13846875191905617	375.9558751106262	-0.02475614795461297	225280
1458176	1424	-0.42742952789738775	0.20654785807840945	216.98300733947755	0.14422351423404367	385.6210540008545	-0.016153549887239934	227840
1474560	1440	-0.6083250768898287	0.22483240406339366	195.8135389251709	0.14164385954441985	298.0466214561462	-0.01194007022306323	230400
1490944	1456	-0.9303771989110392	0.23661703975605114	163.54721940612794	0.13682155354473202	188.03961280822753	-0.019591587465256452	232960
1507328	1472	-0.6255533808920299	0.24324046017642578	117.65923031616211	0.12439379956443557	111.8206063079834	-0.018744039181619883	235520
1523712	1488	-0.3939324332001852	0.2572419259557	125.01227677154542	0.12280171849737491	134.579896068573	-0.024145803600549697	238080
1540096	1504	-0.3704267071377253	0.27531953131225195	152.49571842956544	0.14281769760173085	209.2646932220459	-0.016468352619558573	240640
1556480	1520	-0.4020133833599393	0.2907074116464508	161.95053184509277	0.127229088954532	197.72888579368592	-0.012337362319231033	243200
1572864	1536	-0.5065225752309197	0.2961820042595112	116.73979782867431	0.13162626872785882	104.23618686676025	-0.017664671940729022	245760
1589248	1552	-0.3555111081075156	0.30516374309921696	106.17826767730713	0.11816683085381852	95.64084836006164	-0.020540655646473168	248320
1605632	1568	-0.4655164112560451	0.31303377007609423	118.93050796508788	0.10496322987158582	92.31871824264526	-0.012095648664981126	250880
1622016	1584	-0.38979559710255124	0.2988659202055347	18.269055269896985	0.12306854638906926	11.752888565063477	-0.028664335533976557	253440
1638400	1600	-0.5558745079623768	0.30095446228049694	15.473092930793761	0.12180124527916603	10.56514743089676	-0.016410674545913936	256000
1654784	1616	-0.42295183275302406	0.31556217032161976	92.79035258483887	0.12072105722137866	98.99570948600768	-0.005275770695880056	258560
1671168	1632	-0.37189505549514434	0.33287073524814903	143.5858194885254	0.1109394258988607	199.36735838890075	-0.01604055069386959	261120
1687552	1648	-0.29798765202559296	0.3478193251162912	165.70012660217284	0.13038913756558168	234.0374314212799	-0.010354568548500538	263680
1703936	1664	-0.3107750903731794	0.35588160041683853	143.67527102661134	0.1141432546648187	147.6447787284851	-0.012807335797697305	266240
1720320	1680	-0.4569171059484943	0.3603428138065196	106.51953747558593	0.11805821963032995	83.53557796001434	-0.014908437971025706	268800
1736704	1696	-0.5872515825979644	0.3632944681646548	82.05893360900879	0.10850998890175224	53.22571203708649	-0.019081153087317945	271360
1753088	1712	-0.5288670937126735	0.36786326347354137	79.52572766113282	0.11355037223185532	50.45744432449341	-0.0176884270273149	273920
1769472	1728	-0.46025879657058977	0.3714971449829776	74.17307451629638	0.11664816991155985	45.7564219713211	-0.020086650159209966	276480
1785856	1744	-0.3792759750528494	0.37665240055616567	80.17080651855468	0.10227151466681389	57.41538382530212	-0.0105635179951787	279040
1802240	1760	-0.4281337447410915	0.3810893410901454	85.79295240020753	0.09682447650572092	60.06454432487488	-0.010793719626963138	281600
1818624	1776	-0.4394420365806436	0.37536713366002383	36.89440061759949	0.1086387143919151	7.510168461799622	-0.02263910894282162	284160
1835008	1792	-0.35805346275807826	0.3686242768723917	-6.1418312888145445	0.11476723023382283	2.683057403564453	-0.03076303569599986	286720
1851392	1808	-0.3137720686973771	0.3701618163788741	14.876461647987366	0.10461421447850255	9.36550944328308	-0.014057906139642	289280
1867776	1824	-0.39761270600324494	0.37646155127961384	65.60053849411011	0.09141214464782346	34.43255542755127	-0.020216517560184003	291840
1884160	1840	-0.5936566644754494	0.3752402041978	48.843471824645995	0.10549397145316172	15.765869653224945	-0.022817913489416242	294400
1900544	1856	-0.34183905513066565	0.3757064232446157	39.08227276420593	0.10057361064853063	19.045344717502594	-0.016729640122503043	296960
1916928	1872	-0.3510272918950068	0.3835633557994301	77.39627467346192	0.10250337496207089	63.20441234111786	-0.010416484475135802	299520
1933312	1888	-0.468313134784461	0.39369772479798393	110.25018421936035	0.10333626146498258	113.4584110212326	-0.012815266158431768	302080
1949696	1904	-0.4663115479381522	0.406633594247489	148.73329554748534	0.10032890451661551	196.50948331832885	-0.009518521511927247	304640
1966080	1920	-0.7125910540289478	0.4142031348407424	148.49583697509766	0.07856419799145936	140.14080008506775	-0.013557927366346121	307200
1982464	1936	-0.8513163608480245	0.40503231236857384	49.38607555007935	0.1025663621486554	19.51115303993225	-0.024520023595541715	309760
1998848	1952	-0.5338125759309623	0.39844596597602683	-1.3703687398433686	0.0759490434388614	4.712929871082306	-0.017308794185519217	312320
2015232	1968	-0.6057897291663102	0.4062009690408936	54.888583782196044	0.09223289084470256	43.90203777313232	-0.009438502099364997	314880
2031616	1984	-0.5451422070643166	0.4183686223395559	125.19944875335693	0.07294148435123951	128.6968592453003	-0.015274213440716267	317440
2048000	2000	-1.0193985307409894	0.4256371735725552	135.10707564544677	0.0817590396972135	133.32738168716432	-0.008663217760622502	320000
2064384	2016	-0.9360284980132129	0.4246744711694884	86.13264272308349	0.0875891844566231	68.41369174957275	-0.013012334750965238	322560
2080768	2032	-0.5040105233772192	0.43012589234748755	90.98726907348633	0.08049807342911493	82.3369531583786	-0.011795639689080418	325120
2097152	2048	-0.5635107505171327	0.43937383051707	120.23235754394531	0.07638598307145487	134.16488949298858	-0.009118681717664003	327680
2113536	2064	-0.7388158140260493	0.44935632994680036	142.7563634338379	0.07660231303514003	174.55352380752564	-0.0019872851949185133	330240
2129920	2080	-0.9286612168594729	0.45577633078030955	131.69597061157228	0.08106969868550601	127.86656967163086	-0.015138572305440903	332800
2146304	2096	-0.6907512271909508	0.45962083949138705	108.38170802307128	0.09203467968969695	100.51007997512818	-0.004847434461116791	335360
2162688	2112	-0.5627790620775195	0.46321651752452564	97.16390955352783	0.0871863419168125	77.86710947036744	-0.009282348733395339	337920
2179072	2128	-0.6281911809134763	0.4639596044544579	82.22108470153809	0.08359734174327178	40.66306215286255	-0.006819061636924743	340480
2195456	2144	-0.7627714388143504	0.4607571057728561	47.54066733932495	0.08894534693245851	20.373461446762086	-0.022103823823854327	343040
2211840	2160	-0.5319520406620577	0.46615081882897624	73.08235467529298	0.08647688000141172	71.65771983623505	-0.010895239524543285	345600
2228224	2176	-0.5289798423143802	0.47796311350847487	133.66423397827148	0.08286159172329809	167.1181995201111	-0.014521509408950806	348160
2244608	2192	-0.666816258246312	0.48817165001009993	165.35657339477538	0.0881502983149586	200.33123215675354	-0.01628234378993511	350720
2260992	2208	-0.7578465590439737	0.48934876390537113	116.81428678131104	0.09154602279625806	97.32814845085144	-0.014027404375374317	353280
2277376	2224	-0.6833385093937395	0.4901819679192636	77.53962999725341	0.0827848017360776	64.40041813373566	-0.011162239508703351	355840
2293760	2240	-0.5550938139512437	0.4985645879409276	116.76556386566162	0.08447552344595924	129.439829454422	-0.010659861844033003	358400
2310144	2256	-0.6788799001838779	0.5058175595757941	134.72928019714357	0.06926062491972972	145.75636673927306	-0.011742719132453203	360960
2326528	2272	-1.2905004266921896	0.5040356450022238	95.92363438415528	0.06607595416998695	56.79312029838562	-0.0182311384472996	363520
2342912	2288	-0.6836469946140423	0.5057280544546543	73.939571849823	0.055231884044693064	61.07356328964234	-0.012173416297882796	366080
2359296	2304	-0.6632558433583472	0.5163420545884745	126.9853698272705	0.06513162952676449	170.39286937713624	-0.006755300844088197	368640
2375680	2320	-0.6381775153408525	0.5283515543275481	169.53252001953126	0.06903714955559621	251.4859202003479	-0.009343736935406924	371200
2392064	2336	-0.5550811649775133	0.5368314348177168	180.48491773986817	0.08190505519950617	241.00057342529297	-0.007324191918596626	373760
2408448	2352	-0.5984047354310751	0.538640402157658	126.62653242492675	0.07107612640192344	113.09728038787841	-0.006645902860909701	376320
2424832	2368	-0.6058543821778148	0.5418164204016354	102.66368926239014	0.06516872516451101	80.09930651664735	-0.007807323168963194	378880
2441216	2384	-0.6367490766464035	0.5458949235777352	105.06566359710693	0.06266069130521713	91.07070191383362	-0.017629187423735856	381440
2457600	2400	-0.7078327151739504	0.5510026873663688	117.39241798400879	0.06612722740467644	104.47901668071746	-0.012999088820070028	384000
2473984	2416	-0.628290268068784	0.5515341639830207	89.16151825714111	0.06031418611889728	59.084712834358214	-0.008920214623212814	386560
2490368	2432	-0.5857105047595105	0.5547665430640336	86.320560546875	0.07121831496518972	71.70595884799957	-0.010485122390091419	389120
2506752	2448	-0.6301444522211095	0.5583122019592088	96.4717407836914	0.060052287710911624	75.18995875358581	-0.008081041499972344	391680
2523136	2464	-0.7235706289833179	0.5588994168921362	80.29438903045654	0.07005483611417934	46.30310499191284	-0.007456636466085911	394240
2539520	2480	-0.6738361187576083	0.5563775444718738	47.67056439590454	0.07079471120012616	17.746311144828795	-0.009949972201138736	396800
2555904	2496	-0.4819090753723867	0.5541636539542546	31.751182277679444	0.07111655758137783	9.41822258234024	-0.012334938291460276	399360
2572288	2512	-0.46002891331742285	0.5532773627089871	35.18477103233337	0.06415142164224508	12.059703075885773	-0.012969285491853952	401920
2588672	2528	-0.5790528755292762	0.5526756729851064	37.58913833618164	0.07059178781561472	17.03259169101715	-0.004001358393579722	404480
2605056	2544	-0.4941313678122824	0.5540719305724491	54.52648903656006	0.061640427960077605	33.79130769729614	-0.0038535418175160885	407040
2621440	2560	-0.5000176237567794	0.5601909117554896	95.84299044036865	0.06620876117868618	84.1664223766327	-0.017479318426921964	409600
2637824	2576	-0.49916663396894	0.5678210922803221	135.6392381286621	0.060229131731058046	158.5259787750244	-0.005064241010695696	412160
2654208	2592	-0.5393682388038141	0.5733940987459695	138.0615934906006	0.05364181584819333	146.03921654701233	-0.014731445293873548	414720
2670592	2608	-0.6043229007670888	0.5777242675300779	130.04387338256836	0.06020897887404937	122.70829754829407	-0.009041958507150411	417280
2686976	2624	-0.6677324374353047	0.5789016957477121	104.42162059783935	0.06857866321279929	75.40432514190674	-0.008519206112250686	419840
2703360	2640	-0.6883061272627674	0.5753383431640087	51.60090732192993	0.07137493015509516	15.144421095848083	-0.01051728641614318	422400
2719744	2656	-0.5849403393425746	0.5705519899983992	11.610735949993133	0.066893074470291	4.078859102725983	-0.0123875985853374	424960
2736128	2672	-0.6805944363758899	0.5722412160670239	39.84346046447754	0.06377263644021994	23.206962962150573	-0.016069315364584325	427520
2752512	2688	-0.8455433643180877	0.5749387510198479	73.48193864440918	0.06366622172839802	49.046082944869994	-0.005193688236176968	430080
2768896	2704	-0.6240337707118597	0.5756978973382588	70.62898823547363	0.07517429260994278	46.94158708095551	-0.007663771044462919	432640
2785280	2720	-0.6157427686161827	0.5780871825785759	75.14122900390625	0.0700203824282758	58.107025089263914	0.0014427165873348712	435200
2801664	2736	-0.5917193804427515	0.5824775437590236	101.03417472076416	0.07971177575215915	85.44161991596222	-0.01486737803556025	437760
2818048	2752	-0.6136419885344804	0.5858607354281513	104.1595584564209	0.06746687222597994	85.7751347064972	-0.007707837726920843	440320
2834432	2768	-0.6372239897826221	0.5875156426780744	90.41759532928467	0.06279478331849757	69.55267930030823	0.0008810743689537049	442880
2850816	2784	-0.6344174271284136	0.5917293071136649	104.04017510223389	0.0606062727296038	91.707483959198	-0.009530507214367389	445440
2867200	2800	-0.6475021893668454	0.5976303435808846	126.26815756225587	0.06273401367702204	148.23830178260803	-0.007070657070726156	448000
2883584	2816	-0.6457174792073201	0.60588642393387	157.6821266784668	0.059773984261365085	207.90547833442687	-0.013337747454643249	450560
2899968	2832	-0.6793565747165121	0.6114390871019266	159.75700010681152	0.059546178705529855	188.61703203201293	-0.006806036084890365	453120
2916352	2848	-1.89608680196153	0.6043340880790035	93.22081674194337	0.07759400683725824	36.37952548980713	-0.016411599218845368	455680
2932736	2864	-0.5650004625701113	0.5903173119568542	-41.78025606441498	0.05714434284162857	55.53344036102295	-0.011160836536437273	458240
2949120	2880	-1.2141807406537701	0.5933742020718961	23.511263174057007	0.04199070673031032	27.522990992069243	-0.0030077725276350976	460800
2965504	2896	-1.5132163164070807	0.6068178919987826	150.78860913085938	0.05081584138931443	269.06066253662107	-0.002847892437130213	463360
2981888	2912	-1.4014640992069618	0.623837513012484	251.40386839294433	0.04355731743246952	596.7433257293701	-0.010354350162670016	465920
2998272	2928	-1.3452134719365276	0.6417377181580198	308.13476272583006	0.040874952149427955	696.956573677063	-0.017292219419032334	468480
3014656	2944	-1.086734341985779	0.65946727934668	335.5652254638672	0.04415230808233795	940.2497927474975	-0.006334139574319124	471040
3031040	2960	-0.9779553866228089	0.6758965696057154	345.53214077758787	0.04805044650391297	883.005855178833	-0.008820722680538892	473600
3047424	2976	-0.9218785470849834	0.6907776703942887	330.82503579711914	0.04654826996992041	774.5038914108277	-0.010237780380994082	476160
3063808	2992	-0.885231336670462	0.7031631776540077	313.723421295166	0.05349353128557878	772.3760520553589	-0.00211808224208653	478720
3080192	3008	-0.9202417693729512	0.7127314397812563	268.1578949584961	0.04475316136999006	490.42854400634764	-0.009426897913217545	481280
3096576	3024	-1.0561173803315032	0.7100896974113923	152.642618309021	0.04308851991596941	197.14427680969237	-0.013278066897764802	483840
3112960	3040	-1.2003218951704913	0.715083368830873	147.610271194458	0.04001687996389552	205.44604127883912	-0.005544740883633495	486400
3129344	3056	-1.2393848393850495	0.7268945122288822	210.98058460998536	0.03369917472096168	396.7970069694519	-0.011070065163075925	488960
3145728	3072	-1.164642970550107	0.7406462753836726	265.44151608276366	0.03384753394310657	593.8999664306641	-0.0011096013430505992	491520
3162112	3088	-1.1663469328442588	0.753234230794997	277.21599737548826	0.03828826803203387	623.9885941696167	-0.008931422270834447	494080
3178496	3104	-1.091724582005292	0.7649322431750557	279.4713661804199	0.03522146885544839	638.2433490371704	0.0024427627585828305	496640
3194880	3120	-0.9820512986679095	0.7756326550116333	271.4149906158447	0.034512820334675266	571.4734780120849	-0.0008480236493051052	499200
3211264	3136	-0.9470864508184604	0.784069958696503	252.12151173400878	0.03993518368218473	477.20601854324343	-0.006566536575555801	501760
3227648	3152	-0.9808492715100292	0.7896992190561356	213.43312921142578	0.037311338616121625	343.2801263618469	-0.005620606783777475	504320
3244032	3168	-1.0065120652362238	0.7926322259408695	172.46249801635742	0.041191232098086956	218.44210849761964	-0.001090850867331028	506880
3260416	3184	-1.0186662864717655	0.7934645843439403	127.79010206604003	0.04254354604037606	124.3602241897583	-0.013125956403091549	509440
3276800	3200	-0.9793368085057009	0.7938208038383163	102.01808393859864	0.045307765442036727	77.43075622558594	-0.012778503838926553	512000
3293184	3216	-0.8797924592616037	0.7943454834085829	93.05233052062988	0.04980174097892845	75.46854996681213	0.004803924728184939	514560
3309568	3232	-0.6535570615218022	0.7964542881415069	96.64321445465087	0.03893761034085747	83.67841639518738	-0.012426827494055033	517120
3325952	3248	-0.6779052319431211	0.8007854577085104	124.45861106109619	0.042285086049313664	134.4260551738739	-0.008691260274499655	519680
3342336	3264	-0.7102805905905553	0.8057101634810405	151.26663108825684	0.04091414977712491	178.85642238616944	-0.012301436308771372	522240
3358720	3280	-0.723509239239851	0.8083326107140903	141.23707640075685	0.05121958141246535	142.04914341926576	-0.009986511524766683	524800
3375104	3296	-0.7977052317713388	0.8103417007691109	122.87872211456299	0.04090760899134745	126.82611718177796	-0.003015959355980158	527360
3391488	3312	-0.8821132899485529	0.8112602781004987	111.57843172454834	0.042787944143102996	106.48667832374572	0.0007186158187687397	529920
3407872	3328	-1.0586632183725013	0.8111882815159893	87.95226879119873	0.03770534192714274	69.80644964218139	-0.012064997479319573	532480
3424256	3344	-0.9383876841331367	0.8108087143566656	76.29175818634033	0.04014065731413602	58.660214529037475	0.0008494195435196162	535040
3440640	3360	-0.8326364369108341	0.8120191848725967	90.90847130584717	0.037157312947131024	65.41901899337769	-0.014440961610525847	537600
3457024	3376	-0.8768772005464416	0.8137297921999406	102.82287783050538	0.03807183379987334	89.58694789886475	-0.0030641968734562396	540160
3473408	3392	-0.8462456848615547	0.8161113184178248	111.46987646484375	0.04063670581937147	109.27992424011231	-0.010384643767029047	542720
3489792	3408	-0.8604092513236683	0.8180137213009099	113.8556650314331	0.040546654999745496	109.95792821884156	-0.002828368842601776	545280
3506176	3424	-0.8744309227261692	0.8195247499067685	110.98329766082763	0.03641377249201144	99.8925075149536	-0.008253512885421515	547840
3522560	3440	-0.7361119575473712	0.8212305205527607	111.59681720733643	0.034939421054962325	108.79286608695983	-0.004132171049714088	550400
3538944	3456	-0.8603753475642297	0.8221080678502202	106.31118064880371	0.03152131035310158	90.623788356781	-0.007884282637387514	552960
3555328	3472	-0.9633465587680694	0.8206198425976396	77.98886498260498	0.03880010186151466	50.26520912647247	-0.0015823617205023765	555520
3571712	3488	-0.8170995213063433	0.8202521975660577	70.27121424865723	0.03324279504926233	45.17002163887024	-0.009889959655702114	558080
3588096	3504	-0.7823084341355134	0.8221213079704032	91.99952440643311	0.04368340388239566	72.10241873264313	-0.01589047409594059	560640
3604480	3520	-0.8399574068742804	0.8230281177929348	95.9262638244629	0.044747622540351785	77.65807739257812	-0.004266805201768875	563200
3620864	3536	-0.8605104438147974	0.8244260239069312	99.60605755615235	0.040590220912003615	80.31870100021362	-0.009159223344177007	565760
3637248	3552	-0.8461425655384083	0.826075603398872	105.47881230926514	0.04039647374857613	108.25403244972229	0.008145878966897726	568320
3653632	3568	-0.9226866945230868	0.8282696263626586	112.7403178100586	0.038692331226973235	114.3996792602539	0.0006030336022377014	570880
3670016	3584	-0.8620927318134345	0.8305772855299958	118.0075276184082	0.04353454601982361	125.81885219573975	0.008233080068603158	573440
3686400	3600	-0.8633185447598808	0.8329107036545045	123.03574942016601	0.044726942139596576	128.27525661468505	0.0006952607585117221	576000
3702784	3616	-0.9014734429216478	0.8343368620690024	113.87469554901124	0.03691223414026536	104.44467820167542	-0.005509234108030796	578560
3719168	3632	-0.9914565615209285	0.835283852918771	106.32060165405274	0.03909632373387261	90.77211575508117	-0.00015221541747450828	581120
3735552	3648	-0.9124691918538883	0.8356326362628719	95.03924579620362	0.03336759584456123	71.37190383911133	-0.003737542238086462	583680
3751936	3664	-0.9008677696473897	0.8347341621632172	82.22099172210693	0.03030195357884637	47.902923011779784	0.0013798272050917148	586240
3768320	3680	-0.8126384372189641	0.8331135190071781	57.26196883010864	0.04699720925411839	26.961516733169557	-0.010105108814314008	588800
3784704	3696	-0.8474552430519834	0.8327074176712502	61.67651764297485	0.03772507190823858	36.051023802757264	-0.006593745965510607	591360
3801088	3712	-0.8752416301856283	0.8322398643318467	63.69009128570556	0.0370999615133809	38.76174831867218	-0.0004791055619716644	593920
3817472	3728	-0.859841319403844	0.8320398491231701	66.55289490127564	0.04777557276106876	37.20499798774719	-0.0049925354775041345	596480
3833856	3744	-0.8620403051876928	0.8318343302652909	71.90818390655518	0.04409629491178097	40.734395265579224	-0.013117672968655824	599040
3850240	3760	-0.8829094648074824	0.831193901758958	66.55027904891968	0.04259483007441689	38.05562951087952	0.0019091223273426294	601600
3866624	3776	-0.8694499684597832	0.8293941183098577	54.29185321044922	0.05217092668728687	22.840227088928224	-0.009663094384595752	604160
3883008	3792	-0.8639235095395706	0.8255700370928524	21.937809022903444	0.05121977597303277	6.555386774539947	-0.0048600452858954665	606720
3899392	3808	-0.8010101310767932	0.8232629134670926	18.69385325527191	0.038012128315212425	7.921362524032593	-0.008114119898527861	609280
3915776	3824	-0.7440258731601062	0.8227046428410976	41.35843072128296	0.051516842147168715	18.78284511089325	-0.013204474258236587	611840
3932160	3840	-0.6953922598285135	0.8227572788343726	61.66549115753174	0.04683660129874744	34.09772145032883	-0.01232372019905597	614400
3948544	3856	-0.7323871349268593	0.8214176783035799	54.38320670318603	0.04602801135780425	22.118578271865843	-0.013460489958524703	616960
3964928	3872	-0.7707722550036852	0.8201647228306382	49.23479542160034	0.0470454884848748	23.056642129421235	0.0006372150219976902	619520
3981312	3888	-0.7322212761297123	0.8188967914660672	49.223639465332035	0.04451389599290452	19.875938947200776	-0.006938442531973124	622080
3997696	3904	-0.7345227620906662	0.817272452257295	45.42278937911987	0.04688885635226148	15.029455952644348	-0.006823313785716891	624640
4014080	3920	-0.7292815098520369	0.8167710186433693	51.09734479522705	0.03936928313905346	25.69375748872757	-0.014490237669087946	627200
4030464	3936	-0.6785158907636069	0.8177577715865867	73.7524988708496	0.03927126434939241	56.11518641471863	-0.00010984644293785095	629760
4046848	3952	-0.7651866468240042	0.819278729907501	93.51341027069091	0.042019349853769754	79.32088461875915	-0.003731201663613319	632320
4063232	3968	-0.7873799626713153	0.8200617340227191	95.28577477264405	0.04277349986120997	67.70641194820404	-0.015127191748470069	634880
4079616	3984	-0.8609849359288346	0.8210492387398083	93.45544158935547	0.03646822208930901	77.53871108531952	0.0005830623302608729	637440
4096000	4000	-0.9194319230506662	0.821380242602434	89.33613456726074	0.04475230736819806	70.29495871543884	-0.010255026295781136	640000
4112384	4016	-0.7846342060267926	0.833135010139551	90.08419535064698	0.04125200615983135	61.50418243408203	-0.006898959968239069	642560
4128768	4032	-0.8029140143636614	0.8593133955164812	93.02583734130859	0.041632428537637545	67.12343420028687	-0.009648180957883596	645120
4145152	4048	-0.8121710209797602	0.8761621312065981	94.0617373123169	0.03819546216498161	68.89353247642516	-0.007007389161735773	647680
4161536	4064	-0.8435052180062048	0.8907479595108889	100.62770970153808	0.03285145884276261	78.32356371879578	-0.006323255700990558	650240
4177920	4080	-0.8638989927398506	0.903178839521017	94.0481577758789	0.03549123291821226	69.3744699716568	-0.0048312101559713485	652800
4194304	4096	-0.8412322617589961	0.9151375827356242	86.0249845123291	0.02971188669151244	51.48568678855896	-0.012127051074057817	655360
4210688	4112	-0.8266350788248237	0.9274262186451815	79.22925676727294	0.03442365976445107	52.5681152677536	-0.00644840782508254	657920
4227072	4128	-0.8881244493320118	0.9406916780634783	90.55074039459228	0.03667763774307844	72.57471744537354	0.004000639319419861	660480
4243456	4144	-0.8456613984226715	0.9572801735564135	107.06193529510497	0.03484404996765338	92.21114370346069	-0.005904632937163114	663040
4259840	4160	-0.8737102540601045	0.9861320166750811	111.77725161743165	0.03935819381724599	100.64155356884002	-0.003572974819689989	665600
4276224	4176	-0.9022891214459668	1.0303648171587847	105.18263589477539	0.042813529850623325	84.31912841796876	0.0012084604892879725	668160
4292608	4192	-0.9061677324327174	1.112230949656572	84.32139029693603	0.03986179948545638	43.919586668014524	-0.01017247055657208	670720
4308992	4208	-0.8116517240926623	1.1269913070960902	59.58861796569824	0.0390950164398453	29.738453664779662	-0.007124468954280019	673280
4325376	4224	-0.7835521850851365	1.140770924167242	76.40243228149414	0.03514843443297951	55.89054083824158	-0.004578059520572424	675840
4341760	4240	-0.784400043051457	1.152692966775503	102.34560658264161	0.03126786948576142	94.36419485092163	-0.006793314786627889	678400
4358144	4256	-0.7290850627518958	1.1628362803026102	119.11272897338867	0.04860859177044912	124.46090164184571	-0.002670810678973794	680960
4374528	4272	-0.770195123387035	1.168613911525812	100.53491897583008	0.030105543715905327	77.47993185520173	-0.0008868983387947082	683520
4390912	4288	-0.8224854966232088	1.171083162704017	57.11010040664673	0.03828485095125954	19.76544816493988	-0.00294903215020895	686080
4407296	4304	-0.8472210597137455	1.1746653057127259	50.3490142250061	0.03903483300683354	32.83890247344971	-0.014352272851392628	688640
4423680	4320	-0.8652679668618366	1.1800250269970856	95.7859767074585	0.029870129192634744	85.37316539764404	6.634547375142575e-05	691200
4440064	4336	-0.850970160748111	1.183134199222084	113.99468767547607	0.03002731378323953	96.12733438014985	-0.005941998586058617	693760
4456448	4352	-0.8930809140987694	1.1822349912724457	88.28192549133301	0.03634593499512799	58.23271366357803	0.0022682256810367105	696320
4472832	4368	-1.0057970619581174	1.1765522887608968	46.844118831634525	0.03279754198937023	14.965231261253358	-0.009837087551131845	698880
4489216	4384	-0.8473081639092416	1.1728011660478077	48.878457515716555	0.03225426670389605	33.93952392101288	-0.008657731767743825	701440
4505600	4400	-0.9951416514047887	1.1726246433160268	109.50906964111329	0.03255753524194388	127.17317794799804	-0.006017955504357814	704000
4521984	4416	-0.9498353418011684	1.1734811091325246	171.7325026397705	0.035554145336414544	248.31264511108398	-0.008818570617586374	706560
4538368	4432	-0.9573003414801787	1.172804179420229	195.65638577270508	0.0385422074816521	339.3404593658447	0.00502607966773212	709120
4554752	4448	-0.9454572715114337	1.169070782651659	177.82117465209961	0.04212620403819981	229.926197681427	-0.00891300430521369	711680
4571136	4464	-0.9924482841694262	1.1617590479156934	134.48668937683107	0.03750109924610852	126.75652316093445	-0.0025700838677585125	714240
4587520	4480	-1.023735391668044	1.1515714473626577	92.74386302185059	0.034899468078682015	62.477860832214354	-0.0012868712609633804	716800
4603904	4496	-0.9427569659519941	1.1359462443492376	87.20013813781738	0.034887854574636105	81.00280685424805	0.0015938632376492025	719360
4620288	4512	-0.9693707847208716	1.1352280068299734	101.03170160675049	0.0358204672246246	88.17318460464477	0.0009758876077830791	721920
4636672	4528	-0.914150247042533	1.1502357863686048	101.66547039031983	0.030734518322503214	76.76164729118346	-0.004162138570100069	724480
4653056	4544	-0.9984942025758792	1.1466309476098977	83.98959883117676	0.03202985298029573	39.309035420417786	-0.0030443186312913897	727040
4669440	4560	-0.9925129795011599	1.1295302478871307	33.37433886146545	0.032470815210173753	12.009753165245057	-0.00806417228654027	729600
4685824	4576	-1.1047252740918192	1.1201442898116074	84.97389323425293	0.028541270471156777	85.51160497665406	-0.0066727385669946675	732160
4702208	4592	-0.9520770156153012	1.1155275524458848	162.73830137634278	0.031452950574825056	219.00422815322875	-0.012469833754003047	734720
4718592	4608	-1.008136761128204	1.1086817296347582	176.62659140014648	0.033636469195729546	255.67435537338258	-0.003432553131133318	737280
4734976	4624	-1.0032348967352882	1.103546038826462	179.0695450744629	0.03117933532066322	250.04936403274536	-0.007537338817492127	739840
4751360	4640	-1.0090461245344486	1.0991028780541383	178.01248849487305	0.03427367004541269	267.4944130897522	-0.0022253885306417944	742400
4767744	4656	-0.9947992757142056	1.0924781248173676	170.48067793273927	0.031965250337257854	233.19816358566285	-0.0021990671195089816	744960
4784128	4672	-1.0461131205435377	1.0875198987326584	165.42205157470704	0.029885045441958333	198.4715326690674	-0.009259860292077064	747520
4800512	4688	-0.9361805464879144	1.0817134080729447	144.59480430603028	0.03346526633729972	149.67231060028075	-0.0013229417614638805	750080
4816896	4704	-1.112739294743631	1.0736551456502639	98.31844365692139	0.033743506847222667	55.63470426559448	-0.008250954020768404	752640
4833280	4720	-0.9776606768958737	1.0625477258465252	42.404626817703246	0.034300913354866465	27.911436462402342	-0.009315045345574617	755200
4849664	4736	-1.0774866950211581	1.0583461733362638	92.67370767974853	0.03441161803055675	101.39446544647217	0.004747278811410069	757760
4866048	4752	-1.070559228572296	1.0599370329878293	156.67802284240722	0.03148146697905012	202.49250926971436	-0.005372790396213531	760320
4882432	4768	-1.017763752795523	1.0591282786629164	171.4206449584961	0.032343159101705626	231.7283016395569	-0.0012464625388383865	762880
4898816	4784	-1.0116709424001165	1.058144976784941	165.76984606933593	0.035980107925588874	216.6641292953491	-0.005380784589797258	765440
4915200	4800	-0.9812697132672183	1.0623690212047658	137.60629930114746	0.03995157773898172	127.83763454437256	-0.007723842654377222	768000
4931584	4816	-1.024080860817572	1.0625473301685415	100.81830854797363	0.031012867031058263	77.53232436180114	0.0010682050697505474	770560
4947968	4832	-1.078304742770968	1.0581690575159155	95.5490322341919	0.028334192392500165	87.97014986038208	3.4352540969848635e-05	773120
4964352	4848	-1.0827662082184106	1.0558791021383367	113.38543285369873	0.03004079089477223	124.63221849441528	0.010108659397810698	775680
4980736	4864	-1.06451001623529	1.0559304884946905	133.38302839660645	0.028881848173748663	144.54101311683655	0.0022995584271848202	778240
4997120	4880	-1.037028220049804	1.0541607611454091	124.8561657485962	0.028804507010587625	115.06355498313904	-0.002560258712619543	780800
5013504	4896	-1.0854102330477908	1.0523783813989722	109.9218978652954	0.032380029800529966	83.41521159172058	-0.00925212498754263	783360
5029888	4912	-1.095335045619402	1.054350510520395	86.99005982971191	0.027115656572959602	57.94894956588745	-0.00828134954907	785920
5046272	4928	-1.073950964845717	1.056970059273299	91.67414723205566	0.029871420922709148	81.25869862556458	-0.0034949773363769053	788480
5062656	4944	-1.0296677730921655	1.06018493973976	136.71795179748534	0.023150900775940435	166.62376703262328	-0.004313832372426987	791040
5079040	4960	-1.0010611585872249	1.0641689062691293	150.88992715454103	0.027189248845577146	170.19346950531005	-0.009601267110556365	793600
5095424	4976	-0.9721855068432633	1.0654745884365402	115.96609687805176	0.04182964382456382	80.45612015724183	-0.002103007044643164	796160
5111808	4992	-0.9946486283459235	1.0631154370550067	59.010528564453125	0.031225384305950343	31.48792941093445	-0.009087233822792768	798720
5128192	5008	-1.0408417315618135	1.0630870392564684	61.00048449325561	0.029861401370568873	35.3911150598526	-0.00443672738969326	801280
5144576	5024	-1.1832798278166448	1.0677728070858865	101.66875524139404	0.029456495379842792	101.2160808467865	-0.005266362261027098	803840
5160960	5040	-1.103435453700833	1.0770901960451156	146.3276007385254	0.02968533387667925	182.27814239501953	-0.0006569776544347406	806400
5177344	5056	-1.1327870712478179	1.087902208181098	150.1692935333252	0.03382679192285679	165.9390377998352	-0.009474007729440927	808960
5193728	5072	-1.060394271279918	1.1046935195643455	154.324447265625	0.027719413034798093	200.59087942123412	-0.0016787275671958923	811520
5210112	5088	-1.081616350222146	1.1195325704533607	165.18452697753906	0.03036999655219901	212.44433794021606	-0.011033169366419316	814080
5226496	5104	-1.028133839121787	1.13386238524504	156.93257890319825	0.029623349026667144	188.4948942184448	-0.001567623820155859	816640
5242880	5120	-0.9778767179707065	1.1506290541607886	139.7929071044922	0.04307973306028456	144.37551471710205	-0.005481929089874029	819200
5259264	5136	-0.9655095435366966	1.163615396829322	122.75287865447999	0.0372469257882394	106.08209292411804	-0.00579328766092658	821760
5275648	5152	-1.0257880369264167	1.1736982063371688	107.34575	0.029342055731323625	101.04220540046691	-0.004165597911924124	824320
5292032	5168	-1.1109991366679315	1.1808570385221393	112.11635266113281	0.034947285017680525	106.42320901870727	-0.0017631211504340171	826880
5308416	5184	-1.0832012983169406	1.1845310307089238	146.06541059875488	0.03289970236269362	183.3081989097595	-0.0008085982874035836	829440
5324800	5200	-1.0389977497456129	1.1880811082366853	159.63718614196776	0.032767272337554526	205.49829551696777	-0.011335507072508334	832000
5341184	5216	-1.000293220810825	1.1929133643154055	150.9698405609131	0.025666197780892425	165.57903065681458	-0.01080416027456522	834560
5357568	5232	-1.0347823413575534	1.1925436525586992	128.53808853912352	0.02552515235339947	117.26368265151977	-0.012331489473581314	837120
5373952	5248	-1.0627920489795506	1.1907533109430224	120.58868075561523	0.03336634596014704	115.62786136627197	-0.0062768649682402615	839680
5390336	5264	-1.2831383251699153	1.1893225031141192	114.8727110748291	0.0373768144012764	88.11723253250122	-0.013777613611891866	842240
5406720	5280	-1.0112035281418357	1.1867155919019132	59.41232539367676	0.03216069715892705	33.49927127838135	-0.0004155179485678673	844800
5423104	5296	-1.334191371509107	1.1891438907328993	88.32545724487305	0.025633527527082343	85.85365092277527	-0.0025432216562330722	847360
5439488	5312	-1.352446836708812	1.19602219616808	165.77009954833986	0.022602649093869595	290.7229906654358	0.0004683451540768147	849920
5455872	5328	-1.1331614710893483	1.207335112379864	222.70683512878418	0.03087432708177205	422.8618632888794	-0.0017050104215741158	852480
5472256	5344	-0.9786214950482827	1.2199721805993469	226.17501632690428	0.03664858007228915	366.49834190368654	-0.006818908788263797	855040
5488640	5360	-1.000872013321845	1.2194805300477891	174.43673287963867	0.029244006608047768	188.53314748764038	-0.0025722025521099567	857600
5505024	5376	-1.1046261900358367	1.214692719483748	129.9340517654419	0.03090579852084364	132.23126117706298	0.001169669944792986	860160
5521408	5392	-1.0977895063166507	1.212580530429259	154.866599609375	0.036630411167663676	219.4869630241394	0.010214115483686328	862720
5537792	5408	-1.093117350417655	1.2091617888454347	162.38351542663574	0.03730511109479527	195.78357835769654	-0.005479247365146875	865280
5554176	5424	-1.0125070801037364	1.2045485897306354	140.07825079345704	0.043447020144950714	153.6208783817291	0.0037998159881681205	867840
5570560	5440	-1.0445087851334829	1.1985599394086748	81.8602912826538	0.025667753694718336	55.57586904525757	0.00601594066247344	870400
5586944	5456	-1.2873457742973697	1.1963187889698892	74.60642560958863	0.020069247521633308	52.250400915145875	0.003261784240603447	872960
5603328	5472	-1.4451860581776128	1.2001443780902774	112.9019623336792	0.029080474489342242	128.1737965774536	-0.002027085181325674	875520
5619712	5488	-1.228169648107374	1.202276222610846	156.4065464477539	0.021279356240822785	198.73745467185975	-0.01390901194885373	878080
5636096	5504	-1.2549328137941194	1.2035221299175174	174.97820922851562	0.02465557508919653	286.5142908287048	-0.001110177207738161	880640
5652480	5520	-1.0427000099522994	1.2046995032075793	190.9477707824707	0.031797084847978135	279.37332473754884	-0.006749358978122472	883200
5668864	5536	-1.041874680931447	1.2074034306947141	164.00861247253417	0.03790647545783556	205.05999879837037	-0.0017612599954009056	885760
5685248	5552	-1.0295981400848833	1.2071443778220563	133.13260265350343	0.032725606797326556	131.92953505516053	0.003628736287355423	888320
5701632	5568	-1.0359781141646671	1.2062906958404929	105.54733822631836	0.03286644091617819	79.3324322271347	-0.0036460807919502258	890880
5718016	5584	-1.0731325522093103	1.2138421831075101	85.75021057128906	0.026397196478934053	60.66842632770538	-0.003656323831528425	893440
5734400	5600	-1.080366819962859	1.2159582909885793	88.52039340209961	0.0259244210744903	71.19341407299042	-0.005665049254894257	896000
5750784	5616	-1.1174835700874683	1.213985145026818	103.79206214904785	0.02780468542655366	95.71052176475524	-0.0022505342029035093	898560
5767168	5632	-1.1025035657144617	1.2111624342743308	113.24705333709717	0.027613020088369578	116.13960000991821	0.001959130484610796	901120
5783552	5648	-1.124795816984726	1.2108525617662818	137.76112715911864	0.027089016095818916	159.8022088432312	-0.00646339725703001	903680
5799936	5664	-1.1197147014355286	1.2131170359198005	153.75448851013184	0.026690831391834768	178.1826162815094	-0.003951113000512123	906240
5816320	5680	-1.077741016581189	1.2155734851304443	142.76653112792968	0.03491733270897902	157.4458551979065	-0.0062519613280892375	908800
5832704	5696	-1.116846733344486	1.2176283541265875	124.9893475112915	0.024467853175555287	133.72371928215026	0.0007392252050340176	911360
5849088	5712	-1.1289673479150515	1.219969722205773	127.19830646514893	0.021188101419037757	131.83205823898317	-0.004124689381569624	913920
5865472	5728	-1.1836375818632077	1.223314961189404	131.24307782745362	0.028146303569594612	142.11638867378235	-0.008708221446722746	916480
5881856	5744	-1.1146950471487362	1.2267693889085203	152.99330659484863	0.0256362919776169	181.59824553489685	0.0004263940267264843	919040
5898240	5760	-1.116892299714964	1.2289465359989553	142.7760050354004	0.032047401454602595	146.7516146850586	0.0004941549338400363	921600
5914624	5776	-1.0926650857648346	1.233687039995566	111.79210873413086	0.0265055328790461	90.29131958484649	-0.005304377134889364	924160
5931008	5792	-1.0687740376261063	1.2396244072262197	102.33328366088867	0.030460077528820486	83.62243498325348	-0.004301546011120081	926720
5947392	5808	-1.15374082677532	1.2431381335612386	114.18665780639648	0.02577135330357199	115.0643217086792	-0.0018007666058838367	929280
5963776	5824	-1.1608972663658206	1.2455326809640974	132.18501232910157	0.02870601967195868	154.15956704139708	-0.0037326565757393837	931840
5980160	5840	-1.09436601770157	1.2524027112899347	159.58412384033204	0.026498813041577654	200.328065700531	-0.00664462560787797	934400
5996544	5856	-1.0369907012633048	1.2559967935392633	142.93800076293945	0.03610782624452943	146.500176153183	-0.0033518769964575768	936960
6012928	5872	-1.0553257724514697	1.253716680736281	103.04444885253906	0.026770994892006954	75.88599599838257	-0.0006102016940712928	939520
6029312	5888	-1.0882028168647084	1.2513650774070992	92.89226252746582	0.029531797938552658	79.0315874671936	0.00199179831892252	942080
6045696	5904	-1.1141031104554422	1.2473346383282915	89.45650539398193	0.02660171705101478	66.05036539077759	-0.0038651721738278866	944640
6062080	5920	-1.088460473090643	1.2467456699917092	99.12550063323975	0.02883213733386233	78.10905038833619	-0.001690517347306013	947200
6078464	5936	-1.0654339506607502	1.253061917037703	91.84972176361084	0.026539194327807658	65.3307968378067	0.0014303530566394328	949760
6094848	5952	-1.1219865135666913	1.2581609416315331	85.00441555786132	0.027797285319825834	60.31588322162628	-0.004356897547841072	952320
6111232	5968	-1.119530796748586	1.2572161583015695	90.4150559387207	0.018605690176809082	76.47926918506623	0.0018958641961216926	954880
6127616	5984	-1.1432606431483292	1.2551339431116357	113.88274005126954	0.02462673119523952	108.67468356132507	0.0036942282691597938	957440
6144000	6000	-1.1358072560573929	1.2551397711345926	120.0939847946167	0.024422019999122063	107.176592130661	-0.009309955462813378	960000
6160384	6016	-1.113542105458444	1.2601056747594848	124.28840002441406	0.02143050769961902	132.94810276031495	-0.015486204791814088	962560
6176768	6032	-1.0645378781082109	1.262071711675264	140.5852088317871	0.027655374742227835	150.24523982048035	-0.009709653835743666	965120
6193152	6048	-1.1325937827217858	1.261907428518869	142.2289090423584	0.029960706152070377	175.69946719646452	0.0007950056716799736	967680
6209536	6064	-1.1076055834402796	1.2621052873292937	152.69282208251954	0.03066363100207834	171.2694094657898	-0.006987881306558847	970240
6225920	6080	-1.0421299181459471	1.2639485246101394	155.28740644836427	0.02642554448464198	207.37786600112915	-0.0051338492333889004	972800
6242304	6096	-1.0460893027600833	1.2643873576084153	132.53647973632812	0.026861634360262024	123.35228755950928	-0.0007010172121226788	975360
6258688	6112	-1.0390010064200033	1.2634682877818122	98.13822050476074	0.028048406581408065	67.03856008529664	0.005793325398117304	977920
6275072	6128	-1.0245535268625245	1.264036618367769	78.6701223526001	0.029198328834669787	43.67637583255768	-0.007299660351127386	980480
6291456	6144	-1.10094397532125	1.2674105200627819	74.90871365356445	0.03099488172942452	57.69399596214294	0.016342224087566137	983040
6307840	6160	-1.0998258102743421	1.2673548661330716	92.45625539398193	0.027546346218073017	67.94365614414215	-0.008789311908185483	985600
6324224	6176	-1.2023642259053886	1.2648371994355694	109.15517218017578	0.022419474293617667	114.20439527034759	-0.0026235466450452802	988160
6340608	6192	-1.1346979921772145	1.2642661529639736	136.6982741546631	0.02694546552730997	155.4170047187805	-0.004902729261666536	990720
6356992	6208	-1.108003904759651	1.2680189874032513	143.9698120727539	0.029292066842863597	175.9949256038666	0.004267164878547192	993280
6373376	6224	-1.059403651913628	1.2710652192244307	140.08064196014405	0.027982158474799148	140.8275776386261	-0.006837748531252146	995840
6389760	6240	-1.0610808694234584	1.2677138794669882	110.7237741394043	0.026836981021922213	84.49284973621369	-0.0056213242374360565	998400
6406144	6256	-1.0792221861120779	1.26316686654184	71.32218836975098	0.027915502796262533	35.06653507232666	-0.005651107598096132	1000960
6422528	6272	-1.097649785435293	1.2648184652039782	59.86244644927979	0.028970124055969854	31.896265597343444	-0.0023436013888567687	1003520
6438912	6288	-1.105362752791727	1.2657919331984595	74.7230131072998	0.029879936605819092	53.66095485210419	0.0010440485738217832	1006080
6455296	6304	-1.0696670976807363	1.261355249901302	83.22851739501954	0.02166321422530187	54.232034163475035	-0.0004918089602142572	1008640
6471680	6320	-1.110772303264821	1.2558952427702024	78.91296192169189	0.029177814705053075	53.995832295417785	-0.0018730646278709174	1011200
6488064	6336	-1.0641134883814958	1.2522401702003554	79.82281369781494	0.027329888736130608	50.65508362293244	-0.008013831642456353	1013760
6504448	6352	-1.0514022663955112	1.2537898590164258	94.05782598876954	0.03281088965355329	81.48522408485412	0.006785609386861324	1016320
6520832	6368	-1.08059367190185	1.2541426961021498	96.30616143798828	0.028394162988535008	75.08039322853088	0.0025293442606925966	1018880
6537216	6384	-1.0448979023003484	1.2536573095517234	96.73154886627198	0.03028696788636526	72.93998538970948	0.0007305864058434964	1021440
6553600	6400	-1.0340157380849122	1.2522139247851447	92.11309117889404	0.02880622894975197	61.58511166334152	-0.012440478578209877	1024000
6569984	6416	-1.0064167837046551	1.2529938059048726	83.95459841156006	0.029075417903142994	55.853784513473514	0.004809213439002633	1026560
6586368	6432	-1.0603946842611767	1.2529516025381162	87.82603636169434	0.02277279731917086	66.0602792263031	-0.0005076855048537255	1029120
6602752	6448	-1.100142943998333	1.254153627176769	105.60598338317871	0.021959371017501603	97.20593842506409	-0.005766791291534901	1031680
6619136	6464	-1.045647928880062	1.257975693960674	129.5073866043091	0.028388389494346907	125.5653959274292	-0.007052922956645489	1034240
6635520	6480	-1.0398523605552037	1.2627794857220724	126.32351978302002	0.03338175705457215	127.25259097576141	-0.005200726296752691	1036800
6651904	6496	-1.0395495833354071	1.2661153488801793	113.71639453125	0.02625187660933279	101.26373512268066	0.006746584484353661	1039360
6668288	6512	-1.0307282315113115	1.2674948950754479	92.59713976287841	0.026050107719867457	61.31424057006836	0.0028013668954372404	1041920
6684672	6528	-1.0483806257112882	1.269084275965579	77.46569491577148	0.020301904861761446	55.34585057258606	-0.006158710122108459	1044480
6701056	6544	-1.0849808334931732	1.2703542353557422	89.59983178710938	0.02337406805554935	71.28350101470947	-0.0012978086248040198	1047040
6717440	6560	-1.0790399911243003	1.2690252071069554	98.90709899139404	0.03297538721663105	83.87578649997711	-0.005064944811165333	1049600
6733824	6576	-1.0795519464784302	1.2674151912378147	109.56202144622803	0.02904242592186233	112.22873312473297	0.0003686822205781937	1052160
6750208	6592	-1.0543880235336256	1.2673843304561452	124.2936706161499	0.02607048223347212	123.17455196380615	0.0006229786016047001	1054720
6766592	6608	-1.0845875736682211	1.2679581778692082	125.29207794952393	0.034430369954415285	119.49793005943299	-0.008153926022350788	1057280
6782976	6624	-1.0038224670293274	1.270400429670699	127.05231713104249	0.030823887114991365	128.96718962192534	-0.0020125259459018705	1059840
6799360	6640	-0.9952371162078343	1.2746290520224721	113.73253898620605	0.026466858746152285	92.41335149288177	-0.002184378616511822	1062400
6815744	6656	-1.0207615674713162	1.2798803437445312	105.90897574615478	0.031037259049651832	88.72723283290863	0.00021200787276029587	1064960
6832128	6672	-1.0403893837810028	1.2806031727883964	98.76556608581544	0.026178224684197785	81.34554797172547	0.001392731126397848	1067520
6848512	6688	-1.044840947574703	1.2806657301876694	96.07847704315185	0.027182431938514825	77.25878361701966	0.0025038566440343858	1070080
6864896	6704	-1.0458573765510228	1.2830219410751016	104.5333318939209	0.025449196710670884	91.74964005947113	-0.004550924347713589	1072640
6881280	6720	-1.0312386476176325	1.2847119390461594	119.54506317138672	0.026619612175899064	114.28206916809081	-0.0034382135793566706	1075200
6897664	6736	-1.0629363299931864	1.2842527907583863	115.02207743835449	0.03186837446371403	98.87836535930633	-0.0006304062902927398	1077760
6914048	6752	-1.0467994938474148	1.2841037401650102	111.48897550964355	0.031710869850961575	92.87396569252014	-0.004116031248122454	1080320
6930432	6768	-1.0818442772354464	1.2840688036177308	93.89592195129394	0.02973046703344997	68.77443665981292	0.003714965619146824	1082880
6946816	6784	-1.0592490716772154	1.2831463690493257	94.18874990081787	0.03115547502129875	72.9513686466217	-0.0005236539244651794	1085440
6963200	6800	-1.035938453454757	1.2803680512998252	89.89743068695068	0.029297859445130345	61.01566786289215	-0.004490168001502752	1088000
6979584	6816	-1.0584769424465486	1.275977033743635	85.2956079864502	0.031426229565290585	67.82683599948884	0.0018207972403615712	1090560
6995968	6832	-1.037939169960795	1.2742817071769386	96.71544297790527	0.029077567225391163	81.84334083080292	0.001039913259446621	1093120
7012352	6848	-1.0260732921983582	1.2808353565428405	95.67797262573242	0.028772186492089197	68.65048978328704	-0.007212011096999049	1095680
7028736	6864	-1.0933070130385458	1.2926143752429635	91.05527448272706	0.020517491925990897	68.64210976600647	-0.007147963978350162	1098240
7045120	6880	-1.082909450642299	1.2924442522414028	99.61700143432617	0.031020258880823732	78.89746642112732	-0.004108115918934345	1100800
7061504	6896	-1.0655777567960323	1.2845174245722593	96.55751184082031	0.03230465767336496	75.48892158985137	-0.003682822249829769	1103360
7077888	6912	-1.0835615130653604	1.2744660119898616	103.28627254486084	0.027399527825659895	84.34195754528045	0.004426235724240541	1105920
7094272	6928	-1.0598578785120043	1.263754876960069	107.77421473693848	0.025868091617157453	94.08915786743164	0.0022634424827992915	1108480
7110656	6944	-1.0782469328609294	1.253034776199609	105.45480721282959	0.03229173763791478	89.73523225307464	-0.004762972500175238	1111040
7127040	6960	-1.0921205750636291	1.244347837317735	126.52345882415771	0.03509589144569764	145.61226814746857	0.0021467312425374986	1113600
7143424	6976	-1.0259309280724265	1.2359473978169262	125.36547184753418	0.034481023156851	121.39171235084534	-0.0009889622963964939	1116160
7159808	6992	-1.0608320301170462	1.2286502537615598	115.33294380950927	0.02733353190962053	110.8207483625412	0.006245693396776914	1118720
7176192	7008	-1.0272232948972377	1.2230777046568693	109.05189640045165	0.032094276182584154	96.14807912826538	0.004217283688485622	1121280
7192576	7024	-1.0586970166317187	1.2263906714208423	98.12902626800538	0.031235952716005273	81.79873320102692	-0.0016664020530879498	1123840
7208960	7040	-1.0203546627305913	1.223352685380727	91.09318099212646	0.03358017415216546	64.44892510414124	0.0018934103474020957	1126400
7225344	7056	-1.0467615631280933	1.2149581816084682	80.43302548980714	0.034672178064650595	62.68726511478424	0.0011056449823081493	1128960
7241728	7072	-1.0537299290888478	1.2055656571276485	87.61811168670654	0.03551572326211769	64.53074717521667	-0.00432163005694747	1131520
7258112	7088	-1.0693062768154777	1.197301900971681	95.6769875793457	0.03157169517069988	66.73595656394959	-0.007298530712723732	1134080
7274496	7104	-1.1081275880124886	1.189720724452287	96.70436598205566	0.027833897655851567	84.60338307380677	0.0031287615187466145	1136640
7290880	7120	-1.1211638706612865	1.1840156406052411	112.21538264465332	0.03723762844456128	111.8400506401062	0.0013778015319257974	1139200
7307264	7136	-1.1155116490456276	1.1787112557776271	110.09835319519043	0.031113052793062694	86.57110168457031	-0.006295873839408159	1141760
7323648	7152	-1.0822010855537374	1.175444354761392	104.98019147491455	0.02577626966606917	80.66111690998078	-0.0063088956288993355	1144320
7340032	7168	-1.1431380594209768	1.174256441283971	91.98483009338379	0.03394455974625686	77.55143905639649	0.00028451086953282354	1146880
7356416	7184	-1.135360735042719	1.1752434672005474	104.54847499847412	0.02245061991432646	95.43734619617462	0.002517513204365969	1149440
7372800	7200	-1.1244076165815349	1.1765644224770366	105.73849227905274	0.02664834573357515	92.25056724071503	0.004290329553186894	1152000
7389184	7216	-1.0874707004742232	1.1779304273612796	109.54041055297851	0.03621393949701014	95.91440254211426	-0.007052729371935129	1154560
7405568	7232	-1.077018091210397	1.1768951968438923	104.802565284729	0.03047252633682845	78.73323755264282	0.0006706468760967254	1157120
7421952	7248	-1.0884394390310626	1.1736182594187559	86.28084650421142	0.02604545288547463	66.1240172290802	0.0031962161511182785	1159680
7438336	7264	-1.082819604395656	1.171022587288171	94.43427931976318	0.03237008331640132	76.18874524116517	-0.0035251843743026256	1162240
7454720	7280	-1.0538373960754834	1.1700755427964031	98.82610054779053	0.02637831655268139	81.85830708503723	0.0011280873231589795	1164800
7471104	7296	-1.0886138131683691	1.1690557020790875	93.52632904815674	0.03525624981186214	68.30042945861817	-0.009483149349689484	1167360
7487488	7312	-1.0548511874170508	1.1693101732619107	96.49447898101806	0.030776671907592108	76.94417437076568	0.0018825027905404568	1169920
7503872	7328	-1.0999388779122383	1.1701636782176792	90.46719915771484	0.03020884136845216	70.21574334144593	-0.003954778779298067	1172480
7520256	7344	-1.0804918496918399	1.1711299776919186	89.78270642852783	0.022068076473765977	68.22529632091522	-0.003989249337464571	1175040
7536640	7360	-1.0936210765340366	1.1712517259605228	93.91878310394287	0.03470114818402666	75.17848103523255	-0.0002813741285353899	1177600
7553024	7376	-1.063556644622935	1.1711054105050862	103.31760803985595	0.02816292483588009	74.56857923030853	-0.004754513073712587	1180160
7569408	7392	-1.114403503469657	1.1703967301137745	97.94816529846192	0.029386553663924186	88.42485137462616	0.00767937745898962	1182720
7585792	7408	-1.0671020609699189	1.1708107551820577	113.04218360900879	0.033056127491484164	109.63418525218964	0.0005236182920634746	1185280
7602176	7424	-1.0803885450314266	1.170504439342767	105.13552744293213	0.02911078711009436	77.77869227409363	-0.015570095656439662	1187840
7618560	7440	-1.071594373104861	1.1695479727871716	97.21154693603516	0.02742448077538949	63.32951062917709	-0.01260344447568059	1190400
7634944	7456	-1.0734838341642172	1.168624413896352	81.56981217193604	0.036478918086789096	52.187681131362915	-0.008249248135834933	1192960
7651328	7472	-1.124594153120881	1.170707460898906	82.58718222045898	0.030515348755661413	66.46255128860474	-0.0022241322509944437	1195520
7667712	7488	-1.1142730497373268	1.1744100695438684	117.26049453735351	0.02421902994314899	125.39519479751587	-0.007724272636696696	1198080
7684096	7504	-1.153520329931518	1.1763225035257638	137.0322606124878	0.027422291310698142	162.4099081802368	-0.0035448057763278486	1200640
7700480	7520	-1.2245442270822824	1.1788696747608483	147.2313837890625	0.029192233539767166	185.70750678062439	0.0020351276360452177	1203200
7716864	7536	-1.1004443090413698	1.1780428718812763	115.98065921783447	0.032483236595758684	113.45544089794159	0.000498928464949131	1205760
7733248	7552	-1.1597394990290049	1.1787858794219792	120.64322988891601	0.02860967920495539	122.72232841491699	-0.002855752632021904	1208320
7749632	7568	-1.1597896367462817	1.1789187467582525	119.16764938354493	0.030976116335819405	116.98204805374145	-0.0018053783755749464	1210880
7766016	7584	-1.152201156845549	1.179207751441747	126.74988849639892	0.02686576367055447	130.41120008468627	-0.00018170788884162902	1213440
7782400	7600	-1.1483192615872249	1.1796202940233051	126.47373260498047	0.01993306858575492	143.7490009021759	0.00596835533156991	1216000
7798784	7616	-1.1373029727616812	1.1813024502284826	136.9833343963623	0.02842515983040886	154.57391427993775	0.006069019455462694	1218560
7815168	7632	-1.171165275078034	1.183338163483888	137.68403248596192	0.03425199067538519	157.93927941322326	0.00600400909781456	1221120
7831552	7648	-1.158773561859969	1.1863835017569364	145.23073161315918	0.02803033879231831	172.1522760295868	-0.003835896458476782	1223680
7847936	7664	-1.1112014768619556	1.1901529443152248	145.3852042388916	0.030036746378077083	151.33041576385497	-0.007309330478310585	1226240
7864320	7680	-1.09563189938711	1.1925057332105935	119.77238020324707	0.03601727676021316	113.92356360435485	0.008388272505253553	1228800
7880704	7696	-1.170717578045558	1.1938808961100877	108.77372256469727	0.024431649602777092	86.48411990642548	-0.0011397269926965237	1231360
7897088	7712	-1.2194393693066667	1.1979916046448051	126.58572497558593	0.027018506026091307	145.6864145565033	-0.005081385169178248	1233920
7913472	7728	-1.1556214772912208	1.2022582708783447	150.71762127685548	0.024556006592359486	193.91019369125365	-0.0006601599231362342	1236480
7929856	7744	-1.1710751064587384	1.2068298430033029	163.92536874389648	0.02956996865022476	224.89654831886293	-0.0031692069582641125	1239040
7946240	7760	-1.233939245934831	1.2118293472118675	166.10875941467285	0.027748685549065046	246.72316774368286	0.002981405947357416	1241600
7962624	7776	-1.2077609624289907	1.2165114460326731	161.71320429992676	0.028619881092462194	192.76325496673584	0.00034743289463222025	1244160
7979008	7792	-1.1843308506156318	1.2223850509733893	140.36684519958496	0.02659432673772124	157.07060839653016	-0.001482008993625641	1246720
7995392	7808	-1.1771310960166157	1.2273762822193093	139.1723666534424	0.033361980053214564	149.49569249153137	-0.0032432185299694537	1249280
8011776	7824	-1.1722398489480839	1.2304896183055825	134.68023296356202	0.02355564509557844	138.4638500022888	-0.00859592664986849	1251840
8028160	7840	-1.1428531470824965	1.2311486563724465	116.1560347442627	0.025883739210820173	105.75688230991364	-0.0008180954679846763	1254400
8044544	7856	-1.1873658590053673	1.2337711566430516	104.97078792572022	0.029578164935963335	86.23309411048889	-0.005169621165841818	1256960
8060928	7872	-1.2448949736484791	1.2370858248216101	110.46106632232666	0.02890706843013728	108.89036912918091	-0.0037702158652246	1259520
8077312	7888	-1.1970583301526494	1.2423111328524536	138.255209564209	0.03141541108942321	170.67442841053008	-0.005037511540576816	1262080
8093696	7904	-1.1360837655900977	1.2470296922964044	144.13221762084962	0.02531889423146027	179.6985237312317	0.004512061811983586	1264640
8110080	7920	-1.1542629084587097	1.250705501620192	146.1838544616699	0.021267725482177865	176.03169926643372	0.004801728986203671	1267200
8126464	7936	-1.1589255625288934	1.2536646931213327	150.85149633789064	0.025958843618194605	196.0030235004425	-0.0003586459532380104	1269760
8142848	7952	-1.078532316052122	1.255474358205218	160.93410014343263	0.032628062817127296	181.2278317260742	-0.003962241187691689	1272320
8159232	7968	-1.1015869601946324	1.256023166005034	130.9737557449341	0.03765614218602123	125.88063982009888	0.0014638967253267764	1274880
8175616	7984	-2.6233930648411623	1.2547118130666204	110.38629653167725	0.028118378035274446	87.51247292518616	-0.0026605350337922575	1277440
8192000	8000	-1.1022356088862288	1.2498157806885428	43.54276858329773	0.027517787129633084	31.197154626846313	0.002982745226472616	1280000
8208384	8016	-1.2847237649559975	1.251020939339418	65.19272450637817	0.027453975224770902	59.50487495422363	-0.005114021264016628	1282560
8224768	8032	-1.3636175128752366	1.2545955366981216	123.74121407318115	0.023415883832919586	154.7080047559738	0.003158438466489315	1285120
8241152	8048	-1.4147555523090996	1.2606404055249878	178.7538617553711	0.021716822651519734	287.68722185134885	-0.0005730188265442848	1287680
8257536	8064	-1.3697359372226057	1.2667191394460386	211.67853652954102	0.02281140322023144	401.4957843208313	-0.004800251666456461	1290240
8273920	8080	-1.2838627517928836	1.2737787679922767	233.09578559875487	0.028454226639714798	470.2564198112488	0.002363478261977434	1292800
8290304	8096	-1.2418517760573886	1.280889666844625	237.17833319091798	0.02932660414824786	451.19930589675903	-0.007093488164246082	1295360
8306688	8112	-1.1937218944400083	1.2864679397237486	224.3149626312256	0.027235944410073962	393.89742275238035	0.002802538350224495	1297920
8323072	8128	-1.191840953772422	1.2901269318950364	201.64742431640624	0.02273131361221987	334.0279386901855	0.004113559955731034	1300480
8339456	8144	-1.162348017740762	1.2926606172216124	186.16518434143066	0.027053243742527558	271.33817958831787	-0.0014646660909056663	1303040
8355840	8160	-1.1566677789709066	1.295047674168367	177.95656741333008	0.025952810545858993	225.48966711997986	-0.00801013469696045	1305600
8372224	8176	-1.1976740922294558	1.2983763195169158	166.3706588897705	0.025709930471926302	222.39181696891785	0.0007497156783938408	1308160
8388608	8192	-1.1608219636345747	1.3029858652246185	165.22425163269043	0.030769860333391946	199.29763266563415	-0.00799951096996665	1310720
8404992	8208	-1.1673367740332614	1.3070775659573264	147.3520830230713	0.023193541174189466	170.1688565826416	-0.009768977500498295	1313280
8421376	8224	-1.153148213571403	1.3098780965101906	153.3998332824707	0.029112910888083227	194.48868268966675	-0.003994850162416697	1315840
8437760	8240	-1.1928642469698099	1.3121396670830436	167.21109478759766	0.026612489107183775	241.09959482192994	0.0060288544092327355	1318400
8454144	8256	-1.174963453588076	1.3133816553843207	164.6093776397705	0.027285030516040757	203.53080457687378	-0.0021492637693881988	1320960
8470528	8272	-1.1723773180933204	1.3160079120886512	143.99948278808594	0.023400625253781983	150.39313973426817	-0.011181862764060498	1323520
8486912	8288	-1.1464262428260408	1.322175173964817	147.85014028930664	0.02355458438346753	196.51873373031617	0.007138929925858974	1326080
8503296	8304	-1.1490732985218055	1.325416781928856	144.88481434631348	0.028632770682299927	170.11305130958556	0.0030666555278003214	1328640
8519680	8320	-1.1774352976221125	1.3255258043077773	138.764997467041	0.027966222123090318	158.47636145591736	-0.004851500112563372	1331200
8536064	8336	-1.159535877075512	1.3267112736967392	141.72756869506836	0.026819649666449074	160.88877826690674	0.006489516198635101	1333760
8552448	8352	-1.1944066611786839	1.3300970467594453	138.7045885620117	0.024233505455770944	163.77494654655456	0.005136298183351755	1336320
8568832	8368	-1.1465134898209945	1.3362501630750485	139.94401783752443	0.02594310505779813	150.67238321304322	-0.0019412832148373127	1338880
8585216	8384	-1.1834694919672328	1.3391911482778378	131.91685817718505	0.031293090957204346	145.87257236003876	-0.006131436675786972	1341440
8601600	8400	-1.1611782418440562	1.3386400098768063	147.76407739257812	0.025017921626689057	173.94591193675996	-0.012910243533551692	1344000
8617984	8416	-1.1478498489919584	1.3360324214664288	156.68427297973633	0.027683900121449796	196.96057989120484	-0.0012233629077672958	1346560
8634368	8432	-1.1215256154802629	1.3333380088773557	150.04500189208986	0.017580744694850985	168.5019633960724	-0.006178006920963526	1349120
8650752	8448	-1.1635764590238686	1.3321990644899198	136.5215029449463	0.027539321894672685	157.90844225883484	-0.0030864506028592587	1351680
8667136	8464	-1.1517227196495514	1.334170142110903	134.0963412399292	0.030881692684579746	153.9199613904953	0.0014663101732730866	1354240
8683520	8480	-1.160302093499573	1.33885583293112	143.4108706665039	0.026663706474571735	171.740296831131	-0.0008013773337006569	1356800
8699904	8496	-1.136110380412778	1.3407666106191465	144.96202055358887	0.026821358009596133	162.93744599342347	-0.004241823479533196	1359360
8716288	8512	-1.15081924686837	1.3419786230293103	139.93444584655762	0.034664365752633146	158.02570140838623	0.0028307143598794936	1361920
8732672	8528	-1.1236318399941083	1.3434446101752109	133.8494918899536	0.023168595819697678	140.6911410665512	-0.0016845080256462097	1364480
8749056	8544	-1.1304608010395896	1.3475383255747146	135.02371775817872	0.02858876693438556	142.8932732963562	-0.0023315735533833504	1367040
8765440	8560	-1.1896169023152907	1.3533959370520898	125.19808642578126	0.02686741237067541	138.42166674613952	0.0020442370325326918	1369600
8781824	8576	-1.1550220985817723	1.3530418284800836	139.726837600708	0.025806072789283818	148.70441471099855	0.00039124350994825365	1372160
8798208	8592	-1.133800509556895	1.3496286679175682	143.2505911102295	0.027973345946220946	152.67035836219787	-0.011763552725315094	1374720
8814592	8608	-1.1220814978964626	1.345800370660145	123.55588655090332	0.02511550304150398	127.31381037712097	0.005898611564189196	1377280
8830976	8624	-1.143512642380083	1.3428190414574928	115.95491899108887	0.0272574594848498	125.37416195392609	0.005980765027925372	1379840
8847360	8640	-1.1665673739251214	1.3402687050965614	118.68477655029297	0.021684255927833053	111.0652645778656	-0.005204756651073695	1382400
8863744	8656	-1.18812599315634	1.338979588475544	126.49045832061768	0.0277733231266692	121.88026691913605	-0.004224744793027639	1384960
8880128	8672	-1.1726601202287712	1.3390859031346627	139.87459895324707	0.034926491069461066	170.14354711532593	0.0012918440625071526	1387520
8896512	8688	-1.1558609972062985	1.3409459726479835	150.6183945465088	0.026371399578851082	172.7514659023285	-0.005017288215458393	1390080
8912896	8704	-1.1779951201167422	1.3460956012425014	151.7494598236084	0.03034101167907538	191.28893483161926	-0.0007135200500488281	1392640
8929280	8720	-1.1947312986536418	1.3529943139520473	160.24597076416015	0.027279344436076686	204.1433322429657	-0.006058743856847286	1395200
8945664	8736	-1.1928386598450598	1.3535755119291135	160.2942283782959	0.03065241826055587	219.6582815551758	0.004219722915440798	1397760
8962048	8752	-1.1187955727917143	1.3515280712810345	158.9799189300537	0.026109214437736485	207.84957310676575	-4.139408469200134e-05	1400320
8978432	8768	-1.2574638055614196	1.3503508359161205	160.57145393371582	0.022413778105736804	194.1263545703888	-0.0071886471845209595	1402880
8994816	8784	-1.2133143260227517	1.3522990628448315	171.58880081176758	0.026592962199939715	269.19193756103516	0.008200951367616654	1405440
9011200	8800	-1.1988690355622675	1.3556533489194698	181.02790739440917	0.024653590621634254	245.44361813545228	-0.0023035397194325923	1408000
9027584	8816	-1.2021382588120177	1.3603319726553746	172.74104862976074	0.029871297141514926	242.28798011779784	0.0006579467281699181	1410560
9043968	8832	-1.176525877792621	1.3628000499573536	161.82334797668457	0.02732063264566913	214.9697752380371	-0.0051670875959098335	1413120
9060352	8848	-1.1752865609342698	1.3640838118162937	163.5180273284912	0.02849943458840341	216.2276207447052	-0.0010055817291140556	1415680
9076736	8864	-1.2053693124433047	1.3644106896487065	156.59763619995118	0.031048232795473217	200.2264939403534	-0.0022750213369727135	1418240
9093120	8880	-1.1248685630096589	1.3669058262673206	162.7214633026123	0.03424664837209011	205.3863311290741	-0.001577310413122177	1420800
9109504	8896	-1.1230009873127564	1.3689083273974247	150.0635157470703	0.03174246363630139	171.00562823295593	-0.0022479117661714553	1423360
9125888	8912	-1.1072861614273861	1.3716650792923757	139.73206158447266	0.02549611576519128	146.03935687541963	-0.002984614446759224	1425920
9142272	8928	-1.1299547595568	1.3717625915375538	121.01180065917968	0.02435868437695494	116.84006493568421	-0.00407056586816907	1428480
9158656	8944	-1.1377786819080355	1.3695594899025745	123.74491945648194	0.03243495984151607	127.68009689331055	0.004477139245718718	1431040
9175040	8960	-1.2007851402235683	1.3691824732390232	131.31503002929688	0.019255672930416672	152.0743772983551	0.00772663539275527	1433600
9191424	8976	-1.1955524114274885	1.372864093121607	139.11300982666015	0.0313108803733098	170.88616991519928	0.006399692408740521	1436160
9207808	8992	-1.1900869510560297	1.3789502511173486	148.09045942687987	0.03049488305975377	184.47201309680938	0.000660679992288351	1438720
9224192	9008	-1.127072256516898	1.3826480906754732	151.07802841186523	0.026609960905916972	179.5841719341278	0.0028888591192662715	1441280
9240576	9024	-1.1724075375422836	1.3822533235102892	147.74576914978027	0.02201220674338805	170.97211159706114	-0.0009358572703786195	1443840
9256960	9040	-1.2280626063921956	1.3815610614567995	152.50672267150878	0.025033722794146604	198.87423756599426	-0.002944289073348045	1446400
9273344	9056	-1.1386304082742427	1.3820524249821902	158.1400904083252	0.028236153721230655	200.88048152923585	0.0003247571736574173	1448960
9289728	9072	-1.1838557603261433	1.3809983285218477	146.69321623229982	0.02555453438334073	161.1322417163849	-0.0024957004375755786	1451520
9306112	9088	-1.1452757157294546	1.3808248836547137	152.1466265106201	0.029508071503618352	196.53506036281587	-0.0034412282519042494	1454080
9322496	9104	-1.1484365229941904	1.380689713075757	152.04293812561036	0.028238947212207065	180.03177185058593	-0.0012300920952111483	1456640
9338880	9120	-1.2229320796525571	1.382176850154996	152.95635482788086	0.025256235688553053	200.8904121875763	0.0017492207325994968	1459200
9355264	9136	-1.2073900197292677	1.3855073498040438	163.95914721679688	0.03002089810559599	241.5130049610138	0.0081537907384336	1461760
9371648	9152	-1.1903996286855545	1.3883423072248697	163.34692980957033	0.026298416217773124	208.82952741622924	-0.002681275047361851	1464320
9388032	9168	-1.1797613303430845	1.39048284830153	167.08161109924316	0.02758180965773407	234.45591047763824	-0.0027781868912279606	1466880
9404416	9184	-1.1673475362844765	1.3900076077133416	167.8653395690918	0.023864707850488644	217.80183700561523	-0.002461873348802328	1469440
9420800	9200	-1.1806763563838323	1.389847882285714	160.76289082336424	0.025474754855091496	215.73151923179626	0.003851410560309887	1472000
9437184	9216	-1.2209713099515065	1.3916611913591623	169.12084075927734	0.024044224946672608	226.45486981391906	-0.009845555014908313	1474560
9453568	9232	-1.1484095371218863	1.395086217418313	177.1170824737549	0.027522203094324994	238.69355823516847	-0.006373962350189686	1477120
9469952	9248	-1.1334777802326717	1.3970419093519448	173.31278761291503	0.029482085113695548	232.6546341896057	0.0017144968174397945	1479680
9486336	9264	-1.2296496492486912	1.3993389135748149	158.73850016784667	0.025201086904034848	197.75564284324645	-0.009385776482522487	1482240
9502720	9280	-1.1497566538769752	1.4070594298094512	166.97675903320314	0.025665085418107452	213.91560304641723	-0.0013912122882902623	1484800
9519104	9296	-1.1454231314167846	1.4077848817557097	160.06926342773437	0.023809364890324588	198.81606806755065	-0.00020471554249525071	1487360
9535488	9312	-1.1977480786291417	1.4039771964997052	153.76061456298828	0.02638363542204263	181.93965620994567	-0.010623703747987746	1489920
9551872	9328	-1.1732533944121095	1.399951144143939	158.29634480285645	0.029081637594238752	208.15870740890503	-0.0018897301703691483	1492480
9568256	9344	-1.1552860474737827	1.3983740032166243	159.50573205566405	0.03156438000415725	211.98693406105042	-0.0011334224045276642	1495040
9584640	9360	-1.2054791189117824	1.4013237096220255	161.5718572998047	0.028370884838331896	227.81161495685578	0.002781047932803631	1497600
9601024	9376	-1.1412838505124674	1.4049750784784556	176.13226875305176	0.02837137231983026	253.12390535354615	0.0024556871503591537	1500160
9617408	9392	-1.1660268575879744	1.4046064356714487	175.2561879272461	0.02847380055041231	235.54246266365053	-0.007683472987264395	1502720
9633792	9408	-1.1554752074978314	1.4046985540539025	168.9592618865967	0.03027404586380981	225.09431951522828	-0.006156642772257328	1505280
9650176	9424	-1.170438834206201	1.4072861596494912	165.0622297668457	0.028220645280666923	224.34984024047853	5.8462694287300107e-05	1507840
9666560	9440	-1.2323389357866255	1.413748584523797	168.27531787109376	0.027349182879852066	249.4928849029541	0.0031552704982459544	1510400
9682944	9456	-1.1830242652380838	1.4200182480961083	189.17958682250978	0.021470167415004866	298.9177849578857	-0.006964261531829834	1512960
9699328	9472	-1.1879435056119692	1.4214385278373958	195.4329952545166	0.026942215323137057	326.5387767314911	0.005500754415988922	1515520
9715712	9488	-1.138433884258382	1.4219208820015192	195.3015274810791	0.026620256258718177	323.71854544639586	-0.0052963199093937876	1518080
9732096	9504	-1.182709777100943	1.4212288915067912	193.92004780578614	0.01857596890940964	322.5892722892761	0.003085248600691557	1520640
9748480	9520	-1.2059320581171196	1.4215286439806223	193.01341076660157	0.025103400365415418	310.42559277534485	-0.0003219463303685188	1523200
9764864	9536	-1.1832488626129924	1.4240304176956415	191.84217849731445	0.023843946359462503	316.72345170974734	0.008086542831733823	1525760
9781248	9552	-1.1765994903282262	1.4277276779562236	187.08234919738769	0.021684103103607424	288.1109848022461	-0.004648834839463234	1528320
9797632	9568	-1.0985623119228984	1.4323200894147157	187.87923594665529	0.02348391805915358	280.2214484500885	0.0021871442161500456	1530880
9814016	9584	-1.129739590609679	1.4359662182480097	170.25809288024902	0.025793674741124272	216.62597344398498	-0.006577196754515171	1533440
9830400	9600	-1.155085739927832	1.439417603507638	169.63065115356446	0.02360272494302702	238.06041704177858	-0.003471748549491167	1536000
9846784	9616	-1.1570003280269447	1.4423970241695643	176.63088916015624	0.026258878311489986	269.68808024406434	0.0009200356062501669	1538560
9863168	9632	-1.1992964824009686	1.444394485488534	174.10298526000977	0.030259016471338725	253.59637879371644	0.0013325160183012485	1541120
9879552	9648	-1.1239085980276577	1.4454070621877908	181.26258847045898	0.02419172472406362	268.2973239517212	-0.004057552870362997	1543680
9895936	9664	-1.1774513196784537	1.446047645702958	177.31584042358398	0.021089240968669345	258.81023566246034	0.0026830505952239038	1546240
9912320	9680	-1.2109734683581628	1.4480658780485391	172.91829113769532	0.024413237308738497	272.0011106395721	0.005941883809864521	1548800
9928704	9696	-1.1721550462502055	1.451556597366929	180.6278264312744	0.030991610630662338	267.01461464881896	-0.0003769332356750965	1551360
9945088	9712	-1.1454423461591359	1.4532516211420297	178.24349684143067	0.028266459158912505	252.72851751327514	-0.001483747400343418	1553920
9961472	9728	-1.1425732331098988	1.4530524666458369	165.5862999572754	0.025052447867453826	245.23110498428343	0.010538074560463429	1556480
9977856	9744	-1.1992412024212535	1.4526512574106454	160.24250454711915	0.028582487098274385	212.0052737236023	-0.005513791739940643	1559040
9994240	9760	-1.1900755167463795	1.4549596711546182	163.0691890258789	0.029163226289640073	259.3576993560791	0.0047956532426178455	1561600
