mean_dist	min_dist	max_dist	agent_within_SS	expert_within_SS
514.0243625887621	398.83194982179566	623.0284396712123	34.47547942638654	7.765060702991739
404.5149501790072	290.408771936668	488.51828054489846	48.57135039758454	7.765060702991739
364.5600209488043	279.80474527641513	433.7106282926224	35.15175287723962	7.765060702991739
353.642909520805	249.689356120717	448.3076194717012	47.32481813772018	7.765060702991739
330.66097045968365	247.11785348672433	448.2412725442345	42.848404220873114	7.765060702991739
286.47031918266526	209.78934815086214	357.3615238847802	27.550737701431935	7.765060702991739
308.46058842200705	204.19112608699817	480.8079619415625	50.61753867904721	7.765060702991739
277.9400208242316	111.93068734845062	394.1841590392487	62.09614531650726	7.765060702991739
254.66557120480567	140.0260026360037	392.9076536462027	61.98485277753548	7.765060702991739
356.47622749205163	240.0430535354679	1202.3858827751806	388.74841258519047	7.765060702991739
461.54593067385963	5.4944344224648365	2245.6447513231974	726.335836618724	7.765060702991739
1231.16809093625	15.920603957824387	4075.746642610015	1727.9910733635002	7.765060702991739
821.990615492868	10.641696938784975	4075.746642610015	1325.5313476513527	7.765060702991739
1225.7095334903559	8.476001959960495	4075.746642610015	1731.9419680919086	7.765060702991739
2141.0025627405294	323.96233433177906	4075.746642610015	1968.878929313208	7.765060702991739
3661.130428660836	398.58809353491836	4075.746642610015	740.3720106877867	7.765060702991739
3660.9866211667845	398.8236728378202	4075.746642610015	740.6368580929159	7.765060702991739
4069.983068234214	4058.5195383546384	4075.746642610015	0.7274613391789283	7.765060702991739
4069.9815841982854	4058.5195383546384	4075.746642610015	0.8313843876330612	7.765060702991739
4069.9845596406367	4058.5195383546384	4075.746642610015	0.5542562584220408	7.765060702991739
4069.9875645649317	4058.5341988464684	4075.746642610015	0.0	7.765060702991739
4069.9875645649317	4058.5341988464684	4075.746642610015	0.0	7.765060702991739
4069.9875645649317	4058.5341988464684	4075.746642610015	0.0	7.765060702991739
4069.9875645649317	4058.5341988464684	4075.746642610015	0.0	7.765060702991739
4069.9875645649317	4058.5341988464684	4075.746642610015	0.0	7.765060702991739
4069.9875645649317	4058.5341988464684	4075.746642610015	0.0	7.765060702991739
4069.9875645649317	4058.5341988464684	4075.746642610015	0.0	7.765060702991739
4069.9875645649317	4058.5341988464684	4075.746642610015	0.0	7.765060702991739
4069.9875645649317	4058.5341988464684	4075.746642610015	0.0	7.765060702991739
4069.9875645649317	4058.5341988464684	4075.746642610015	0.0	7.765060702991739
4069.9875645649317	4058.5341988464684	4075.746642610015	0.0	7.765060702991739
4069.9875645649317	4058.5341988464684	4075.746642610015	0.0	7.765060702991739
4069.9875645649317	4058.5341988464684	4075.746642610015	0.0	7.765060702991739
4069.9875645649317	4058.5341988464684	4075.746642610015	0.0	7.765060702991739
4069.9875645649317	4058.5341988464684	4075.746642610015	0.0	7.765060702991739
4069.9875645649317	4058.5341988464684	4075.746642610015	0.0	7.765060702991739
4069.9875645649317	4058.5341988464684	4075.746642610015	0.0	7.765060702991739
4069.9875645649317	4058.5341988464684	4075.746642610015	0.0	7.765060702991739
4069.9875645649317	4058.5341988464684	4075.746642610015	0.0	7.765060702991739
4069.9875645649317	4058.5341988464684	4075.746642610015	0.0	7.765060702991739
4069.9875645649317	4058.5341988464684	4075.746642610015	0.0	7.765060702991739
4069.9875645649317	4058.5341988464684	4075.746642610015	0.0	7.765060702991739
4069.9875645649317	4058.5341988464684	4075.746642610015	0.0	7.765060702991739
4069.9875645649317	4058.5341988464684	4075.746642610015	0.0	7.765060702991739
4069.9875645649317	4058.5341988464684	4075.746642610015	0.0	7.765060702991739
4069.9875645649317	4058.5341988464684	4075.746642610015	0.0	7.765060702991739
4069.9875645649317	4058.5341988464684	4075.746642610015	0.0	7.765060702991739
4069.9875645649317	4058.5341988464684	4075.746642610015	0.0	7.765060702991739
4069.9875645649317	4058.5341988464684	4075.746642610015	0.0	7.765060702991739
4069.9875645649317	4058.5341988464684	4075.746642610015	0.0	7.765060702991739
4069.9875645649317	4058.5341988464684	4075.746642610015	0.0	7.765060702991739
4069.9875645649317	4058.5341988464684	4075.746642610015	0.0	7.765060702991739
4069.9875645649317	4058.5341988464684	4075.746642610015	0.0	7.765060702991739
4069.9845596406367	4058.5195383546384	4075.746642610015	0.5542562584220408	7.765060702991739
4069.9845596406367	4058.5195383546384	4075.746642610015	0.5542562584220407	7.765060702991739
590.0405503221988	33.16868310096277	4075.732044031699	868.199751794773	7.765060702991739
677.4056756544154	534.7412015882535	4075.746642610015	747.5021125965534	7.765060702991739
2036.3835753529208	398.7492149172971	4075.746642610015	2059.047623740592	7.765060702991739
2436.591418494114	35.61359579048716	4075.746642610015	1971.5975769214372	7.765060702991739
3252.6486718601404	22.225056797482083	4075.746642610015	1307.800363065151	7.765060702991739
4069.9786382379434	4058.5195383546384	4075.746642610015	0.8313843876330612	7.765060702991739
4069.9786382379434	4058.5195383546384	4075.746642610015	0.831384387633061	7.765060702991739
4069.9742745763374	4058.5195383546384	4075.746642610015	0.31176914536239786	7.765060702991739
4069.9786382379434	4058.5195383546384	4075.746642610015	0.831384387633061	7.765060702991739
4069.9742745763374	4058.5195383546384	4075.746642610015	0.31176914536239786	7.765060702991739
3661.156172187917	35.61359579048716	4075.746642610015	735.9320628953441	7.765060702991739
852.3723573522036	35.61359579048716	4075.746642610015	1387.279690218832	7.765060702991739
790.7156371110443	741.7120480148526	4075.746642610015	750.8406405033448	7.765060702991739
979.0208460612423	637.3946199206631	4075.746642610015	1330.9427476587666	7.765060702991739
398.0954448519814	9.609802909176091	4075.746642610015	756.9464652412097	7.765060702991739
1208.5292277269562	13.619819127617928	4075.746642610015	1717.15479623982	7.765060702991739
3660.851776781221	37.1707080704893	4075.746642610015	736.4714039216021	7.765060702991739
4069.980107532859	4058.5195383546384	4075.746642610015	0.8660254037844386	7.765060702991739
4069.9742745763374	4058.5195383546384	4075.746642610015	0.31176914536239786	7.765060702991739
4069.9771763135464	4058.5195383546384	4075.746642610015	0.7274613391789283	7.765060702991739
4069.9771763135464	4058.5195383546384	4075.746642610015	0.7274613391789283	7.765060702991739
4069.9771763135464	4058.5195383546384	4075.746642610015	0.7274613391789283	7.765060702991739
4069.9786382379434	4058.5195383546384	4075.746642610015	0.831384387633061	7.765060702991739
4069.9742745763374	4058.5195383546384	4075.746642610015	0.31176914536239786	7.765060702991739
428.04598649839033	17.2052074672958	4075.732044031699	729.3466961274298	7.765060702991739
35.632531977969975	9.522140740201067	63.70929571798232	9.548429293493964	7.765060702991739
36.9141854821777	7.650653420028455	72.18573697700279	13.41785227857574	7.765060702991739
32.63073210783874	7.197567747391166	65.97129770139873	16.530783496519405	7.765060702991739
8.863413161907435	1.8383055001713493	34.35026953096705	10.184047602791711	7.765060702991739
18.1478542584627	2.2332854890774874	64.87558515852386	15.669384887514592	7.765060702991739
14.471458104493168	2.1792583415395437	47.6313340998247	14.513911808089281	7.765060702991739
15.909031277835192	4.066795539956847	44.51888574095445	11.201985831118161	7.765060702991739
10.724368428155314	1.7212009688035337	41.811584663615385	10.130053780334576	7.765060702991739
16.482453187703165	1.818516154777469	56.42586564673146	12.100408182264871	7.765060702991739
10.126417967747612	2.0298294022369507	33.92967418070592	11.133986826554594	7.765060702991739
15.169418419969682	1.3150106561875163	48.35533958245997	13.412686646304007	7.765060702991739
8.907368881503544	1.8567826704671722	45.50244324892328	13.997017043477054	7.765060702991739
6.739287896273065	1.7380358019771422	40.062921609904976	9.303047048337376	7.765060702991739
5.856371813678454	0.4406260397790305	42.759998812424335	7.3148924020035055	7.765060702991739
4.1771370880881635	0.845032479948886	42.11157704769415	7.851716709625943	7.765060702991739
2.6638880458810714	0.715325627237907	41.80767538250187	6.77968338948933	7.765060702991739
2.3116116463346073	0.1231157504407039	41.80600727076811	9.251102979829906	7.765060702991739
8.866451788389195	0.4593197066293531	43.13229957153893	5.912586812126525	7.765060702991739
4.501881065881159	0.33414476505146296	43.4304343080768	7.737414860530113	7.765060702991739
10.633620530501412	1.4839554523782679	46.970317924597765	8.090295728222456	7.765060702991739
16.781497830898594	2.2363811357253165	64.19750107038993	12.037521169136122	7.765060702991739
13.383665332629358	1.1026655110140189	52.80404021937219	7.7062386332829815	7.765060702991739
15.42750026128517	2.077035740276001	53.379808509065796	8.965427377838088	7.765060702991739
13.958017971420192	0.919031448115979	54.01763579143465	8.403942160092026	7.765060702991739
22.4213286261709	9.247471617171303	55.49676141003742	8.228353446104624	7.765060702991739
14.540300374832135	1.720113661200409	51.136998188896534	6.326057216021865	7.765060702991739
11.667619096271508	0.3428868413324815	47.8570992562976	9.211195764480108	7.765060702991739
9.915391666348853	0.8006658737663169	46.9858908041533	7.38036952997187	7.765060702991739
12.357758953768862	0.8351626050833632	47.159508501496425	7.008604008460099	7.765060702991739
8.458450726359338	1.4765350167235007	45.041169544286205	9.717109928387746	7.765060702991739
11.945237333068699	0.6699494092320556	45.49363610986477	5.658458202820007	7.765060702991739
9.19528571113958	1.0250095621080137	46.66978171454866	8.418314798611735	7.765060702991739
8.67093980241113	1.9906972319004637	44.176463750787256	10.643680860480787	7.765060702991739
16.33191341144897	2.718544111948875	52.35528038598927	7.355501837527044	7.765060702991739
9.930086068434171	1.527310307192168	51.17826366831686	9.600866577256003	7.765060702991739
11.883392165760764	0.6471491311458253	46.17736960421211	8.261626294377415	7.765060702991739
7.8908153718703895	0.18895661470885666	47.11034423167443	9.34424467682378	7.765060702991739
16.041086537100355	3.1169157247406516	51.82709839058411	8.504352734922957	7.765060702991739
27.397030970124952	13.448481253953112	53.96957936529898	4.2651280801378135	7.765060702991739
20.600640958742577	4.2118555148993	54.16390183829454	7.9266649034517656	7.765060702991739
21.511601294142046	5.341654018702024	52.38065251808457	7.276443643271006	7.765060702991739
20.803079765469896	6.72602573030638	53.10571336128424	5.932209921268479	7.765060702991739
15.037463700472758	2.8767071436513385	52.37633445095073	6.731909875613129	7.765060702991739
11.77152749755029	1.588456923071695	44.79880382608282	6.1933885686257835	7.765060702991739
11.564323693907268	1.0001340940526398	45.05513884762166	5.061173118195709	7.765060702991739
9.0422513029439	0.5831784546342514	44.342122911296435	7.024809385180909	7.765060702991739
9.356459976350656	0.49597144357175543	44.134570996419775	7.152200541307383	7.765060702991739
10.486526125349183	0.18875883975349578	46.2468181047441	6.928002674766299	7.765060702991739
8.6986690030092	0.4467024570520811	42.764522880083625	5.732117644772254	7.765060702991739
9.202649107159086	0.861101421249906	46.53640844651552	7.365846270853302	7.765060702991739
10.707495121246685	1.9219940367858672	51.03779497970694	7.836867771482439	7.765060702991739
13.448204701626135	1.499990026893491	44.22451354894577	5.413590767093932	7.765060702991739
12.061473326296873	2.598482294139891	52.316910853427345	9.060182852671103	7.765060702991739
12.803348507466712	0.41478040670809024	53.34704715305654	3.896429206337629	7.765060702991739
9.308107649522636	0.7082944310931446	44.14028376972474	6.789038145275083	7.765060702991739
6.268071463106872	0.45418239774668834	44.34132031893271	7.36220433762473	7.765060702991739
6.8676308930845735	0.9825874098721329	44.191456027609725	7.709438006644461	7.765060702991739
7.7553230239757776	0.14307836499714494	43.91502509639049	6.539576175784349	7.765060702991739
3.6427690611873933	0.15740839375475496	42.75127751091122	5.100357309501716	7.765060702991739
9.039005430616236	0.15122547894273128	45.08756835413328	5.471629473272655	7.765060702991739
5.673995439101219	0.13854463055424782	40.738890251725984	7.5668617011635675	7.765060702991739
3.790531582199746	0.10667668117147715	43.90386634054717	6.716928751297255	7.765060702991739
11.954163073738119	1.1156621886987892	51.75454384799425	5.854910410894628	7.765060702991739
16.659089467207313	2.1419459303073687	52.357814792315914	6.375855823653319	7.765060702991739
15.929436808413168	1.7240214390117086	53.15515041846552	6.8505847700792275	7.765060702991739
17.978558925004727	2.016315128947897	52.364929214962764	5.997783917935237	7.765060702991739
12.548939862622776	2.0245392316433755	52.3705424903421	7.171099581464806	7.765060702991739
13.458324962932553	1.7002177067956925	45.79918018631723	5.379260005674107	7.765060702991739
11.622294063981048	1.9381653806285628	46.564072572145186	7.614992876536492	7.765060702991739
13.524785554881065	1.6113598043918633	53.67244426101726	6.033559338177794	7.765060702991739
11.428591399480512	1.2132613042246585	46.14313006767791	6.143037934550779	7.765060702991739
8.707666081307586	0.7378828108774653	46.97872428330742	7.869297917909431	7.765060702991739
11.603643616821289	0.5851685859088135	45.04698465708123	6.446365153463058	7.765060702991739
14.225265676818601	1.3767219716985815	53.35314146514668	5.888597246475499	7.765060702991739
12.826105010082774	1.7007239467005464	52.32638156387933	7.499763259156923	7.765060702991739
18.36120071645381	1.858222757854693	52.37563668194463	6.523620585502284	7.765060702991739
15.341529952486875	1.0408523485555639	51.607907566708285	6.404726439987011	7.765060702991739
15.555276495910865	1.6697841604072328	53.17311893462063	8.578649907837033	7.765060702991739
11.324050319548165	0.9738873318011062	53.09584933476232	7.370485890670837	7.765060702991739
7.575283036846852	0.45463419812695804	44.76199963084211	9.480257799822121	7.765060702991739
26.968117969818838	2.002016701681026	63.51741660920447	12.154336953725208	7.765060702991739
28.009992665989913	3.1977110864587597	60.98451741311845	10.816422568981826	7.765060702991739
15.711130546869896	0.024814422129543573	44.3301052468001	11.836770371658758	7.765060702991739
11.668243320964041	1.2702693916752759	47.38722379336809	7.3265101339097045	7.765060702991739
18.99122433069956	1.822673070827973	53.07652954265529	5.434398081170413	7.765060702991739
19.574349889413117	3.4546890968396653	53.25666195132056	6.489015978287325	7.765060702991739
18.06837309691141	3.4139180730312915	52.467538681654354	6.339171274186095	7.765060702991739
10.710683364314532	1.9388414241834995	50.59898886334468	7.483877082136158	7.765060702991739
6.543770337797742	1.283167492313942	43.14298204819087	9.414382804062358	7.765060702991739
27.113887141832333	1.593850480621248	81.36556751741207	13.944273713295477	7.765060702991739
150.94682750918986	22.005999584069492	213.72521962022896	29.50595602403738	7.765060702991739
11.572304559417317	0.4129999782683536	36.19888848783769	9.114797647970716	7.765060702991739
22.12049697580024	4.203595560797537	61.645424012207215	12.835770068751192	7.765060702991739
22.81158126057518	7.925130409074569	55.26631905370762	7.765222215136772	7.765060702991739
21.922138511140076	6.274982164034102	54.19176279410809	6.3192612175491805	7.765060702991739
4.745541699628442	1.3793609071175719	42.11862513561326	6.990290928460944	7.765060702991739
3.300739967911382	1.196455131102972	80.63210216968406	16.68378008630424	7.765060702991739
16.673966776885372	0.9795963407191801	61.33613020217443	15.732417340432693	7.765060702991739
6.17475028667407	2.13828574444758	63.35092817143538	14.024114358282691	7.765060702991739
8.727418332325815	1.034233110764393	50.985407756451245	10.99651578446678	7.765060702991739
22.502332606182065	1.067622497414669	81.34657808457933	15.522195948293376	7.765060702991739
11.33618438640959	1.3502824648731144	43.87785172550848	12.862831512219895	7.765060702991739
14.206742538350678	3.7246777777757862	52.51986130282644	9.880385226491834	7.765060702991739
19.06626574251398	4.766784020799716	52.55582086519718	9.526438173861711	7.765060702991739
22.92473905922588	7.016386255733672	59.434699195754476	8.483092313338144	7.765060702991739
22.48426450473971	5.418271169203047	53.32976216075637	6.3797992702594755	7.765060702991739
21.6200613495252	6.594983225364224	60.13757588195623	11.91117546124715	7.765060702991739
23.280635043335067	10.401969146040273	54.4137219037771	6.681154509393211	7.765060702991739
22.822951311662894	9.613097645791308	57.829881543645236	6.651016539923009	7.765060702991739
12.42841532647698	0.6512117570381979	46.26939044454178	6.6996822206907725	7.765060702991739
9.642459148528593	0.43353065625356246	44.337011590920156	10.363636484587524	7.765060702991739
11.783820517241606	0.8421866062262026	45.69403111948025	8.663056562037221	7.765060702991739
10.695042979573177	0.2740437774195377	55.49891641379607	11.77715935124065	7.765060702991739
12.432067872725172	0.8254755899748797	46.684948314601506	9.056072028957166	7.765060702991739
14.639404209666603	2.3276512746649893	52.37446251620898	7.207358176364994	7.765060702991739
14.450579002860469	1.5220701346711474	53.35604872799826	6.502424611444037	7.765060702991739
14.106287459653695	1.4754613629445463	54.71902922083876	10.8336641660062	7.765060702991739
19.183668894455487	1.6687739803897608	56.8085401423011	6.782520928303112	7.765060702991739
16.745265514827473	1.6631725332918794	54.68697750996401	6.388475131426527	7.765060702991739
10.876954890069713	0.1268621513703674	46.55128819506609	6.61670498556996	7.765060702991739
13.09887135353989	0.717521259325827	47.58270888603568	8.52844072243792	7.765060702991739
13.755672793138128	1.0572924066389764	46.279056176523376	6.357857538031678	7.765060702991739
12.502416819515213	0.9073034740848552	46.68162385210621	6.724887318083162	7.765060702991739
15.049877397693898	1.7511952920317502	54.331402213559635	5.908681991814845	7.765060702991739
14.13958439868154	1.7856716348087456	54.084509928633985	8.914591844675188	7.765060702991739
15.969060219420166	2.5336936062951487	52.28008549417431	7.070960163095758	7.765060702991739
18.434589729238	1.4201686231127175	53.35206789199932	8.336804609960236	7.765060702991739
12.696238290184889	1.031808411276306	45.0637537040223	6.393455408369698	7.765060702991739
11.473652258641888	0.8485053027206511	52.057971909017404	7.806883296906359	7.765060702991739
9.312937735663391	0.22120709685137427	41.81275833897259	8.472305483454106	7.765060702991739
10.2111079964935	0.17030456551261416	46.68580052517438	9.56063378829138	7.765060702991739
10.661572108035747	0.4066088774335561	46.975150327442876	7.486008441546872	7.765060702991739
10.345878809958844	0.8332227390171145	47.59107573092362	7.883040396379521	7.765060702991739
20.165749962903373	3.1198705809339935	52.471488749744005	7.7539468327635435	7.765060702991739
22.29646892058178	5.715026336896476	52.4747399567911	6.599982048614706	7.765060702991739
28.418042574905574	10.320376352204907	64.29207081563446	9.777998990764212	7.765060702991739
19.0853246260588	2.0312110148888767	53.39131272357306	8.058786258130677	7.765060702991739
18.462915894808187	5.312928618974439	54.69232836759667	7.620499847729103	7.765060702991739
16.165438758491174	1.8550423103027387	52.31341724871261	10.364088273349624	7.765060702991739
20.872234266222254	5.414796389664188	56.488683969606655	9.08260439488789	7.765060702991739
19.113801812628573	2.7434926734989733	52.936547000792984	9.086127313144344	7.765060702991739
19.241118999805394	1.94747355969716	53.140094490881324	6.3727738116191714	7.765060702991739
17.878905177608416	2.182637055132323	53.3580303712726	5.3254937460994825	7.765060702991739
17.46622412574489	5.979451213608114	52.46701248910821	10.8708247888999	7.765060702991739
21.4250212439536	5.822451959421431	52.974138155469845	7.101311781166286	7.765060702991739
23.968846689242817	10.208221139852366	52.95248689310572	5.106983591206082	7.765060702991739
17.107354392240786	3.8275312084827555	52.45463301356913	9.58752095918639	7.765060702991739
16.648189156951833	1.6249596144836536	52.33470257837322	6.479163637304298	7.765060702991739
10.586990523808376	1.5502668698851207	51.55867830339503	10.257001092853587	7.765060702991739
14.556638716711111	1.4890092075275037	51.0860666924959	7.77921374564918	7.765060702991739
13.991838190875544	1.1716166459662765	51.06553388002144	6.144282923840174	7.765060702991739
9.565875205896724	1.0043284809155457	52.37438091562157	12.02162709944703	7.765060702991739
9.804171339460959	1.84931204017534	45.108067215056465	9.512319276206414	7.765060702991739
14.717875415237717	1.227698146188752	52.33864770535113	7.035012082811915	7.765060702991739
11.37850833549707	0.980253833727114	46.210119434101706	7.958694043948077	7.765060702991739
13.202583203317008	1.2154037390703911	52.82311677372085	7.497961433253996	7.765060702991739
14.35083061678039	1.2092126779330148	46.16741390710471	5.077642536961372	7.765060702991739
13.235553975051278	3.2572781599090277	45.771158977711394	6.693053079878046	7.765060702991739
11.523773557889722	1.2658244597806845	51.6957498234201	8.881168716169901	7.765060702991739
11.521394670806316	0.797098899238497	46.27653982157605	7.843951659880138	7.765060702991739
12.942953729495645	0.5905503209184512	47.41395951548294	6.764881349186444	7.765060702991739
15.130701726671893	3.0428671351293466	53.04702918344591	6.179631168250977	7.765060702991739
12.584227507022531	0.33394955408011723	45.42848672037953	6.135850391109548	7.765060702991739
12.897819963423547	0.36348714986240727	45.51859557146163	5.848522062032994	7.765060702991739
12.519677201802947	0.7522679874083891	46.54704963941963	5.555598557565558	7.765060702991739
14.220698781003575	0.38158129070970265	47.86873761088886	5.5422764787288745	7.765060702991739
15.650753216650306	2.381304129445684	55.024135963636404	6.863805825304996	7.765060702991739
15.19809055963058	2.187808070929547	53.34264460559055	5.028152149827408	7.765060702991739
15.495711836027553	1.2564233759402537	55.554477269805254	6.736892919642284	7.765060702991739
14.669159433218432	2.2300554762038787	53.43700592411957	7.582552722679918	7.765060702991739
20.5264517184039	2.7797842488082067	60.04450855067313	9.555173083185561	7.765060702991739
21.47681984003467	5.498796446036659	53.17788435512464	8.246030618233657	7.765060702991739
24.107848039436927	9.607062486996556	52.43022452197738	3.8915221717035977	7.765060702991739
14.178132890258476	2.128833790194607	50.959517093479356	6.490907584318194	7.765060702991739
12.273832294367235	1.0210477188959624	45.0659052384738	5.551967452173824	7.765060702991739
10.025542060335544	0.8455812818168212	45.1331114646114	7.906804175146966	7.765060702991739
10.460961857448611	1.220461508323654	44.641618208199176	7.021308347215924	7.765060702991739
13.969956819930117	1.4432318274535298	52.34991460982567	6.523852640188411	7.765060702991739
15.733959520294153	1.6738643544220702	51.38040766595579	9.083377665068609	7.765060702991739
13.843812169735218	1.4646093542145613	51.12675277063592	7.160170522841469	7.765060702991739
11.35596381175486	0.6751759814242986	45.05865336032517	7.157256581435268	7.765060702991739
13.851541056240992	1.3241819415279685	51.901597410104856	8.285839814708819	7.765060702991739
10.810555493273775	1.2471517347775865	52.27899035801445	7.917401309204908	7.765060702991739
16.541582610016697	1.9694882219310006	52.34190139942418	7.723797856298755	7.765060702991739
18.086768994814097	2.296139090824215	52.36024692249258	7.272711720935805	7.765060702991739
12.470115162558635	0.9339926143416226	44.79531802721633	5.482150010602238	7.765060702991739
13.590781767035496	1.3819898728772506	52.82137874785585	8.866158227024211	7.765060702991739
10.098856776509939	0.1969436187941648	48.10875620848723	7.190560811527074	7.765060702991739
13.25519468536377	0.26758466595427066	46.544523903419126	6.771326075140718	7.765060702991739
10.561146829000057	0.737370763787288	44.722509886143655	7.8614227110173776	7.765060702991739
14.39629301320598	1.3087148390283743	51.44498997621884	5.9380967587926605	7.765060702991739
15.76780779404829	1.076418211758388	52.29344799423929	7.191266530741446	7.765060702991739
18.402194697969797	0.9409835836658724	53.38643600215853	6.490220131862815	7.765060702991739
18.346186902072393	1.6784198367894552	53.71163987073847	6.482744147518761	7.765060702991739
16.305944965570337	1.6660686220500347	54.00839214592417	6.96259413149442	7.765060702991739
17.31973776132657	1.7032626651305431	54.690453625884196	7.402383135273619	7.765060702991739
16.48393882897394	1.8691674326270953	54.04196371149956	6.334634554039766	7.765060702991739
18.39193840064585	1.5818049082068046	54.04082098662977	6.035214397134051	7.765060702991739
15.095407516574664	1.4258521226745282	53.646304557735036	6.3443621654795335	7.765060702991739
11.778360965480314	1.3009905061005824	45.07839859745986	6.714285052984041	7.765060702991739
14.795310154679077	1.3896422494822027	54.35709808004292	7.061731822689772	7.765060702991739
11.904558839943963	1.7287134461556555	45.80353867581004	6.922747916848907	7.765060702991739
11.223057397388548	1.2413578509083538	46.569805816031504	7.853468623727816	7.765060702991739
13.822008406277348	0.7630531788330107	54.72502144817885	6.310433008576513	7.765060702991739
13.480998508970279	1.4772570446993591	53.35565570766636	4.742087197829886	7.765060702991739
8.129532878729627	0.23712344451917644	50.98785444930305	9.437027431461692	7.765060702991739
8.821387800679206	1.705535830354394	43.12267314541059	8.252442304863587	7.765060702991739
11.654193481303176	1.1049289039520418	43.90550446544547	5.122652012931296	7.765060702991739
11.002656263631494	0.6798048976485107	44.14740338624503	6.3950553424773995	7.765060702991739
12.006841468934518	1.2364738867597564	45.78046764920148	9.576342745177593	7.765060702991739
10.819758559444427	0.14380621778872146	47.86932437937424	8.691284090381352	7.765060702991739
13.735610501025194	1.5922807321849421	47.86284372202979	7.989559454053975	7.765060702991739
14.449101009573006	1.1262762728231663	47.39624028380712	7.019975276815343	7.765060702991739
17.238258197125447	0.731567933662313	53.98311524320028	7.537679587890904	7.765060702991739
15.351738337174032	2.1290714169818377	53.055944504318056	4.9599369838163545	7.765060702991739
16.808572123181364	1.3115950658994384	54.0029331152642	6.740919883208411	7.765060702991739
19.952298201970518	2.1391962478266335	54.35107054524451	5.688660372665954	7.765060702991739
16.984771280444203	2.572982308149363	52.87387802898626	6.9258356717853315	7.765060702991739
15.196371451727911	1.7416364186804445	53.698861006992104	5.836691873930264	7.765060702991739
14.571231483083901	1.3769670073496558	52.33675035128415	6.125742316627291	7.765060702991739
14.890179228422557	1.2967902451258713	53.38210912638886	6.330357832785545	7.765060702991739
14.825681626612814	2.0380198427584424	51.391532944044194	6.694031375167908	7.765060702991739
15.656004878785636	1.3436164556938206	51.04169195742268	5.79426787751388	7.765060702991739
17.811217006638287	1.9860151463942521	54.788615624725594	3.6621786520621207	7.765060702991739
14.249622022541411	2.017105878731363	52.27730234217376	6.7177115330083	7.765060702991739
14.514758820138937	2.743863916395693	48.339220317242926	6.941036945689596	7.765060702991739
10.926084410761701	0.49939808018217974	46.156900266657445	8.315183130849993	7.765060702991739
15.837585676633005	3.2669728624333008	47.16182812517017	5.2332386896323655	7.765060702991739
13.876081333343812	0.7755237475966907	46.951760071907465	5.643579055946053	7.765060702991739
15.190582453048982	1.4224450135330275	45.55635888131221	5.619557990041591	7.765060702991739
13.222832373108776	0.5833921735721997	46.966955880769724	7.225204998185094	7.765060702991739
15.607836293303585	1.0084194695425928	47.85419044407049	5.256094133396013	7.765060702991739
14.205207626557803	1.0255634159089557	51.67271928374405	6.782836981932739	7.765060702991739
15.701294018440485	1.1756594062999306	52.54720557108584	7.079292397884737	7.765060702991739
17.915560921605692	2.4396014194592524	54.353077339618295	4.961233989346363	7.765060702991739
18.722922585037704	1.541997979617321	54.43797528362409	6.337228404233042	7.765060702991739
16.463485197559805	0.1816487885604059	64.01690364830118	8.95303621997702	7.765060702991739
15.935451738843259	1.5470100376291331	53.67224852151785	6.265500199789082	7.765060702991739
15.264000050612372	0.9707715053174301	53.402795817317205	5.894690299911209	7.765060702991739
14.713326330495748	1.467737319978053	46.957424826648236	5.776556302962301	7.765060702991739
16.51701116969612	1.7305289200181762	55.47306947654796	5.987030479013087	7.765060702991739
17.029578542675292	2.504989568252958	55.10478883221892	6.022498316800707	7.765060702991739
16.774212546429943	1.9283709581868544	53.65663769591457	6.597454421736669	7.765060702991739
16.269640343173393	1.51080769123925	55.44002377560155	6.503360590668214	7.765060702991739
16.096667650651735	1.1990505774556954	54.34778761987415	6.104265677508044	7.765060702991739
17.4762250001777	1.7222121489475954	55.061747686611554	6.708110168530739	7.765060702991739
14.45769118665654	0.32825011512898444	52.50937986912198	6.104747446407893	7.765060702991739
9.59768039748595	0.2420757164194509	43.906807197468545	7.253708610754254	7.765060702991739
12.396543557201927	1.0933002381670047	46.00024497707571	7.252911975441444	7.765060702991739
14.18710638109736	1.0421078431438802	46.96471082115889	4.754836399176585	7.765060702991739
12.242831148312924	0.6877204259051288	45.40722577514768	6.167649959480353	7.765060702991739
15.314336556523052	1.2730233498704684	54.4423493482645	5.963422610830351	7.765060702991739
10.65875031420115	0.23656046079517506	44.20220348379789	6.51708230401605	7.765060702991739
12.171449453587202	0.33502910095949895	52.79991503906144	5.409921378910811	7.765060702991739
10.396405189407254	1.2314480339449474	51.42490344121646	10.083726572687105	7.765060702991739
17.51402693485988	1.7001179962272819	55.072935303243135	8.132765907250972	7.765060702991739
13.502712369301749	0.5935604957460067	47.594151266046005	6.265522174021154	7.765060702991739
15.008029282470124	1.2426567754867712	54.66433841434949	6.723237375528822	7.765060702991739
15.679302832782907	0.748607235867643	55.22382695458017	5.557232545709957	7.765060702991739
17.890117884988705	1.6181712503427255	53.75916162518418	8.035357787465228	7.765060702991739
14.39443887719448	1.0791307899048792	53.64657781151663	4.803446099280059	7.765060702991739
15.201040381599835	1.85862756949397	55.20575914493343	5.683175700119726	7.765060702991739
16.62804831317636	4.214101285418794	54.10894768617911	5.709007210637116	7.765060702991739
18.752893829954044	1.0400632928321443	61.47193072057951	9.375962197252626	7.765060702991739
17.261859150651624	1.5353549790012686	53.06644228230622	5.7896587247296205	7.765060702991739
19.59380793674756	6.724425579700507	53.731814111693836	6.707530443917745	7.765060702991739
17.308841723082512	2.492853699229676	54.103712357906346	5.917220163709538	7.765060702991739
19.43781863149836	4.384064672195461	55.20081756789736	5.92108440596912	7.765060702991739
16.21406725579397	1.90026713348878	47.836534595748994	4.736357570980531	7.765060702991739
16.679311126752737	1.5532073428827076	52.046747068959185	4.527186965210918	7.765060702991739
16.246808996540594	2.269411543599674	52.819402572857186	5.268979666032616	7.765060702991739
15.993760254272667	1.478372279097669	47.3785091649101	5.32065795296274	7.765060702991739
17.551266571232834	2.209478606064725	55.41217695676194	5.6487478809438425	7.765060702991739
17.511006259113095	3.7581624360265318	47.82172537573794	4.870125429265348	7.765060702991739
17.742809842598636	4.336788740611081	47.39244105223965	2.651824099192887	7.765060702991739
19.647181661803533	2.205435038834584	55.10991916643368	6.034208997836155	7.765060702991739
20.16548909720132	2.6116452171692544	55.23166683532202	5.873921306951878	7.765060702991739
19.410186764874634	2.410100111200628	54.67871764225445	7.170142710403657	7.765060702991739
18.716254113092646	2.3506500979769567	53.222211610407086	6.143662762723637	7.765060702991739
18.12173222511814	2.3340664961389495	53.198161074796936	5.526923842021118	7.765060702991739
18.635205358622375	2.4197130070152495	54.38197621220484	6.237578472746897	7.765060702991739
21.346170833345905	4.456081769171378	53.135852927819926	4.009399220565484	7.765060702991739
19.576253831529286	3.9975654115356885	54.7163582859186	7.91569694866368	7.765060702991739
17.729016288718327	2.548793602139036	54.992144618049934	7.329260232984739	7.765060702991739
17.717918014359807	2.365721530407484	53.31530388159324	7.065654365942173	7.765060702991739
14.89589241196427	1.5382630157007537	54.71629611189216	8.032008790921449	7.765060702991739
18.33383263931418	1.3326444310852763	53.21751766500919	7.065656891277081	7.765060702991739
15.851390009910144	0.8322361920883014	52.830483728275766	5.630221534172203	7.765060702991739
12.441359325988087	0.33347293969765995	46.693901716100974	5.589821580086623	7.765060702991739
10.645831940211481	1.2304414124152687	51.32107016052441	8.454134033122255	7.765060702991739
10.407443540879274	0.0661326594968121	45.71831337598356	6.640709619299391	7.765060702991739
9.379122908454066	0.16024545984701716	45.09242809905523	6.702233473872084	7.765060702991739
7.008163087468483	0.6970300311731553	45.05573033106902	9.488868767337717	7.765060702991739
15.69175903721189	1.0506379958998557	53.13268230350081	7.505799553648392	7.765060702991739
13.02470108883924	1.0926380502320177	54.46992483324908	8.449490605160502	7.765060702991739
15.600017002516406	1.5146910887818414	54.650524753119534	5.674309379605059	7.765060702991739
15.07371346706362	2.4317714433181177	46.71232112777248	3.5546691321678203	7.765060702991739
15.98583912722144	0.23645554655536247	55.115503304150415	7.328837947146241	7.765060702991739
17.417876636308463	0.9402881312124164	54.99471725167078	5.896765951607124	7.765060702991739
17.338875002401856	4.223987094505082	54.748384675407685	7.675442753126418	7.765060702991739
15.943985043794717	1.2448645291493357	54.70813695175768	8.30350257361633	7.765060702991739
15.802845394054515	2.0708580024750947	50.7887654395189	6.609794106832929	7.765060702991739
18.44974954317643	6.510615651729761	54.72007450266505	5.242556647641243	7.765060702991739
13.255907410232696	0.6391061865192272	54.724649210807655	9.273628586541708	7.765060702991739
11.568686410257998	1.0438365887251437	61.756196378712005	11.42225093950643	7.765060702991739
19.576127723394535	1.1723564365944041	53.66923153511314	6.526495892666072	7.765060702991739
13.373407345964477	0.6204001310595381	51.208468212079424	8.695847083444772	7.765060702991739
18.517997641902145	2.3473732737373427	52.5618401333096	7.230883293649145	7.765060702991739
12.493972886717362	1.4634425112230198	53.09447655376142	10.598867141780557	7.765060702991739
10.746441162448408	0.5571138897640913	53.67304413461149	8.41250472846875	7.765060702991739
16.36616073537228	1.3119866125304318	53.16999528325339	7.251253211349234	7.765060702991739
16.04565366017257	1.2978974158516225	53.073589039867464	9.570592406983666	7.765060702991739
16.44593355151682	1.4388851324748149	52.32763933743157	10.6220858768955	7.765060702991739
17.702695106932286	2.904844679060936	52.45304907189679	7.22492695795529	7.765060702991739
12.62275355192144	0.7812416119193638	54.361855849496735	8.763314774868821	7.765060702991739
11.65018325936472	1.5516045147377424	52.38432144690754	7.958758924309295	7.765060702991739
16.994556129362717	2.2461461100418516	52.1363461750778	6.6684026754563135	7.765060702991739
13.750485274175505	1.1292662961951785	53.12162893398929	8.737410349105051	7.765060702991739
18.10402096086577	6.140526694398553	51.82312635150544	8.22985356605098	7.765060702991739
13.659199996030758	1.4760393441267554	51.41731877344058	7.86077315179183	7.765060702991739
8.454854080315897	1.1431037638443013	51.45567700897567	9.849986226647069	7.765060702991739
13.872247037965698	1.1164648624290172	52.41571147569943	9.763470068261253	7.765060702991739
11.550513392595152	0.8453638747918985	51.68506772219679	8.09279128095113	7.765060702991739
8.510772674367278	1.0658711532489513	51.53331429493681	8.67624173605316	7.765060702991739
15.374655360489434	1.6177174471248599	52.05378614118807	6.147669512506275	7.765060702991739
15.521848960585926	1.1240903131988011	51.55883736094535	7.511507039766613	7.765060702991739
14.464311399582789	1.6070585682738683	51.55613495812307	8.769946839631462	7.765060702991739
19.672794521191353	4.480673336105942	52.114355438492666	8.739433193662702	7.765060702991739
16.991615914930307	1.7558831826725017	51.85137997330558	7.044263479359761	7.765060702991739
16.910318100998275	1.8764320988299863	53.12426041664337	3.830483905013459	7.765060702991739
12.882936892643837	2.3503759829545374	45.07925939094319	7.069974306135016	7.765060702991739
18.33430927393945	1.437138063125316	53.97438237252651	8.08724851141393	7.765060702991739
16.338877410362414	1.0583715868327592	53.00419709332216	8.584281482784588	7.765060702991739
19.157440699163974	1.864883955029871	52.07652954432781	7.096767449550666	7.765060702991739
15.558372438231993	0.5410214008487075	51.69415289814485	7.350144693524835	7.765060702991739
19.073056892073442	1.283524126794142	54.33277194214484	7.364852655151206	7.765060702991739
20.216099904865267	3.982442731962173	60.906768189079784	8.484744310685688	7.765060702991739
21.550905248605716	5.9633650380300045	53.24019278395487	7.458333751150208	7.765060702991739
20.984466481354282	2.4029693338723295	65.34272855263103	8.556140024616075	7.765060702991739
17.48032110903701	1.0857694262049875	51.565317112923864	8.683215922659302	7.765060702991739
20.92551713996782	1.0370057604449952	52.45662869911241	8.34420527111661	7.765060702991739
17.711197006049925	1.2577167478581812	52.35766311529415	11.407093666980234	7.765060702991739
15.924015578778636	3.4215639247178107	52.307300831703714	7.34401850242746	7.765060702991739
14.303671979784815	0.8718592589904575	51.23001797563392	7.6917892951821925	7.765060702991739
12.203523994367911	0.8834413178874645	46.22821871128879	8.285685213537253	7.765060702991739
9.659109401183693	0.614431174955963	45.0597535314074	8.383227068313069	7.765060702991739
12.152743799846915	0.6970403914957508	51.03183264644429	8.585405194148803	7.765060702991739
15.359338451196447	1.0591330760456683	51.139546070873834	8.222515631876515	7.765060702991739
12.24910652445978	1.2738118891493022	46.23289672993477	6.746433631614307	7.765060702991739
13.575893458359062	1.9245880662832022	47.43596950762845	6.38418561190557	7.765060702991739
17.638966972836165	4.112686864661409	55.24182708250774	6.719301959615632	7.765060702991739
13.772644132307654	0.45167514009385323	55.46482069916054	7.506902606078745	7.765060702991739
16.15154657105212	1.0521073695297385	47.91263444741443	5.205790122975774	7.765060702991739
12.526322428414254	0.5903397436535259	46.975180489619994	6.759298109790119	7.765060702991739
14.19523371009638	2.15383555588029	46.144067079204	5.131945614149666	7.765060702991739
14.717426891780427	1.44069347781209	54.82247504805361	7.289361941730209	7.765060702991739
13.197893855547601	0.5855583960847022	53.73014571454448	8.48244044535519	7.765060702991739
12.295382927576824	1.4365854680779917	44.74565856896809	6.172569317103425	7.765060702991739
14.23754719998137	0.9506062267791547	50.823963384320095	6.524164958486426	7.765060702991739
16.472167363578702	1.4653585920136214	53.98918032432033	7.593619160654422	7.765060702991739
13.270189344097293	1.723959606561949	51.539942409525715	7.725727484789397	7.765060702991739
12.919204555710543	2.3302661970579996	50.78459022520013	8.82026827363899	7.765060702991739
15.371429211872295	1.1056195481357167	47.426451059509766	5.832700178891065	7.765060702991739
16.08598658462391	0.740613159400137	47.87108957071551	4.773470980127312	7.765060702991739
14.990726381639004	0.8461543011383285	47.41807194121099	6.1491680840160345	7.765060702991739
14.652861427114292	1.2941773401576275	52.27921085601249	6.990315850955741	7.765060702991739
16.43960989652019	1.3991932236971973	55.06506467455459	6.563195283599013	7.765060702991739
14.552337885750585	2.069758571554039	47.577545883530156	5.871889779661108	7.765060702991739
13.178319297191308	0.22396890630412647	47.397396014921924	6.391946653758273	7.765060702991739
13.566700813046593	1.1705217703063109	47.133389960192005	7.632083353323374	7.765060702991739
12.867592886516793	0.5674019086053662	44.77858550589428	5.000506433772184	7.765060702991739
12.442536464890308	1.264333684766807	51.74361496413932	11.541593398394557	7.765060702991739
14.578918156726386	0.5697861313008911	51.705230896232315	8.632956865813144	7.765060702991739
15.770280912251852	0.8716280961198293	57.84747124471425	9.119983888294172	7.765060702991739
15.518012754748607	0.9645536576874044	52.0455920766584	7.340126842590486	7.765060702991739
12.04473985005394	2.092739116413501	44.80698653694469	6.442600672103099	7.765060702991739
15.166310340539017	1.3536208186307823	51.761517356203484	5.391819947557769	7.765060702991739
15.074240600824465	1.343084258660541	52.074774138629266	6.8392520558107535	7.765060702991739
15.19983416922762	3.2453884222358558	52.31848791475239	6.6965908141607855	7.765060702991739
18.639566404632774	1.5396613147410232	52.73634611314685	8.143131427061684	7.765060702991739
17.8315410372546	1.8102710335166605	51.53380586618848	8.150816424659949	7.765060702991739
14.608121568256198	6.013122241984195	50.92871558555695	8.943393310319149	7.765060702991739
17.439572018273047	1.619041921213744	53.66740676165924	9.405981443354197	7.765060702991739
18.26908282139534	3.3314457416113323	52.415981096052526	8.424150743094616	7.765060702991739
13.558028492994472	1.3849201369462953	51.54953276191518	5.4750234913839275	7.765060702991739
13.16410074758802	0.8740836607434328	51.13670479469753	6.4986095078664174	7.765060702991739
11.14886473574699	0.9280801872054096	51.576083646040125	8.310905522715398	7.765060702991739
14.39502454467006	1.4872002500862556	51.293791886926314	9.7797180074086	7.765060702991739
16.65332109092404	1.9277134444779882	52.19285068583842	8.726479475600145	7.765060702991739
20.610353992946422	3.932350645020213	53.14461375612215	10.449645541215324	7.765060702991739
16.103630288397497	1.7443162808666939	52.83977384066541	8.12763289004503	7.765060702991739
13.461563787708492	2.547363095543403	53.67172252002918	7.383867786022911	7.765060702991739
15.89776775204536	3.3391597128757664	51.56073800632304	8.285541813240824	7.765060702991739
17.141932818776333	3.414347128916252	54.00020259672311	7.069927111956019	7.765060702991739
18.88900852209291	1.6820775409448405	63.156115265215675	9.13857095478785	7.765060702991739
14.372617383413695	2.3031151085633024	52.11326183758908	7.993433920285557	7.765060702991739
18.5258103604482	1.4247972455985265	54.37156297809	7.7566995111782235	7.765060702991739
18.626115458674416	1.4443423841030953	54.335363385222244	6.736273046516397	7.765060702991739
14.054227740979119	1.32713012132478	53.67408056918767	7.763829918727564	7.765060702991739
17.139181988202225	1.3211474283912636	54.009000469261906	7.61957440062599	7.765060702991739
17.133089434988324	0.7996235730145523	54.82011886922006	8.536950546390802	7.765060702991739
12.911203577147651	0.8863471295720687	52.06206206369071	6.59792144002152	7.765060702991739
12.865876277865784	1.0936762370613302	44.81895034907318	4.885069077734366	7.765060702991739
15.07402747374904	0.9401358236739349	54.34293260808623	6.128946699199174	7.765060702991739
14.205038206718125	1.1024974397462466	52.07645554396216	8.16338517814791	7.765060702991739
14.462623675894408	1.2918518852629879	49.12978814201973	5.540226055672663	7.765060702991739
15.524630641922723	1.3847407036728945	54.517906728371855	6.316371784689242	7.765060702991739
13.70701344760203	1.2578625591658459	45.776932755325866	4.24843017018267	7.765060702991739
14.476877633638464	1.070749424139686	52.29580624497298	5.937601465823091	7.765060702991739
18.313432744115822	6.2889107905214825	53.676114331459544	3.8245916868122882	7.765060702991739
14.715464077801817	1.3776154280255661	46.59134706526783	4.644213633720781	7.765060702991739
14.595562563326375	1.446481089197312	47.18573957740289	5.312555354674314	7.765060702991739
14.739371420483305	1.7547774052891003	54.945283470647055	6.622105755620979	7.765060702991739
13.507363142874663	1.2584476205662765	44.800075598145966	4.549200367286296	7.765060702991739
15.110498653413377	2.244092782856722	47.14483086882246	3.449521419153919	7.765060702991739
14.826836453474908	1.684686566016242	45.548912554769714	4.292486234753608	7.765060702991739
15.757129983102006	0.7811485069784975	54.69649021271869	5.6977708448099715	7.765060702991739
14.60483609968266	0.46808954670804065	46.99043585108096	5.302135898473791	7.765060702991739
15.099500672763437	1.0116669978563124	54.77390212913225	5.4246478382023255	7.765060702991739
14.770144504632539	0.33994174012159334	58.629763602480345	8.872959604652829	7.765060702991739
24.023355626247913	2.2827580721211005	58.63545698763704	5.835017147134564	7.765060702991739
22.23624841373442	2.243880796989648	58.63078926498978	7.489882700270295	7.765060702991739
14.135744157058436	1.1433279093869313	45.735937251863604	5.454442373229755	7.765060702991739
13.933531021480075	1.2333199857533808	45.77371929755674	5.642899436679672	7.765060702991739
12.593850896735635	0.2524777768930093	55.491594405797706	7.993990721928337	7.765060702991739
15.819638158435982	1.4340828706575395	55.09975430516419	6.087079996390905	7.765060702991739
14.710819010016955	0.14082220219674263	47.620533660519136	5.81204282172443	7.765060702991739
13.724843282728997	0.6299251206062839	45.69786624363446	5.53068365386963	7.765060702991739
14.790896334354146	1.2774550146445707	47.60689959268812	5.559279231354783	7.765060702991739
15.199517125570862	1.1125122420984819	47.410121824301555	3.747569022921624	7.765060702991739
15.150333233981183	1.1379377843365004	53.741199773909656	6.238711131073723	7.765060702991739
14.678471305017764	1.3214919971295347	48.06700570388586	5.191302706051507	7.765060702991739
14.850442383153222	1.2807769085108176	47.66830094409746	5.23356427284806	7.765060702991739
14.14208806742608	2.2115791210826643	46.170446972787666	4.757288496482811	7.765060702991739
12.977965595218201	1.1314165957340558	48.06662517981289	7.925929828026129	7.765060702991739
15.426583284604853	1.0095709242077757	55.555289878384386	6.55052216531667	7.765060702991739
13.03891984669276	0.7043763433761213	47.13660000214557	6.902023302164531	7.765060702991739
13.317788724263515	1.4379055752755128	45.917599727318546	5.303595282914515	7.765060702991739
14.50399344911035	0.8189055291543267	53.67528000523003	5.126815318492424	7.765060702991739
17.002658150857556	1.2327560018874435	55.624713664908704	6.84483922682711	7.765060702991739
13.575960511914463	1.657771141800575	45.50354374144951	4.546678249020655	7.765060702991739
14.197341608492014	0.6406378598689821	52.292582430934345	6.580295143403402	7.765060702991739
13.822640816017284	0.8953081217604674	46.705934258971524	4.9340391473718235	7.765060702991739
13.64866450435434	1.159541427923166	44.78314252171467	3.9045304783825876	7.765060702991739
14.702414595644203	0.331761943974696	46.98496108524239	4.736234595887671	7.765060702991739
14.121743022128769	0.48962949545167933	45.778184711886105	4.865738986536732	7.765060702991739
14.735675546283447	1.1022641832878648	52.52651851815601	5.397126129835749	7.765060702991739
15.927797235423625	1.1826036400959425	53.71581022191299	5.792299523512366	7.765060702991739
14.936251942907226	0.8442415691892102	53.05001160853664	5.328967157960305	7.765060702991739
15.491781307902441	0.6555614193901855	52.84136173963579	5.021893271966327	7.765060702991739
16.65433076473491	1.6944429120717706	55.588467031758725	6.4512569722641855	7.765060702991739
13.298541902843402	1.3874136628282965	45.55675886707987	6.306445006548904	7.765060702991739
15.022662336148212	2.0118043062859288	54.357939825093794	8.503348189508102	7.765060702991739
15.767282944340806	1.1386349175144634	54.12693981110929	7.794683102630789	7.765060702991739
17.023613160009578	1.3707142441871887	53.06903133445006	5.8275766730733185	7.765060702991739
16.108711205040684	3.261204308565199	53.737894875404535	5.4730334845529125	7.765060702991739
16.73921927855421	3.1424732683227234	53.42929790698612	5.0566890380678196	7.765060702991739
17.517953105778897	2.217174991929626	53.69202312343741	5.449988797599047	7.765060702991739
15.816579029343753	1.2487594440297576	52.15362459184802	7.4963254379725495	7.765060702991739
16.26497042518444	1.275144749334823	53.76216455437483	5.465868971440073	7.765060702991739
13.626623726114286	0.7860695557823287	46.32298782575723	5.216145949584883	7.765060702991739
16.18390862047979	3.484546448348016	53.72198606979598	5.488813144821909	7.765060702991739
17.75537179584669	1.3680645222764591	52.78626492655874	6.465634181315693	7.765060702991739
18.66699959731585	1.9225088648442121	54.48168542590835	6.815103141067607	7.765060702991739
17.220984814627315	1.304726055844428	54.841748762650134	8.162228634179304	7.765060702991739
18.070367328662368	1.227420173691646	53.689120174503095	5.515757577548622	7.765060702991739
18.143072196948236	2.1288718205301658	54.539652779283095	7.605508712509495	7.765060702991739
17.73931963134721	1.627472863455207	54.41252242443899	7.866044130244691	7.765060702991739
18.73075214868756	2.0539480136812163	54.97956579205273	7.721806953344299	7.765060702991739
17.67554928247442	3.6669329696604955	52.06933538835508	5.976477804385468	7.765060702991739
18.213313799319295	2.748086733248129	53.43943985493254	7.341144530405254	7.765060702991739
15.72898168758822	1.6124347849737637	52.368571277378464	6.3104492470260976	7.765060702991739
18.309061064225126	1.6768606496110616	53.43811601797803	6.258298598686791	7.765060702991739
16.296406256092208	2.1808450281047174	52.49609856094383	8.484116401347162	7.765060702991739
19.40230353768023	1.6172083282656171	55.71573956024232	7.5406918656635185	7.765060702991739
18.111195453229715	2.2849172537933007	53.74345926826718	7.131947781621854	7.765060702991739
18.75496708522151	2.108006338561689	53.85525291318591	7.259736244702881	7.765060702991739
17.27132419943776	1.665963834225986	53.72881254502767	7.875491722745754	7.765060702991739
15.70810765733467	1.3109664850794707	53.54689265494623	6.215861288541982	7.765060702991739
17.62857270314117	2.226372343170189	53.7695923054624	6.149798715874575	7.765060702991739
18.13415502833282	1.0058554971907911	53.733505165050396	6.408486898699914	7.765060702991739
19.49634283009535	4.204496783089644	55.48508173035182	9.051044311535431	7.765060702991739
18.990317722544678	3.2245774399344036	55.54052586404688	8.375128480830496	7.765060702991739
19.490659403862367	1.439451863188619	56.21540465022652	6.526616134524581	7.765060702991739
18.6619253187107	2.495423788615611	54.35115825176525	6.294431193340516	7.765060702991739
18.184501770726094	1.9757659310598803	54.746710348501594	6.501686806866684	7.765060702991739
18.7211372755395	3.3764371763325216	54.7475000434199	5.502531193951501	7.765060702991739
19.885977113161456	2.758719508045722	54.736395489357115	5.971141116250861	7.765060702991739
19.6084077968532	1.192060392066793	53.759558891763106	6.653641305304069	7.765060702991739
16.136091382556362	0.9573902525458886	54.02694635684717	5.464825848490632	7.765060702991739
17.1730112682615	0.9988133201114986	53.99411630326053	5.921846569694184	7.765060702991739
17.523083242145802	5.202893000004771	53.76604746021343	6.354665453683286	7.765060702991739
16.210167022121137	1.268648890538613	55.08954755569682	6.419077631807899	7.765060702991739
16.797175205832957	2.2827457548949113	53.78528144119772	6.214962336866812	7.765060702991739
18.909148869921832	2.634134980073482	54.820706448530046	6.603108389150904	7.765060702991739
15.885226494228986	1.3434739850937558	54.32877667602622	5.939391131691545	7.765060702991739
17.388055283328974	0.9270943308671696	54.49638078273219	6.368140958491749	7.765060702991739
17.224484904881876	1.6667737468534287	54.349488879491176	7.025521908970424	7.765060702991739
18.540781383096	0.9355668439240931	54.3517728660632	6.842498573506385	7.765060702991739
19.76603944680995	2.242590101592963	55.27729377208715	6.175439958014881	7.765060702991739
16.234641269179516	1.7079543189777682	53.99588582391575	7.012234257301789	7.765060702991739
16.99069317812014	2.645304135060007	54.7471566509936	6.384228904316672	7.765060702991739
19.868149153666465	1.3885108705778555	55.58710504517915	6.76046068177394	7.765060702991739
18.232390575079453	1.5537837294978645	54.00101758564313	7.311676874070973	7.765060702991739
16.872486050145824	2.9852296119935016	54.00438174463173	6.3902569508347735	7.765060702991739
20.134393373733978	2.713330102296621	53.989123809694235	6.197324546733985	7.765060702991739
20.7639205428195	3.104747954194801	54.74765005986849	6.215049349788635	7.765060702991739
17.809882579359357	2.0468493924903064	53.9920160373489	6.405317391889769	7.765060702991739
16.22867529974178	1.7012111783079005	54.04286038951862	6.305693478260328	7.765060702991739
16.590125059730823	1.6034339236421253	54.14589468288083	6.902756859848762	7.765060702991739
17.90940392448886	1.9479217794697765	54.462012960959335	7.188674913179932	7.765060702991739
17.694289705391792	2.809295852797845	53.68720772208982	7.0317411509581005	7.765060702991739
18.07451415695296	2.472487455557514	55.683626844506826	6.8866548307645745	7.765060702991739
16.526769317155864	1.998073409772646	54.44504900663831	5.901215523785336	7.765060702991739
19.368421379006158	1.1527590842411801	53.69555367170366	5.953719556852984	7.765060702991739
18.177035732998544	2.2699834244370183	54.45755778737574	6.6275769330166385	7.765060702991739
16.811235919489768	1.4092090598004807	54.12959631844834	6.550364896456626	7.765060702991739
15.310615376651	2.3106407984486257	52.060897110981124	6.183257969677465	7.765060702991739
18.119889968575077	1.2922197082705107	54.152554700430066	6.9185706907340485	7.765060702991739
14.56473849986365	2.699521944965294	54.12822158053577	4.281016510233512	7.765060702991739
14.286882170355417	1.64413747578069	52.1021462223041	4.464496382076245	7.765060702991739
16.18569598822967	1.8071498149113578	54.1403008065942	5.75787099733186	7.765060702991739
16.86877420621873	1.9634539272185207	54.140447697754986	6.44596731707945	7.765060702991739
21.37366846951534	3.023478500577036	55.624713664908704	5.6155497558822285	7.765060702991739
16.52563910697121	2.455978045040125	54.137395118937285	6.601846663767718	7.765060702991739
18.158337512699855	1.9061601017782008	54.4969229499985	6.7781184210020795	7.765060702991739
15.813012645209561	1.6973345419435206	54.481916723042694	5.7954196390578625	7.765060702991739
15.95387832546621	1.3978812594029044	54.490178723513	6.712600635328236	7.765060702991739
17.59122348983671	2.2936965190808283	54.12686335995765	7.217527861275634	7.765060702991739
15.602245248704383	1.5582151338590704	52.84332560883281	6.824996907253821	7.765060702991739
14.239087191253537	1.059359834738594	52.05981824442508	4.833694633427966	7.765060702991739
16.40625435400768	1.4653979388122398	54.492591071801314	6.679447212427287	7.765060702991739
14.987091196729518	1.3453659863269696	54.13912194047571	5.94612016174735	7.765060702991739
18.814278970551452	1.437144295199606	54.73708325504971	7.308531405938929	7.765060702991739
16.21816114303086	1.2546178849071448	54.38871705076083	6.971652097774138	7.765060702991739
14.999340326765756	1.5459398039846655	54.40022266482506	7.336509118301551	7.765060702991739
15.938669104057784	1.6070454494387214	54.49697482689061	7.50396525622706	7.765060702991739
15.245901739250833	1.4382458150384874	53.438358382686076	6.25599421114956	7.765060702991739
14.228635323337604	1.7897643346520145	52.09914807180288	5.923713085497296	7.765060702991739
14.46931744171874	2.6537006991365364	52.84518491747779	7.428102058062146	7.765060702991739
14.77646852181075	2.2780790756701426	53.78119074246613	7.157291713968448	7.765060702991739
15.470794669119016	1.7979388480953509	52.320240411957336	6.565332633975086	7.765060702991739
16.505776489740004	1.4326906371915515	53.69658306070667	6.372301332521323	7.765060702991739
13.619696327296305	1.1486294673108994	52.84771965079753	5.9856925754002805	7.765060702991739
12.866649179510485	1.432995122908759	51.473354225479035	5.964186416268431	7.765060702991739
12.426835161095019	2.0768547462921343	51.88985350252955	4.660777931267442	7.765060702991739
15.259535151549468	1.7530254219853052	51.153688557232854	7.446153721921391	7.765060702991739
13.648338013563567	1.1387460303330807	53.09273933587389	5.5699079683765484	7.765060702991739
12.488416718637664	1.3302338263218019	51.14652406089497	5.729935051425454	7.765060702991739
11.896174389770518	1.4439866070012626	42.838381209459094	2.630424468035561	7.765060702991739
12.441527177026108	2.0542968956087972	50.13694801649142	4.1717531346657015	7.765060702991739
12.530451163046036	2.2818426832876724	51.94733889085345	5.110967358480221	7.765060702991739
11.421720425604917	1.9190632236915577	42.81612941865349	4.1374584248280435	7.765060702991739
11.613836150168591	0.6009400504015969	42.99348178205384	3.9257688367559007	7.765060702991739
11.490904554250356	2.165885036246553	41.62505836602745	3.1903572633341803	7.765060702991739
14.409305058634839	1.753982516997804	53.697013429956556	6.464281359489154	7.765060702991739
11.809756909908318	2.1252474145212537	44.84310489383188	4.8410544781432865	7.765060702991739
12.464786835100869	2.3015332773380273	51.296089920059366	6.239200389473071	7.765060702991739
14.44793200543055	1.5632298162957017	51.94733889085345	8.315700615779418	7.765060702991739
14.552445526298868	2.3566064697526166	51.94733889085345	6.13802742414338	7.765060702991739
13.898513703590245	1.8775982819186807	52.08542495983314	5.522295695633775	7.765060702991739
13.063483967983796	1.8120529944951769	51.94733889085345	4.342291458801911	7.765060702991739
16.14783562998206	2.086718684617405	52.34927750604235	7.411790512424615	7.765060702991739
15.604547524705385	1.5944579398025225	54.392330741723676	7.0312909995360995	7.765060702991739
14.497775234344434	1.31115643372513	54.04951623955062	6.709388442932354	7.765060702991739
17.55321254385264	2.435323767361002	54.045580179991425	7.100377886888839	7.765060702991739
15.21524993854866	1.45111623599184	52.114906847713534	7.254974490469925	7.765060702991739
13.432658106780186	1.5133934916738168	51.635434334198884	5.80279257720311	7.765060702991739
17.51708697893425	1.163410780882881	54.4014639098396	6.742846059978511	7.765060702991739
14.230222143183825	1.9041165559637352	53.07903335676758	5.543421793505646	7.765060702991739
17.018030558221085	1.1828932581855816	52.86543808961097	7.08987307847744	7.765060702991739
18.101224436187596	1.4083713342707451	53.79302790078558	6.203942359293405	7.765060702991739
13.96126416740378	2.0844178437402303	52.48864543255981	5.218690387938639	7.765060702991739
12.827492513549968	1.1340370458275202	53.7988462329211	6.770361016251764	7.765060702991739
14.700732639509477	2.226870377256089	53.42213391368117	5.882229856090577	7.765060702991739
14.83135068799306	1.4502165826031848	53.40243119793212	6.444267281843006	7.765060702991739
16.107614889616737	1.5479987013708991	53.15811693526922	7.142112656646344	7.765060702991739
13.797626225697572	1.6613787475413775	52.50011409155407	5.150198943493838	7.765060702991739
14.650129991037396	0.7975286484259365	51.559311615183546	6.375746059975954	7.765060702991739
17.41248011705166	2.2472178116406907	54.054518194180375	6.837711861863892	7.765060702991739
15.11458815966181	2.0362896740177776	54.78751635627642	6.8633666691131765	7.765060702991739
16.526119584919545	1.7124175052100001	53.097722095575385	6.640647025816252	7.765060702991739
16.414879127460324	1.3810792001152166	52.87349930349046	6.582504970510522	7.765060702991739
15.027689948534322	1.2229195908935642	53.11206236560203	6.452210162802608	7.765060702991739
13.805333951573164	1.3378995017195268	52.05285169981776	5.635665105146738	7.765060702991739
17.747744175070835	1.5876116603244927	53.15467928900956	6.624089593601195	7.765060702991739
12.591189618140074	1.268352729730854	44.85124213685619	4.5712237322385985	7.765060702991739
13.939235685852447	1.5871268123154794	52.85439507945558	5.319651317841354	7.765060702991739
14.609124048246493	1.2740288243743223	51.181364046413385	4.450205359912454	7.765060702991739
13.6276492093049	1.5067794244402886	44.84880141543715	4.306758693029827	7.765060702991739
15.042230943668779	1.6939634295463963	51.19570338203233	4.952946877985288	7.765060702991739
14.175117147449281	1.732519980900652	51.21495173701164	6.964957349156658	7.765060702991739
15.122597313665056	2.249462243785854	51.95399125805155	6.416302732306875	7.765060702991739
14.989155130041475	2.0452811157897512	52.080540153188466	6.550916526012936	7.765060702991739
14.2911775304862	1.8936389847039647	52.09561022164855	5.8389646776761825	7.765060702991739
13.584978324313774	1.6802633741218014	52.929248642400545	4.7377767185596715	7.765060702991739
14.607186098383792	2.3454788554695223	53.829079381330885	7.195088217727049	7.765060702991739
15.046224839732638	2.026900254982645	51.20456813455967	6.357099618335108	7.765060702991739
15.751101468802755	1.396350514528885	53.7463274724768	6.494710573094444	7.765060702991739
17.157271006307518	1.6513237083480825	54.38109948457622	7.2252502048405916	7.765060702991739
15.350161507105367	1.407740087080686	52.874557690542524	6.045996025824264	7.765060702991739
18.43128455425742	1.5358306020363452	53.4422029935211	6.272177794393772	7.765060702991739
13.21094016673309	1.7764427769643039	49.59672155053627	5.121267147405353	7.765060702991739
17.304347284989777	2.14207402237381	52.878478385402666	6.872513044618214	7.765060702991739
13.995996451366102	2.4082422798848757	51.84862147372043	6.488882883544065	7.765060702991739
14.139390837483207	1.7060928724517896	51.77845542469798	6.7363715044006724	7.765060702991739
16.945158953895266	2.2890007939678636	52.15059229979622	6.770767215838887	7.765060702991739
14.833609663791465	2.2596031420725007	53.128739386182055	6.311833591324616	7.765060702991739
15.700012297934867	2.0848509288021337	52.10075885444488	7.0295463257934445	7.765060702991739
17.84143239233125	2.4204743606808217	53.762057782724035	6.998779328045174	7.765060702991739
15.774384638887154	1.6100223398641587	53.48534039375654	6.673459424707241	7.765060702991739
17.18348813431955	1.9852406421029205	53.07584169243196	6.6818771431215325	7.765060702991739
20.1695227919604	2.462812998899543	54.80912729568713	6.891813724379347	7.765060702991739
19.97103509458799	2.983186448346367	54.03435427038554	5.511689508118754	7.765060702991739
18.51282314530652	3.3795309531320292	54.1859909276457	7.036480421868093	7.765060702991739
20.066991822357313	2.1420102151046025	54.55312476772318	6.144468880220025	7.765060702991739
21.408759857452328	5.606372868729644	53.109376130654155	3.7932581715096467	7.765060702991739
16.340814210749613	2.1881457445563686	53.11379464984449	6.0501069536729535	7.765060702991739
19.653693526001497	2.952176711778228	53.45020662438644	6.1125245556538035	7.765060702991739
18.54528780475333	1.9864894075675474	53.142271108360625	8.467526741193122	7.765060702991739
16.772408506043664	2.3658314994547918	53.1399891972125	7.258841919738076	7.765060702991739
17.330690799051354	2.4548931077027816	53.09439326592933	6.6406899746250705	7.765060702991739
18.514661206845297	1.865195538891045	53.414783620191116	6.267278403417973	7.765060702991739
15.210602736898895	2.377158050781473	52.37550053163821	6.652141302834693	7.765060702991739
15.400623379092949	1.9491516004309375	52.87770476444525	5.18695988983937	7.765060702991739
15.13374884887353	2.2504731778849414	53.13747806794406	5.939123845818399	7.765060702991739
16.962021350319187	1.5492475566998916	53.75517887709765	6.670013142383257	7.765060702991739
15.571121507946781	1.390175649601625	53.15431557585598	8.593128411826399	7.765060702991739
19.099055997850826	1.8270301776106281	53.10886031785183	6.429759829905275	7.765060702991739
17.516025869646402	2.590770524912253	54.07097489418674	6.70565531254646	7.765060702991739
17.056799221573055	2.626186542645957	52.14623018069676	6.500418446642195	7.765060702991739
17.532840822447206	2.5796009444613275	53.73498534940037	7.965367478554801	7.765060702991739
20.118764462805736	2.979618949793461	54.76190377208182	6.727938122693051	7.765060702991739
16.832143394525517	1.4681589703130817	54.72579511001965	7.055594178876807	7.765060702991739
16.311239472668582	2.0691496425418836	53.12504805516067	6.436676758908751	7.765060702991739
17.602156206575735	2.6263004806639834	53.08255534776484	6.848330527422607	7.765060702991739
19.07963162700621	1.7286967592553428	53.131037051124835	5.840476638378376	7.765060702991739
17.2745715689553	1.3364308268956264	53.749928509860545	6.897136306533414	7.765060702991739
19.557977001376504	2.03303697444598	52.31893428899639	5.95597867039935	7.765060702991739
18.76714910197357	1.539833225366457	54.74230266604338	7.187830319070683	7.765060702991739
18.668334430159707	3.0512889747135756	54.7404226855753	7.320514365785906	7.765060702991739
15.924386547988043	1.574971129467948	52.34564343725734	7.971352079220146	7.765060702991739
19.385527203931392	1.4027911334745846	54.78941151139868	7.740080817595368	7.765060702991739
19.45152856179999	2.937405812098207	54.749692754409395	6.579401130741685	7.765060702991739
18.963526051022647	1.9342548087212899	54.75315876812087	6.976279137072845	7.765060702991739
20.736447647292092	3.248618007129234	54.06172262960281	5.179833908238835	7.765060702991739
17.75875514420005	1.9214237201180366	53.09619449721088	6.489129241760355	7.765060702991739
20.588715827029482	5.36115628798757	53.15184354997626	5.094199579016329	7.765060702991739
20.1437411292716	2.5354241281763428	53.138475547157256	5.82436224870425	7.765060702991739
18.264432951061885	1.2611360318705234	54.786559950542156	7.14324202657951	7.765060702991739
19.053285744136616	1.6177979421600444	54.70664452137538	6.850095957345152	7.765060702991739
18.60497923746536	1.3855573285488159	53.16708955842107	8.082597922305181	7.765060702991739
19.129328788729815	2.3869028960459033	53.15579325622384	6.825845817662443	7.765060702991739
15.799302848352708	1.1463652674487537	53.81720925313011	5.640878963551988	7.765060702991739
18.78898321100479	2.6887026373450724	54.07257398663753	6.148106966887773	7.765060702991739
18.965226411477754	2.447980758167895	53.80884183231019	6.71341262100834	7.765060702991739
17.976816522205425	1.6426965692928635	54.781116077756	7.411507762423298	7.765060702991739
21.10818850542566	1.7325631507807144	54.429713795372855	4.980446308766152	7.765060702991739
19.23535974560713	2.479508909153221	54.06614453181295	6.218101343225891	7.765060702991739
17.793807978308458	1.94758532362508	53.16232757172824	6.508578785219011	7.765060702991739
18.01061243869975	1.63759055799564	53.15113889025625	6.60350162050065	7.765060702991739
19.51967718090133	2.5274829182122622	54.07511228201625	6.148192379661304	7.765060702991739
18.128516316188094	1.0691279189384089	53.15052600868504	7.038213071712034	7.765060702991739
21.052561231264995	1.7630375569961896	54.74519108709889	5.259095794321323	7.765060702991739
19.904909847895517	1.3664571418274085	54.401446576962336	6.68908164302213	7.765060702991739
20.266310571830214	1.7198284616742967	54.026769798801844	5.72591169556813	7.765060702991739
19.406407518952115	2.3027441755950266	53.72949647127744	6.124381652929189	7.765060702991739
20.985634910339385	3.200028963685277	54.84557293562837	5.502165715977175	7.765060702991739
18.165392130538738	2.0928640808564767	53.157376144223655	6.581462448138657	7.765060702991739
19.435029260629406	2.1000952425226442	54.781116077756	6.6921153964882425	7.765060702991739
