steps	episodes	elapsed	mean	median	stdev	max	min	average_discriminator_loss	average_rewards	average_value	average_entropy	average_value_loss	average_policy_loss
10000	100	143.79368042945862	0.0	0.0	0.0	0.0	0.0	0.034197588809407674	-0.7363248845228018	-20.24135952281952	0.20430852534621954	8.302037925720215	-0.08412670239806175
20000	200	286.20622181892395	0.0	0.0	0.0	0.0	0.0	0.03462627255477202	-0.601676358602559	-17.78161425536126	0.14790333831775934	1.3570691451430321	-0.09083842191845179
30000	300	428.9846634864807	0.0	0.0	0.0	0.0	0.0	0.0353414566279986	-0.5248335739199677	-11.816451715875417	0.11393488461721153	2.89942130446434	1.159255474358797
40000	400	572.5938339233398	0.0	0.0	0.0	0.0	0.0	0.03447587492589194	-0.5515038214791088	-17.998153584498912	0.07916809584799557	0.9821690690517425	-0.042240068912506104
50000	500	715.8165340423584	0.0	0.0	0.0	0.0	0.0	0.034294702251179095	-0.5318525552272032	-18.146766874436288	0.07024001846795727	0.27479891158640385	-0.18600192870944737
60000	600	858.6574575901031	0.0	0.0	0.0	0.0	0.0	0.03385391807517944	-0.560676074332088	-15.775548743784428	0.09963553794226027	1.8277982956171035	0.028141709603369237
70000	700	1000.3705081939697	0.0	0.0	0.0	0.0	0.0	0.03428302705970221	-0.5287885434393372	-14.94885914387554	0.021122903759307518	0.20708678867667912	0.31374588161706923
80000	800	1142.1052100658417	0.0	0.0	0.0	0.0	0.0	0.03417671013176441	-0.5384668238580227	-76.50241248130799	0.562548538081348	35.32499145507813	-1.9495643043518067
90000	900	1282.723862171173	0.0	0.0	0.0	0.0	0.0	0.03388234937714564	-0.5454160969540116	-21.862798488497734	0.03122002174684212	0.30536122266203164	0.025552424676716326
100000	1000	1423.558821439743	0.0	0.0	0.0	0.0	0.0	0.033905470493355724	-0.5397810484121688	-22.733026815161107	0.02538281138739535	0.5096288908645511	0.41004893969744444
110000	1100	1563.7394707202911	0.0	0.0	0.0	0.0	0.0	0.03388283725901658	-0.5411717423277975	-24.99807108747959	0.028414901429867256	0.47848432678729297	-0.10486394792795181
120000	1200	1703.8647940158844	0.0	0.0	0.0	0.0	0.0	0.033801545497336154	-0.5443639919010718	-26.13188946220279	0.015485686445866577	0.43613708309829236	-0.2704054272174835
130000	1300	1844.800437927246	0.0	0.0	0.0	0.0	0.0	0.03373809641599655	-0.5471585673764348	-90.39599825382233	0.5831919551361352	84.08217240333558	-2.6194622713327407
140000	1400	1985.2569830417633	0.0	0.0	0.0	0.0	0.0	0.03336439698189497	-0.559964234650135	-28.211197575762867	0.037898728034734236	0.3677002016827464	-0.15873673739377409
150000	1500	2126.2470183372498	0.0	0.0	0.0	0.0	0.0	0.03312689003162086	-0.5735438595712185	-28.24457719697803	0.031182802280603952	0.8060068679600954	0.40304416476748883
160000	1600	2268.977926969528	0.0	0.0	0.0	0.0	0.0	0.03286440474167466	-0.5844633236080408	-29.810548497453333	0.02631307029778069	0.3330937813967466	0.17371628910303116
170000	1700	2410.224801301956	0.0	0.0	0.0	0.0	0.0	0.032664730908349156	-0.6029495109468699	-30.957222704678774	0.016053556352238024	0.5298794523812831	0.4011712926626205
180000	1800	2551.9501020908356	0.0	0.0	0.0	0.0	0.0	0.032554722417145965	-0.6135609355717897	-31.464116331793367	0.025772802374507606	0.7652716078609229	-0.14935714051127433
190000	1900	2692.6011924743652	0.0	0.0	0.0	0.0	0.0	0.0323488730546087	-0.6280991196632385	-33.08615042296052	0.023265289803453874	0.4486283525824547	-0.012418254315853118
200000	2000	2832.6398561000824	0.0	0.0	0.0	0.0	0.0	0.031802226761355995	-0.6780442334711552	-31.254566264279187	0.05941312713745992	1.0137978821992875	-0.5281639117002487
210000	2100	2973.5768406391144	0.0	0.0	0.0	0.0	0.0	0.0317022128328681	-0.6794602245986462	-31.311947139434515	0.03663703107999052	0.9397439102828503	-0.24602899581193924
220000	2200	3113.74990606308	0.0	0.0	0.0	0.0	0.0	0.03155837267823517	-0.6959408197700977	-34.07983979719877	0.028344824705950615	0.7367843417823314	0.24318049997091293
230000	2300	3254.0580406188965	0.0	0.0	0.0	0.0	0.0	0.031225565878674387	-0.7197122238576412	-34.72686829549074	0.034635668329240685	0.5528823173046112	0.3547710085846484
240000	2400	3396.282600879669	0.0	0.0	0.0	0.0	0.0	0.030966712409630417	-0.7384500358402729	-36.190277778208255	0.02868466657752616	0.7099426937103271	0.28813487783074376
250000	2500	3537.053219795227	0.0	0.0	0.0	0.0	0.0	0.03071310964599252	-0.7582212345004081	-38.683500354602934	0.047022984371236726	0.5283675538003445	0.3736332708597183
260000	2600	3677.5099754333496	0.0	0.0	0.0	0.0	0.0	0.030631804451346396	-0.75800831797719	-37.24479826515913	0.029339532700168074	0.7761196131259203	0.3274368293583393
270000	2700	3818.5199205875397	0.0	0.0	0.0	0.0	0.0	0.030361762085929514	-0.7919267064929009	-34.37312980335951	0.050073660890153346	1.129434185475111	0.28647024035453794
280000	2800	3958.9590191841125	0.0	0.0	0.0	0.0	0.0	0.03021303522400558	-0.806955298691988	-37.81714059343934	0.043099079563868124	0.942581488341093	-0.32557902425527574
290000	2900	4100.050164937973	0.0	0.0	0.0	0.0	0.0	0.030055423423647882	-0.8212721745669842	-39.89281005474925	0.05404463516287981	0.6320155569165945	-0.30918337635695936
300000	3000	4241.104952096939	0.0	0.0	0.0	0.0	0.0	0.030000612134113907	-0.8333246393203735	-35.85435751779377	0.029786919293706266	0.8675147360563278	0.5416751639544963
310000	3100	4382.462580680847	0.0	0.0	0.0	0.0	0.0	0.029832291467115284	-0.8471135936379433	-39.40884959988296	0.03910921701676717	0.6714400480687618	0.36640988945961
320000	3200	4525.076421499252	0.0	0.0	0.0	0.0	0.0	0.029769534410908818	-0.8602473683357239	-40.40207013206184	0.03729584348765349	0.8499999748915434	0.20288922965526582
330000	3300	4666.533764362335	0.0	0.0	0.0	0.0	0.0	0.029806565375998618	-0.8557315193414688	-38.742959773778914	0.025576200140606756	0.7776170102506876	0.5813243448734283
340000	3400	4807.611142396927	0.0	0.0	0.0	0.0	0.0	0.029670494992285967	-0.873035060942173	-42.29860716372728	0.04779553264738367	0.7913579700142145	0.09506106227636338
350000	3500	4950.74662899971	0.0	0.0	0.0	0.0	0.0	0.02964564533904195	-0.8864017106890678	-42.48912522792816	0.02419683886908966	0.5893751156330108	-0.11876828491687774
360000	3600	5095.088625907898	0.0	0.0	0.0	0.0	0.0	0.029599800670519472	-0.8983730325698852	-41.85774169754982	0.020941533568620437	0.6001958238333464	-0.4176392218470573
370000	3700	5239.057793140411	0.0	0.0	0.0	0.0	0.0	0.029636841291561723	-0.9087602838277816	-40.16272209793329	0.029573057602668273	0.7216260225698352	-0.38024558424949645
380000	3800	5382.655378818512	0.0	0.0	0.0	0.0	0.0	0.029989961985498668	-0.9068540226221085	-22.325992602929475	0.01045392581781361	0.5448755168914795	0.7804248493909836
390000	3900	5525.552233457565	0.0	0.0	0.0	0.0	0.0	0.03038905338011682	-0.8796444872021675	-15.173316173002124	0.004922743159041615	0.3893926212191582	-0.25043858274817465
400000	4000	5670.149265766144	0.0	0.0	0.0	0.0	0.0	0.030986186927184464	-0.8353567977249622	-12.193644658729434	0.005482246939107309	0.06268333552405238	0.09918518140912055
410000	4100	5813.53161239624	0.0	0.0	0.0	0.0	0.0	0.03168496216647327	-0.7895575241297483	-5.911073947399855	0.016888669713500552	0.06994010190479458	-0.08026017755270004
420000	4200	5956.644471883774	0.0	0.0	0.0	0.0	0.0	0.03255758308246732	-0.732308939948678	-4.358340913258493	0.018034392520732995	0.04101750933565199	-0.06123341992497444
430000	4300	6099.798293352127	0.0	0.0	0.0	0.0	0.0	0.03300189422816038	-0.7084997200407088	-20.659893137961625	0.07148112407400868	2.2776459136605265	-1.5420482105016708
440000	4400	6241.825754404068	0.0	0.0	0.0	0.0	0.0	0.033529724480584264	-0.666127565715462	-12.0881116681844	0.02903117352566443	0.4550832072366029	-0.36146077886223793
450000	4500	6384.189534664154	0.0	0.0	0.0	0.0	0.0	0.03407334386743605	-0.6223788162507117	-14.498426571384073	0.015363707867818696	0.6244379499182106	-0.05757261037826538
460000	4600	6527.384163618088	0.0	0.0	0.0	0.0	0.0	0.03464047111943364	-0.5774928834326565	-11.593792708426713	0.009102763673043957	0.18681700027547776	0.22826223582029342
470000	4700	6670.9345235824585	0.0	0.0	0.0	0.0	0.0	0.035318093905225396	-0.5236603393517435	-10.812968895718456	0.02301293886511312	0.4200492087006569	0.44574985474348067
480000	4800	6815.8465938568115	0.0	0.0	0.0	0.0	0.0	0.03607584801129997	-0.46994899290427566	-11.418503130689263	0.009001268962450985	0.6951677426695824	0.23921895548701286
490000	4900	6958.739755392075	0.0	0.0	0.0	0.0	0.0	0.036811837859451774	-0.4123039229698479	-9.599455872058869	0.009560136192258803	0.36586641614325344	0.21278392128646373
500000	5000	7102.330160140991	0.0	0.0	0.0	0.0	0.0	0.03752115068398416	-0.357558380831033	-10.051670336425305	0.012325159452878858	0.1473654930666089	-0.24305486602708698
510000	5100	7246.029063463211	0.0	0.0	0.0	0.0	0.0	0.0379844425432384	-0.31085949325561524	-8.428026348978282	0.00916122994422356	0.08366051345597952	-0.22502244681119918
520000	5200	7390.562068939209	0.0	0.0	0.0	0.0	0.0	0.03842029947787523	-0.27703833267837763	-6.075727794453502	0.012870125042143413	0.0373814788646996	0.010499752648174763
530000	5300	7533.265203714371	0.0	0.0	0.0	0.0	0.0	0.038711593165993693	-0.259996307130903	-5.192902667298913	0.01805555246831182	0.06578610921278596	0.0660220255330205
540000	5400	7675.607121706009	0.0	0.0	0.0	0.0	0.0	0.03868168517947197	-0.2514908391293138	-6.690461186155677	0.01989422300142399	0.5221171715110541	0.07325350878760219
550000	5500	7817.61032128334	0.0	0.0	0.0	0.0	0.0	0.03868492731079459	-0.24902692740829663	-4.540600697681308	0.01157531593387698	0.013229287178255618	0.009365023439750075
560000	5600	7959.805885314941	0.0	0.0	0.0	0.0	0.0	0.039182587280869485	-0.20803620053827762	-5.046220141589641	0.014492830277966452	0.2933152785524726	0.05845952495932579
570000	5700	8100.773933172226	0.0	0.0	0.0	0.0	0.0	0.03949785346165299	-0.1877628169520758	-4.533104497760534	0.01258541057600662	0.09037392615806311	0.0980473389942199
580000	5800	8241.78212761879	0.0	0.0	0.0	0.0	0.0	0.039810814399272205	-0.16615832700347527	-3.8523699363768102	0.012720226879026676	0.11550403678789735	-0.1392429518699646
590000	5900	8384.112102270126	0.0	0.0	0.0	0.0	0.0	0.04006486681476235	-0.14725321328721475	-3.5015013086795808	0.012644801305835231	0.03707800683099777	-0.0025740054994821547
600000	6000	8526.616604328156	0.0	0.0	0.0	0.0	0.0	0.04021785562485457	-0.13317326207400765	-3.6085253881812096	0.016356359867913596	0.03493921256042085	0.013148760497570038
610000	6100	8669.768629550934	0.0	0.0	0.0	0.0	0.0	0.04028812040761113	-0.11983222402317915	-4.465148668989539	0.016019102940209345	0.14338194236159324	0.046588904410600665
620000	6200	8813.124572515488	0.0	0.0	0.0	0.0	0.0	0.040473219472914934	-0.10944969051977387	-3.9144031944721935	0.016281364025527652	0.0988298850459978	-0.0016710162907838822
630000	6300	8955.764700174332	0.0	0.0	0.0	0.0	0.0	0.04047315335646272	-0.09889156200777506	-3.500633359402418	0.014484569571360396	0.019319591598468834	0.03472638517618179
640000	6400	9099.335922718048	0.0	0.0	0.0	0.0	0.0	0.04044564806297422	-0.09119386065233266	-3.831887962281704	0.012166374245471954	0.05844697824679315	0.13224048961885274
650000	6500	9240.859243392944	0.0	0.0	0.0	0.0	0.0	0.0404360066652298	-0.08634570837108185	-3.6829065197855235	0.011277132401649915	0.026095554498024285	-0.022837487570941447
660000	6600	9382.005974531174	0.0	0.0	0.0	0.0	0.0	0.04045879363641143	-0.08391357447166228	-3.3611688299924136	0.011455882170557269	0.02247279868926853	0.010190301537513734
670000	6700	9523.502017498016	0.0	0.0	0.0	0.0	0.0	0.040524655371904375	-0.08013308134436374	-4.332908183470368	0.01617255914453065	0.8672708420455456	0.00868126928806305
680000	6800	9664.882071018219	0.0	0.0	0.0	0.0	0.0	0.04050805924460292	-0.07760498988715699	-3.252112752214074	0.012475705820310608	0.01925061659421772	0.037422000356018545
690000	6900	9806.888900279999	0.0	0.0	0.0	0.0	0.0	0.04049088060110807	-0.07627018606179627	-3.7136009015142917	0.013578481828958483	0.19683656742796302	0.13638658106327056
700000	7000	9949.380454778671	0.0	0.0	0.0	0.0	0.0	0.040488384284079075	-0.07431375311588635	-3.7195570341944695	0.015385223401118185	0.11499643501825631	-0.0026258599758148195
710000	7100	10091.706763029099	0.0	0.0	0.0	0.0	0.0	0.040485694527626036	-0.07361143261234974	-4.164776261851191	0.017799847873838044	0.18234942572191357	-0.011605403665453196
720000	7200	10235.462802886963	0.0	0.0	0.0	0.0	0.0	0.040483484789729116	-0.07239619729394325	-3.152630463793874	0.016663917628629493	0.05543671124964021	-0.008208636455237865
730000	7300	10376.678944826126	0.0	0.0	0.0	0.0	0.0	0.040470827851444485	-0.0730511537171551	-4.683680826738477	0.010813728628147752	0.1719288379698992	-0.10530163392424584
740000	7400	10518.440117359161	0.0	0.0	0.0	0.0	0.0	0.04046884366869927	-0.07188214232056635	-3.6668438730686903	0.009429872899126036	0.06891100543783978	0.132531897444278
750000	7500	10660.704744577408	0.0	0.0	0.0	0.0	0.0	0.04046692707762122	-0.07152961746649816	-3.8524827939122916	0.016997401288325713	0.07945176123641431	-0.25169171154499054
760000	7600	10802.420732021332	0.0	0.0	0.0	0.0	0.0	0.04046366334334016	-0.07135035975836218	-4.09211758248508	0.018629970937688253	0.20500371845439078	-0.20914879232645034
770000	7700	10945.065827846527	0.0	0.0	0.0	0.0	0.0	0.04045491088926792	-0.07172233492461964	-4.453198676198721	0.013387152290083668	0.15492475033272057	0.05328560531139374
780000	7800	11087.713689565659	0.0	0.0	0.0	0.0	0.0	0.04044799984246492	-0.07226764775533229	-4.992951858147979	0.01760554627427183	0.5736055298522115	0.10702429636381566
790000	7900	11229.677016735077	0.0	0.0	0.0	0.0	0.0	0.04044285839796066	-0.07245436073315796	-4.306340153962374	0.017175794606278372	0.12578444090671836	-0.07810071267187596
800000	8000	11372.951471805573	0.0	0.0	0.0	0.0	0.0	0.040438477780669925	-0.07308110479987226	-4.165762715131044	0.017863165087595723	0.16702524143271147	0.0014860350638628006
810000	8100	11514.732746124268	0.0	0.0	0.0	0.0	0.0	0.04043709691241384	-0.0745617024351377	-4.138359530836344	0.020772937440602674	0.25345057661645115	0.022475498393177987
820000	8200	11656.677977085114	0.0	0.0	0.0	0.0	0.0	0.04044043365493417	-0.07447693314088974	-3.3865831146389245	0.018747435629247078	0.16859379378613085	0.2405736393481493
830000	8300	11799.531792163849	0.0	0.0	0.0	0.0	0.0	0.040430608995258806	-0.0752530149742961	-4.108971888303757	0.018437549651892204	0.1282124987989664	-0.21569429032504558
840000	8400	11941.826263666153	0.0	0.0	0.0	0.0	0.0	0.040425451904535295	-0.07544616195559502	-3.495588782399893	0.014028685521758441	0.13978430798277258	-0.03230620011687279
850000	8500	12085.596582174301	0.0	0.0	0.0	0.0	0.0	0.0404146546497941	-0.07534866803046315	-3.3659542326629164	0.016196701406639865	0.1576088725309819	0.22168492630124093
860000	8600	12229.732211112976	0.0	0.0	0.0	0.0	0.0	0.04042097357660532	-0.07423297847947105	-3.874160485565662	0.014774995758960166	0.16903403181582688	-0.1734918089956045
870000	8700	12372.896773338318	0.0	0.0	0.0	0.0	0.0	0.04042272374033928	-0.07465569421311374	-3.62462915122509	0.014825866130356285	0.03964651615358889	-0.05362413151189685
880000	8800	12517.62672162056	0.0	0.0	0.0	0.0	0.0	0.04042688613012433	-0.07406850935693364	-3.419653792470694	0.014791106019440132	0.04760598671622574	-0.07601183153688908
890000	8900	12660.991674661636	0.0	0.0	0.0	0.0	0.0	0.04042333044111729	-0.073184995098738	-3.5693916328549387	0.015309783020616355	0.05149505031295121	-0.12048329326789826
900000	9000	12804.341214895248	0.0	0.0	0.0	0.0	0.0	0.04042153946310282	-0.07254708693979774	-3.603974616765976	0.01179070100594046	0.06136711525730789	-0.10385266818106174
910000	9100	12948.679185152054	0.0	0.0	0.0	0.0	0.0	0.04042149008065462	-0.07101266110420693	-3.5706463099867105	0.016517846291656448	0.2578572219540365	0.058277200972661376
920000	9200	13092.46287369728	0.0	0.0	0.0	0.0	0.0	0.040421006955206396	-0.06974130562448408	-3.1168684312105177	0.014911909096989173	0.012412474090233445	-0.030378290424123405
930000	9300	13236.475875139236	0.0	0.0	0.0	0.0	0.0	0.040465848729014396	-0.06844341070496011	-2.988109445005655	0.014850388241097658	0.18246466517448426	0.1520742346253246
940000	9400	13379.840471506119	0.0	0.0	0.0	0.0	0.0	0.040464766792953015	-0.06758538056886755	-3.3603941402435304	0.016099774175877664	0.2252419843059033	-0.01286488503217697
950000	9500	13522.240561246872	0.0	0.0	0.0	0.0	0.0	0.04046901424974203	-0.06720441546011716	-3.0331534360051156	0.018969186271231286	0.023555716593982652	-0.04713570344611071
960000	9600	13666.229183673859	0.0	0.0	0.0	0.0	0.0	0.040475101243704556	-0.06641610394697636	-3.411463373601437	0.019014907054691065	0.19481003649067133	-0.06960649948567152
970000	9700	13809.136688709259	0.0	0.0	0.0	0.0	0.0	0.0404774384200573	-0.06608477029902861	-3.6738945738375186	0.02232237548575338	1.0024959125090391	0.3189140874519944
980000	9800	13953.26565361023	0.0	0.0	0.0	0.0	0.0	0.04048168786242604	-0.06537594313267618	-2.9805867956280707	0.01937821018864041	0.007508780115749687	-0.02677399778913241
990000	9900	14097.043229341507	0.0	0.0	0.0	0.0	0.0	0.040480751983821395	-0.06484995893621817	-3.2652862283587454	0.020022989079465283	0.21328865244053305	-0.3066730176191777
1000000	10000	14241.179380655289	0.0	0.0	0.0	0.0	0.0	0.04047355455905199	-0.06381477727578022	-3.165797928601503	0.020079011246776263	0.06614742580801249	-0.1687900601141155
