steps	episodes	elapsed	mean	median	stdev	max	min	average_value	average_entropy	average_value_loss	average_policy_loss
10000	100	87.27670383453369	0.0	0.0	0.0	0.0	0.0	11.221645644215867	0.03249558128775971	0.009776302707614377	-0.030328950067050754
20000	200	173.0426528453827	0.0	0.0	0.0	0.0	0.0	-3.8585466780364515	0.6013813158124686	4.2499004900455475	0.41365581832826137
30000	300	259.02093720436096	0.0	0.0	0.0	0.0	0.0	14.094816884386352	0.01300796950142592	0.012961046437267214	-0.03251540661323816
40000	400	344.47807097435	0.0	0.0	0.0	0.0	0.0	27.76131817379594	0.09438927800654347	0.3570344717800617	-0.07448568254709244
50000	500	429.5615074634552	0.0	0.0	0.0	0.0	0.0	17.54952221426368	0.035652484464725145	0.216210747808218	-0.35479493537917733
60000	600	514.883727312088	0.0	0.0	0.0	0.0	0.0	17.403519110657275	0.348927943918364	12.239231038093568	4.259036301374436
70000	700	600.0529181957245	0.0	0.0	0.0	0.0	0.0	23.16011027854681	0.0242426246617612	0.19042358599603176	-0.4624306735396385
80000	800	685.8450400829315	0.0	0.0	0.0	0.0	0.0	-49.21237988722324	0.5915360377915203	46.78256845474243	1.711327722221613
90000	900	771.2365307807922	0.0	0.0	0.0	0.0	0.0	28.440809642858802	0.034959103856446065	0.35156132336705925	-0.2590642861276865
100000	1000	857.119414806366	0.0	0.0	0.0	0.0	0.0	-22.680178773999213	0.14103825806608847	9.743161115646362	-3.566694531440735
110000	1100	943.112833738327	0.0	0.0	0.0	0.0	0.0	29.127041713237762	0.034181649332770576	0.5859777672588825	-0.7775216022133827
120000	1200	1028.730845451355	0.0	0.0	0.0	0.0	0.0	10.800481405214407	0.050424402761908495	1.14878302693367	-0.6066575087234378
130000	1300	1114.4830598831177	0.0	0.0	0.0	0.0	0.0	26.20668107987568	0.013447403494001281	0.6044164696335792	-0.30759873509407043
140000	1400	1200.6620247364044	0.0	0.0	0.0	0.0	0.0	29.100499373793603	0.01988660006280864	0.006017703859542962	0.06233051890507341
150000	1500	1286.702434539795	0.0	0.0	0.0	0.0	0.0	30.9353905544281	0.003945567008768009	0.1131578393909149	-0.022721089906990528
160000	1600	1373.2390449047089	0.0	0.0	0.0	0.0	0.0	-16.123943087842317	0.06883390317883095	1.7461679762601852	0.08410469356924295
170000	1700	1459.5202662944794	0.0	0.0	0.0	0.0	0.0	18.42856220769882	0.018016750657816487	0.11369980211835355	-0.2605408871173859
180000	1800	1545.901225566864	0.0	0.0	0.0	0.0	0.0	20.87608056176454	0.01589768374123241	0.16193977949209512	-0.10099415452219546
190000	1900	1632.4373655319214	0.0	0.0	0.0	0.0	0.0	27.71263339602947	0.0031410180064175394	0.0013972548927995375	-0.005957210551714525
200000	2000	1719.1487033367157	0.0	0.0	0.0	0.0	0.0	30.930778879612685	0.0037904360721503425	0.0021360166542581283	0.05067692411132157
210000	2100	1805.5429482460022	0.0	0.0	0.0	0.0	0.0	24.560217388540508	0.007055797295313383	0.30408322129398585	0.19983673413284123
220000	2200	1892.029470205307	0.0	0.0	0.0	0.0	0.0	22.21638098177314	0.002875489900454795	0.002056050590472296	0.021741533330641688
230000	2300	1978.5351502895355	0.0	0.0	0.0	0.0	0.0	20.15111884406954	0.0029260075575975658	0.01696920084010344	0.0398612602846697
240000	2400	2065.8788068294525	0.0	0.0	0.0	0.0	0.0	16.09285791304335	0.009878527780717728	0.2613571809977293	-0.31109539546072484
250000	2500	2152.5625014305115	0.0	0.0	0.0	0.0	0.0	-43.17669642347097	0.07511910082660472	10.489843287467956	-2.925401781797409
260000	2600	2239.3515684604645	0.0	0.0	0.0	0.0	0.0	16.477967978179453	0.017985043738699785	0.4039133806526661	-0.09265438303351402
270000	2700	2325.8105685710907	0.0	0.0	0.0	0.0	0.0	25.35305927628279	0.015141944484691562	0.055121624573366716	-0.05088086354197003
280000	2800	2411.64320230484	0.0	0.0	0.0	0.0	0.0	32.656335439287126	0.008087132436263333	0.01383153717382811	-0.07426354355178773
290000	2900	2498.1405839920044	0.0	0.0	0.0	0.0	0.0	39.43586136099696	0.01460705577981403	0.6316698657348752	-0.16884536772966385
300000	3000	2584.374269962311	0.0	0.0	0.0	0.0	0.0	45.66374105322361	0.003734189825583198	0.002248649975517765	0.016625413802685216
310000	3100	2670.4655611515045	0.0	0.0	0.0	0.0	0.0	45.572641768097874	0.0016556963906547689	0.0026117840863298623	0.04854214151389897
320000	3200	2757.061624288559	0.0	0.0	0.0	0.0	0.0	50.910015843153	0.011646373413534656	0.15210579700331436	-0.3820844500977546
330000	3300	2842.8186790943146	0.0	0.0	0.0	0.0	0.0	33.61943370166421	0.006838966121623613	0.011176098682917655	-0.04297414354630746
340000	3400	2928.445225954056	0.0	0.0	0.0	0.0	0.0	43.48816589957476	0.0030826385021186626	0.025602489840239287	-0.22207876443862914
350000	3500	3013.7303326129913	0.0	0.0	0.0	0.0	0.0	48.24605576843023	0.003839361512273676	0.0013689398032147436	-0.02069935702602379
360000	3600	3099.004737854004	0.0	0.0	0.0	0.0	0.0	51.79943340438604	0.007295127623297475	0.1806755745864939	0.19044964853674173
370000	3700	3184.3470072746277	0.0	0.0	0.0	0.0	0.0	50.845478821754455	0.007909561024308651	0.04263930765562691	-0.0950824345741421
380000	3800	3269.6765756607056	0.0	0.0	0.0	0.0	0.0	52.07476202636957	0.010956087188517493	0.0017346594845002983	0.019019114766269923
390000	3900	3355.2107474803925	0.0	0.0	0.0	0.0	0.0	51.16660413312912	0.0069220190770017355	0.004535948494449258	-0.06885434528812766
400000	4000	3441.2403547763824	0.0	0.0	0.0	0.0	0.0	51.27957580763102	0.0036717043397758785	0.0008677848349907436	-0.007358655784628354
410000	4100	3526.4272813796997	0.0	0.0	0.0	0.0	0.0	51.45109569376707	0.007588839899068309	0.0009608719304378611	0.0013077487028203905
420000	4200	3611.5150697231293	0.0	0.0	0.0	0.0	0.0	51.800114530146125	0.007484604152921072	0.001067800499004079	0.012908577438211069
430000	4300	3697.1564972400665	0.0	0.0	0.0	0.0	0.0	50.62266667164862	0.0035709969613768743	0.20125797853892435	0.12925904647796416
440000	4400	3782.768104314804	0.0	0.0	0.0	0.0	0.0	-85.83985818290711	0.34512246982702377	55.62442193984985	-7.885954594612121
450000	4500	3868.0526597499847	0.0	0.0	0.0	0.0	0.0	40.14358082219958	0.011784999811948296	1.0710235955566167	-0.7802686199545861
460000	4600	3953.5699605941772	0.0	0.0	0.0	0.0	0.0	49.15076881673932	0.004689520190962157	0.0021929868010920474	-0.03185489458730444
470000	4700	4039.288399219513	0.0	0.0	0.0	0.0	0.0	51.064639624893665	0.004304743911564223	0.0008907004117645556	-0.006039851201931015
480000	4800	4125.743446111679	0.0	0.0	0.0	0.0	0.0	51.122260871559384	0.00344164659119712	0.0013631946661917028	-0.0293144278973341
490000	4900	4211.200523376465	0.0	0.0	0.0	0.0	0.0	51.48285645272583	0.009280034846029538	0.055392556788865475	-0.0931731605855748
500000	5000	4297.291409254074	0.0	0.0	0.0	0.0	0.0	51.332881002664564	0.002713872357077186	0.06566023996580043	0.07158564212033525
510000	5100	4383.120311021805	0.0	0.0	0.0	0.0	0.0	51.4222023576498	0.01388997428503155	0.0010620692785596475	0.011681967203039677
520000	5200	4468.418659925461	0.0	0.0	0.0	0.0	0.0	51.452391753137114	0.009430394504726365	0.01904484824917745	0.011927571807755158
530000	5300	4553.445399284363	0.0	0.0	0.0	0.0	0.0	-40.766541523426774	0.24269460141751836	46.31362646102905	-7.0881567525863645
540000	5400	4638.7339997291565	0.0	0.0	0.0	0.0	0.0	48.62067854821682	0.016119979126905493	1.8113438313454389	-0.6779186188802123
550000	5500	4724.079194307327	0.0	0.0	0.0	0.0	0.0	51.490573562681675	0.008885058529799266	1.371202577650547	0.43000609673559664
560000	5600	4810.119660139084	0.0	0.0	0.0	0.0	0.0	52.617017833381894	0.0046896456412868015	0.0010402407241053878	-0.022018139604479074
570000	5700	4896.401552915573	0.0	0.0	0.0	0.0	0.0	52.86427528535947	0.0071588550882615894	0.11367848510999465	0.060264024122152475
580000	5800	4982.930697441101	0.0	0.0	0.0	0.0	0.0	52.769342503108085	0.0070234803088997065	0.0027589723223354666	-0.021420374549925326
590000	5900	5069.382627248764	0.0	0.0	0.0	0.0	0.0	28.408357788428663	0.015691479773248376	0.550076638162136	-0.6311561492644251
600000	6000	5155.586658716202	0.0	0.0	0.0	0.0	0.0	46.12828161416575	0.009049190551619176	0.005565910475561395	-0.07029568206518888
610000	6100	5241.727431058884	0.0	0.0	0.0	0.0	0.0	53.37945437850803	0.0059502024010105285	0.0016883745684754103	-0.020959706539288164
620000	6200	5327.758053302765	0.0	0.0	0.0	0.0	0.0	52.774619476765395	0.006723673502662166	0.42731953248381616	0.03629998349584639
630000	6300	5413.367787599564	0.0	0.0	0.0	0.0	0.0	52.93036128164455	0.0031876256791377386	0.0010323172619973774	-0.019247431488474832
640000	6400	5500.09193277359	0.0	0.0	0.0	0.0	0.0	53.23009630246833	0.004307709673004553	0.001081126368517289	-0.006545802788459696
650000	6500	5586.011461257935	0.0	0.0	0.0	0.0	0.0	52.31620319994167	0.011964333901257618	0.0052663317680708135	-0.03945095534436405
660000	6600	5672.136595010757	0.0	0.0	0.0	0.0	0.0	52.88912792702019	0.004137805555361474	0.0009433809519396164	-0.006861505303531885
670000	6700	5758.368628740311	0.0	0.0	0.0	0.0	0.0	52.71111278004944	0.007686914721139516	0.0012382961364346557	0.01201624603709206
680000	6800	5844.660147428513	0.0	0.0	0.0	0.0	0.0	52.51951348875463	0.00588509641745469	0.0007286966293759178	-0.008828345901565626
690000	6900	5931.038045167923	0.0	0.0	0.0	0.0	0.0	52.97313812884316	0.010166270506584687	0.005081731061800383	0.04411835995037108
700000	7000	6017.500300645828	0.0	0.0	0.0	0.0	0.0	52.26599355699122	0.007354752400189298	0.002461077186599141	-0.01996084025246091
710000	7100	6103.774474859238	0.0	0.0	0.0	0.0	0.0	51.758167110562326	0.008423324109690775	0.0015861935836437623	-0.02497387850366067
720000	7200	6190.312916755676	0.0	0.0	0.0	0.0	0.0	51.30543631966785	0.014746837334056885	0.22806676960550248	0.11198700737208128
730000	7300	6276.252139568329	0.0	0.0	0.0	0.0	0.0	51.56808593143523	0.00575938641195248	0.025878607796184953	0.07357985591283069
740000	7400	6361.779082298279	0.0	0.0	0.0	0.0	0.0	51.12726813791692	0.008987789014310183	0.0012087759221321903	-0.010349426666507497
750000	7500	6447.407565355301	0.0	0.0	0.0	0.0	0.0	50.644673168867826	0.010099417636778858	0.0021684018964879216	-0.011491703679785132
760000	7600	6532.571107149124	0.0	0.0	0.0	0.0	0.0	50.54618061229586	0.009736131538842603	0.0008393669828365091	-0.0171596331812907
770000	7700	6617.8149766922	0.0	0.0	0.0	0.0	0.0	50.54647313848138	0.013961094033845952	0.0011180421782773918	-0.015073968222131952
780000	7800	6702.772491693497	0.0	0.0	0.0	0.0	0.0	50.3086557212472	0.009795185878024028	0.044011206381837836	0.02955267298500985
790000	7900	6787.645568370819	0.0	0.0	0.0	0.0	0.0	49.98526374462247	0.014059170366223457	0.003133007354917936	-0.014832200554665179
800000	8000	6873.285903453827	0.0	0.0	0.0	0.0	0.0	49.80481732776761	0.013402951011341037	0.10987177015980705	0.04147303353995085
810000	8100	6958.065852880478	0.0	0.0	0.0	0.0	0.0	48.342114355012775	0.01602374445272473	0.04781125154811889	-0.23865033883601428
820000	8200	7042.955997943878	0.0	0.0	0.0	0.0	0.0	48.769044272184374	0.0063698748037056595	0.0013848731367033906	-0.029903766391798856
830000	8300	7127.715047359467	0.0	0.0	0.0	0.0	0.0	48.99710612359643	0.009313119161928259	0.003996729856007733	0.012520898301154375
840000	8400	7212.241808652878	0.0	0.0	0.0	0.0	0.0	48.91573702800274	0.014599603827145511	0.0015498613571980969	-0.0017833430634345859
850000	8500	7296.712950468063	0.0	0.0	0.0	0.0	0.0	48.38896632932872	0.01273843691264535	0.009996731037972495	-0.08724033136852086
860000	8600	7381.2211174964905	0.0	0.0	0.0	0.0	0.0	48.17682246083021	0.017164060811138332	0.12182295344420709	0.006810560207813978
870000	8700	7465.588522911072	0.0	0.0	0.0	0.0	0.0	47.353414944380525	0.012931556860506774	0.021778608390595765	-0.11059686115011573
880000	8800	7550.776985168457	0.0	0.0	0.0	0.0	0.0	48.217341307282446	0.01530197482747112	0.0011458479313296267	-0.0026539684203453363
890000	8900	7635.369222164154	0.0	0.0	0.0	0.0	0.0	47.64338536453619	0.01596886437387605	0.09683034088520799	0.07750754121458157
900000	9000	7720.335509300232	0.0	0.0	0.0	0.0	0.0	47.61546447021887	0.017753964433273588	0.057622025215532634	0.0695130180567503
910000	9100	7805.575767040253	0.0	0.0	0.0	0.0	0.0	46.894227969065305	0.012990585963383964	0.08106919955927878	0.0020393272303044795
920000	9200	7890.480877161026	0.0	0.0	0.0	0.0	0.0	47.24313425222784	0.011185239003507054	0.002566342629143037	-0.025566739963833244
930000	9300	7976.088500499725	0.0	0.0	0.0	0.0	0.0	46.8448407371603	0.014198463037052852	0.29961310619313736	0.1390866831270978
940000	9400	8062.214734792709	0.0	0.0	0.0	0.0	0.0	47.06701644153148	0.015115737853869103	0.08858345172484405	0.057614343725144866
950000	9500	8148.547256231308	0.0	0.0	0.0	0.0	0.0	45.55631707117706	0.014200141117903166	0.05589647154789418	0.12244393742643296
960000	9600	8235.759272813797	0.0	0.0	0.0	0.0	0.0	46.49123809984699	0.011811018791727823	0.0012739401671569795	-0.00898187277955003
970000	9700	8322.16161108017	0.0	0.0	0.0	0.0	0.0	46.499442038118836	0.010780243603730078	0.0008938864638912492	-0.003540058296639472
980000	9800	8408.076792001724	0.0	0.0	0.0	0.0	0.0	46.52098059803993	0.011240730808424495	0.0013005073205567897	0.008743250633124262
990000	9900	8493.344019651413	0.0	0.0	0.0	0.0	0.0	45.538298281401396	0.013991312462869193	0.005057298701722175	-0.057674080007709565
1000000	10000	8577.68950343132	0.0	0.0	0.0	0.0	0.0	46.26919098603725	0.013853748289726329	0.010295642106793821	-0.06931554457172752
