steps	episodes	elapsed	mean	median	stdev	max	min	average_value	average_entropy	average_value_loss	average_policy_loss
10220	28	115.02536058425903	0.0	0.0	0.0	0.0	0.0	4.169064582824707	0.13424160288181156	0.3632023971155286	-0.0907803138718009
20075	55	204.55786871910095	0.0	0.0	0.0	0.0	0.0	25.489602585554124	0.038254070108805535	35.07860692381859	0.4013904441893101
30295	83	297.03697967529297	0.0	0.0	0.0	0.0	0.0	35.6465407679081	0.015920385050552797	3.589380455533974	-1.619634004496038
40150	110	386.5524699687958	0.0	0.0	0.0	0.0	0.0	0.2882575071454048	0.38218324740137904	31.64546378493309	-0.9796078884601593
50005	137	476.3559801578522	0.0	0.0	0.0	0.0	0.0	46.2808330488205	0.09623677604441763	6.7752047926187515	-2.152928395271301
60225	165	569.1562552452087	0.0	0.0	0.0	0.0	0.0	14.224208032131195	0.16552076005609706	7.290213884115219	-2.675563543140888
70080	192	658.8702890872955	0.0	0.0	0.0	0.0	0.0	43.31146091556549	0.13747887860972263	118.52036709308624	-0.012007770501077175
80300	220	751.7671089172363	0.0	0.0	0.0	0.0	0.0	27.523426963210106	0.12734356795014354	1.8411967727541922	-0.19957837533205747
90155	247	841.6277449131012	0.0	0.0	0.0	0.0	0.0	41.52942977333069	0.11532150216162146	108.15373488783837	-1.542614493370056
100010	274	931.245242357254	0.0	0.0	0.0	0.0	0.0	83.40433682250976	0.05345246507827167	22.5390267431736	-3.564823671579361
110230	302	1024.0663697719574	0.0	0.0	0.0	0.0	0.0	44.723237277984616	0.06006678092268825	10.53870909780264	-0.06007226645946503
120085	329	1113.5535893440247	0.0	0.0	0.0	0.0	0.0	71.94131682777405	0.02735662142770532	19.074432003498078	-2.896630066484213
130305	357	1206.1821246147156	0.0	0.0	0.0	0.0	0.0	36.80434402745962	0.11562441284595541	10.15750500202179	-1.769048991203308
140160	384	1295.1504216194153	0.0	0.0	0.0	0.0	0.0	85.93509970092774	0.004965932196359944	189.25859424233437	-0.4243221616744995
150015	411	1384.1431410312653	0.0	0.0	0.0	0.0	0.0	-9.094489871025086	0.40771196140209215	142.14737113952637	0.9824509012699127
160235	439	1476.607631444931	0.0	0.0	0.0	0.0	0.0	62.77381139564514	0.14021183786011535	195.43546669363977	-1.051214189529419
170090	466	1566.4424476623535	0.0	0.0	0.0	0.0	0.0	40.00315811061859	0.14585392060961022	101.10792042136192	-2.134029138684273
180310	494	1659.3482687473297	0.0	0.0	0.0	0.0	0.0	13.750845341935754	0.27492857767874374	17.787250208854676	-2.515770401209593
190165	521	1749.0526666641235	0.0	0.0	0.0	0.0	0.0	101.25767352676391	0.11038347071228054	30.176068232059478	-2.4245949862897396
200020	548	1838.3393425941467	0.0	0.0	0.0	0.0	0.0	35.8836069624424	0.3200221230830066	95.26129223823547	2.007632005214691
210240	576	1930.9967210292816	0.0	0.0	0.0	0.0	0.0	129.4399161300659	0.15565299699657226	247.25072209835054	-2.129311056137085
220095	603	2020.4049065113068	0.0	0.0	0.0	0.0	0.0	67.73909767150879	0.12320018496242119	23.03919528722763	-3.4945466221123933
230315	631	2113.230315685272	0.0	0.0	0.0	0.0	0.0	72.37255098724366	0.10324456885414839	192.59656265974044	-2.4279167008399964
240170	658	2202.885854244232	0.0	0.0	0.0	0.0	0.0	50.223215711593625	0.12669929829849713	145.48038968801498	-1.5534810581803322
250025	685	2292.6602218151093	0.0	0.0	0.0	0.0	0.0	64.39300050926208	0.08509171159773564	36.83853272438049	-4.720401179790497
260245	713	2385.152625322342	0.0	0.0	0.0	0.0	0.0	101.64286219024657	0.048572484714370756	197.8466037774086	-2.7418236923217774
270100	740	2474.751093864441	0.0	0.0	0.0	0.0	0.0	119.344665184021	0.012484278729688896	188.50762271642685	-2.1553791666030886
280320	768	2567.4863669872284	0.0	0.0	0.0	0.0	0.0	107.32202500152587	0.01205674780961683	269.18923518657687	0.17039016723632813
290175	795	2656.4867753982544	0.0	0.0	0.0	0.0	0.0	29.70606401503086	0.13988969557279007	124.93529398798943	2.332975678443909
300030	822	2745.617001771927	0.0	0.0	0.0	0.0	0.0	43.40353051280975	0.0693961571017054	111.53257010698319	0.27097396790981293
310250	850	2837.8376541137695	0.0	0.0	0.0	0.0	0.0	81.87579263687134	0.0076605423500663294	147.44782464265825	-1.8789046481251717
320105	877	2926.828864812851	0.0	0.0	0.0	0.0	0.0	70.47139779663085	0.013709971669737928	121.43879257678985	-0.7266830226778984
330325	905	3019.0800836086273	0.0	0.0	0.0	0.0	0.0	59.5289968123436	0.11881620400156401	153.89033190965654	10.985589587688446
340180	932	3108.090596437454	0.0	0.0	0.0	0.0	0.0	57.706618048667906	0.04709251011444054	18.499372237324714	-3.687884957194328
350035	959	3197.177850008011	0.0	0.0	0.0	0.0	0.0	30.521819722175596	0.23604553175441106	19.73095388174057	0.8257994623482228
360255	987	3288.897602081299	0.0	0.0	0.0	0.0	0.0	41.94049636298418	0.10850767324943536	98.7862844967842	-0.7667491682618857
370110	1014	3377.926174402237	0.0	0.0	0.0	0.0	0.0	41.39604341316223	0.13574703670967575	28.69885899543762	-1.9089977753162384
380330	1042	3469.9230983257294	0.0	0.0	0.0	0.0	0.0	81.3307182483673	0.05976962491831632	166.51677330970765	-1.2714709889888764
390185	1069	3559.4578387737274	0.0	0.0	0.0	0.0	0.0	22.22704944705963	0.12598094073316315	12.257689489722251	-2.1793619087338447
400040	1096	3648.957047224045	0.0	0.0	0.0	0.0	0.0	-14.852725898742676	0.12718567018461938	91.58886182069779	0.0760632687807083
410260	1124	3741.627824783325	0.0	0.0	0.0	0.0	0.0	68.01654966545105	0.02904205676664052	51.973885263502595	-4.520094882249833
420115	1151	3830.858826160431	0.0	0.0	0.0	0.0	0.0	32.94693209838867	0.10987040739066446	18.5245461165905	-0.41941867291927337
430335	1179	3922.774715900421	0.0	0.0	0.0	0.0	0.0	81.36529529571533	0.0022534880817194013	168.12698515534402	-0.6330065679550171
440190	1206	4012.376150369644	0.0	0.0	0.0	0.0	0.0	93.17956058883667	0.04798794477672504	238.4933940887451	-0.5448430597782135
450045	1233	4102.030849933624	0.0	0.0	0.0	0.0	0.0	30.993678941726685	0.10735611269626372	83.48859654784202	-2.3422099888324737
460265	1261	4194.952044010162	0.0	0.0	0.0	0.0	0.0	96.62503303909301	0.03756179215518732	209.8648471879959	-4.4614927768707275
470120	1288	4284.471688508987	0.0	0.0	0.0	0.0	0.0	25.604264919281007	0.14435606109305854	122.16280665040016	-4.584715222120285
480340	1316	4376.89386177063	0.0	0.0	0.0	0.0	0.0	35.45420645904541	0.024350615060705693	70.26095625966788	-0.7764806818962097
490195	1343	4466.508620738983	0.0	0.0	0.0	0.0	0.0	45.2744121131897	0.1807418280893835	19.785069937705995	0.3033404985815287
500050	1370	4556.218431472778	0.0	0.0	0.0	0.0	0.0	-23.5198224183321	0.17005231755120398	13.163282427787781	-1.9687982285022736
510270	1398	4648.523537158966	0.0	0.0	0.0	0.0	0.0	69.86307580566407	0.0909406137091716	21.464942169189452	0.2491287684440613
520125	1425	4737.589772462845	0.0	0.0	0.0	0.0	0.0	20.669765717715023	0.405523983876222	72.43444490432739	9.937747192382812
530345	1453	4829.79155254364	0.0	0.0	0.0	0.0	0.0	35.69364457048476	0.0675704880874406	20.966047389507295	-6.392453856468201
540200	1480	4919.228167295456	0.0	0.0	0.0	0.0	0.0	62.6849575881958	0.11357409689001435	33.6224892115593	-3.680538388490677
550055	1507	5008.495919704437	0.0	0.0	0.0	0.0	0.0	-69.95997305297851	0.3416449117965925	261.2746220445633	1.5182120954990388
560275	1535	5100.8649117946625	0.0	0.0	0.0	0.0	0.0	47.835212924957276	0.11155261357741716	15.559045276641847	-0.6496032476425171
570130	1562	5189.935384511948	0.0	0.0	0.0	0.0	0.0	25.9204418015182	0.22505162965966338	5.8536986482143405	-1.468260694667697
580350	1590	5281.367765188217	0.0	0.0	0.0	0.0	0.0	111.08280964660645	0.0019362238410201816	371.33705682516097	-0.5205365788936615
590205	1617	5370.466007709503	0.0	0.0	0.0	0.0	0.0	-57.26286013102531	0.154896670385403	188.65216276168823	-5.550111735463142
600060	1644	5459.565747976303	0.0	0.0	0.0	0.0	0.0	49.992886952400205	0.055189037044178116	162.5975506401062	2.841028036698699
610280	1672	5551.8424644470215	0.0	0.0	0.0	0.0	0.0	9.5799451276958	0.1457891378805953	33.42453065752983	-0.8411750653386116
620135	1699	5641.130022287369	0.0	0.0	0.0	0.0	0.0	34.95397058582306	0.10985795776946386	109.20257834792137	-3.753565511703491
630355	1727	5733.831151008606	0.0	0.0	0.0	0.0	0.0	61.626166883945466	0.07416649624527143	82.68954822182656	-2.3426744174957275
640210	1754	5823.548540115356	0.0	0.0	0.0	0.0	0.0	25.48680365407467	0.07268291660252856	4.157096905708313	-2.2196573877334593
650065	1781	5913.555237531662	0.0	0.0	0.0	0.0	0.0	114.62490633392333	8.425471468468395e-05	238.82319273471833	-3.377333388328552
660285	1809	6006.785317659378	0.0	0.0	0.0	0.0	0.0	72.76539798164367	0.06928430644496986	154.0078990662098	-0.6866056050360203
670140	1836	6096.552685499191	0.0	0.0	0.0	0.0	0.0	81.90524656677246	0.04630722071002503	153.77707850694657	-3.8110708236694335
680360	1864	6189.171012163162	0.0	0.0	0.0	0.0	0.0	3.4186327781677246	0.07965704369861829	7.664449483156204	-2.265047165751457
690215	1891	6278.759961366653	0.0	0.0	0.0	0.0	0.0	58.09404822731018	0.09276962046430295	188.8411828327179	-0.2059747076779604
700070	1918	6368.547103643417	0.0	0.0	0.0	0.0	0.0	75.46497082901001	0.006771393124515107	77.03189953416586	0.22256766244769097
710290	1946	6461.336977720261	0.0	0.0	0.0	0.0	0.0	-16.50121703338623	0.18544285209011446	231.65530180096627	-1.8245766687393188
720145	1973	6551.062211275101	0.0	0.0	0.0	0.0	0.0	45.875158104777334	0.04822841101834388	12.704354908466339	-4.186990623474121
730000	2000	6640.94634270668	0.0	0.0	0.0	0.0	0.0	49.23902276992798	0.0005591537115134066	74.01496173739433	-3.85688958466053
740220	2028	6733.390257120132	0.0	0.0	0.0	0.0	0.0	72.752559299469	0.083041022616407	99.49488257825375	-0.3215478562936187
750075	2055	6823.7059762477875	0.0	0.0	0.0	0.0	0.0	15.541543226242066	0.26784955080193007	49.756968896389004	3.5241473937034606
760295	2083	6917.073712110519	0.0	0.0	0.0	0.0	0.0	47.07974467849731	0.12290236224551805	28.777422275543213	-2.9057794588804247
770150	2110	7007.225443840027	0.0	0.0	0.0	0.0	0.0	-45.721060810089114	0.26376920593891534	270.70974787950513	-3.2804604291915895
780005	2137	7097.174436569214	0.0	0.0	0.0	0.0	0.0	19.64913465872407	0.22864529350606108	75.64526708841323	4.681303905844689
790225	2165	7190.190531015396	0.0	0.0	0.0	0.0	0.0	44.795018621444704	0.03424157684177746	8.147110802829266	-0.776904559135437
800080	2192	7279.815971136093	0.0	0.0	0.0	0.0	0.0	-33.04663766670227	0.36013594581883934	267.6445388674736	5.184885652065277
810300	2220	7372.542027235031	0.0	0.0	0.0	0.0	0.0	81.6795585975647	0.04185881614551464	108.95980341553688	2.4131738889217376
820155	2247	7462.111232757568	0.0	0.0	0.0	0.0	0.0	40.063939217567444	0.18811833792786922	4.038548905551433	-0.7976087071746588
830010	2274	7552.1803150177	0.0	0.0	0.0	0.0	0.0	41.40335108184814	0.10052161282480296	7.3694882968068125	-0.19080368638038636
840230	2302	7645.017986059189	0.0	0.0	0.0	0.0	0.0	-35.87825615108013	0.21786691375671244	31.07316823720932	-1.860296012312174
850085	2329	7734.856738567352	0.0	0.0	0.0	0.0	0.0	5.257589706897735	0.2064533512803755	1.5707440286874772	0.5836855676397681
860305	2357	7827.6723256111145	0.0	0.0	0.0	0.0	0.0	101.7088318862915	0.014994845549126962	153.7741693854332	-1.6914890933036804
870160	2384	7917.416028738022	0.0	0.0	0.0	0.0	0.0	-18.53222374534607	0.12980931925563616	16.672239887714387	0.45497771963477135
880015	2411	8006.815018415451	0.0	0.0	0.0	0.0	0.0	73.81646464157105	0.037348937548376114	140.76120913743972	-2.044489715099335
890235	2439	8098.443323373795	0.0	0.0	0.0	0.0	0.0	70.11789515304565	0.009884934771896494	93.10419985771179	-1.5994023430347442
900090	2466	8187.705495357513	0.0	0.0	0.0	0.0	0.0	-17.30759475517273	0.14958981089422502	99.52076271772384	-4.720976860970259
910310	2494	8279.837976932526	0.0	0.0	0.0	0.0	0.0	15.807534827232361	0.1059779865245655	6.383699350655079	0.2547843427956104
920165	2521	8369.21476650238	0.0	0.0	0.0	0.0	0.0	-85.58173375463485	0.4615811338284984	272.89790313720704	5.577467193305492
930020	2548	8458.812778234482	0.0	0.0	0.0	0.0	0.0	27.331880651474	0.08909909350324256	14.40220814883709	-2.768254826888442
940240	2576	8552.273507595062	0.0	0.0	0.0	0.0	0.0	30.047597218930722	0.2256816336401862	90.49887376308442	1.221089105606079
950095	2603	8642.111368179321	0.0	0.0	0.0	0.0	0.0	-44.73777103424072	0.1624490724129203	78.42882837772369	-4.9264881134033205
960315	2631	8735.348881959915	0.0	0.0	0.0	0.0	0.0	5.633281207501888	0.15806211319754948	1.746558790206909	1.1815701189637184
970170	2658	8825.710396528244	0.0	0.0	0.0	0.0	0.0	24.21894104784727	0.11596600083160531	67.18826665282249	0.18008850395679474
980025	2685	8915.600695848465	0.0	0.0	0.0	0.0	0.0	16.393782282829285	0.13386048025993502	17.492091151475908	-0.903907675743103
990245	2713	9008.200050354004	0.0	0.0	0.0	0.0	0.0	-17.161602283477784	0.13287882011517296	36.09057402610779	-1.5660580611228943
1000100	2740	9097.511889219284	0.0	0.0	0.0	0.0	0.0	67.37492650985718	0.04154043423236007	104.98549783825874	0.1524248594045639
1010320	2768	9189.862399339676	0.0	0.0	0.0	0.0	0.0	-40.793592248916624	0.4279162183106157	174.15308053970338	11.110661308169364
1020175	2795	9278.49570274353	0.0	0.0	0.0	0.0	0.0	41.15315178108215	0.07001411763536361	103.19158659040927	1.3373613846302033
1030030	2822	9367.27704668045	0.0	0.0	0.0	0.0	0.0	58.25504194641113	0.07429024332870679	9.58198604941368	-0.5631582409143447
1040250	2850	9458.865025997162	0.0	0.0	0.0	0.0	0.0	-33.71645757293701	0.38098844749263894	343.2391764163971	8.303519479036332
1050105	2877	9547.910801887512	0.0	0.0	0.0	0.0	0.0	3.088785380214453	0.1450933891290333	2.4385140520334243	-1.2682130032777785
1060325	2905	9640.26019334793	0.0	0.0	0.0	0.0	0.0	11.790596346974374	0.13894264738941514	5.3343783223629	-1.004353823363781
1070180	2932	9729.935646533966	0.0	0.0	0.0	0.0	0.0	-8.424481555461883	0.28984779969087016	55.34305156707764	3.8451173359155657
1080035	2959	9819.5187561512	0.0	0.0	0.0	0.0	0.0	27.078310453921556	0.1211198058043529	70.07400387465954	1.80201884444803
1090255	2987	9912.42691230774	0.0	0.0	0.0	0.0	0.0	-31.056508536577226	0.14940716670183796	7.1494769561290745	-1.823508466631174
1100110	3014	10002.039991140366	0.0	0.0	0.0	0.0	0.0	26.92687330618501	0.09221040342923932	89.7024440690875	-0.8681045019626618
1110330	3042	10095.232640028	0.0	0.0	0.0	0.0	0.0	-2.9892526242733	0.26935889568319543	11.823279666900635	2.5852132721245287
1120185	3069	10185.284805774689	0.0	0.0	0.0	0.0	0.0	-13.236100620508195	0.12397793222485053	3.9607804238796236	-1.6577443754673005
1130040	3096	10274.992077827454	0.0	0.0	0.0	0.0	0.0	30.426078108549117	0.04587691927337526	28.84645086467266	-0.9553300523757935
1140260	3124	10367.72515964508	0.0	0.0	0.0	0.0	0.0	47.53687056350708	0.014542533002191601	35.413274549245834	-0.21528591513633727
1150115	3151	10457.628062009811	0.0	0.0	0.0	0.0	0.0	38.99599300563335	0.04233283480556577	34.76144534230232	-3.021458995342255
1160335	3179	10550.693562984467	0.0	0.0	0.0	0.0	0.0	-19.17190351295471	0.29586501538499704	99.53747910499573	8.929331357479095
1170190	3206	10640.737536668777	0.0	0.0	0.0	0.0	0.0	61.7584006690979	0.001506040686454684	57.38679483056068	-3.704950558543205
1180045	3233	10730.47284913063	0.0	0.0	0.0	0.0	0.0	42.46206120657921	0.0707457132474435	9.748267896175385	-2.6900875386223198
1190265	3261	10822.941004514694	0.0	0.0	0.0	0.0	0.0	-149.7515968475342	0.5644684956893324	703.7209035873414	7.2745903146266935
1200120	3288	10913.019610881805	0.0	0.0	0.0	0.0	0.0	12.202495097845793	0.06269950940656531	23.85830865740776	-0.8754128038883209
1210340	3316	11006.410508155823	0.0	0.0	0.0	0.0	0.0	68.00048041343689	0.02243520241365111	129.1607354414463	-0.7002485704421997
1220195	3343	11096.726184129715	0.0	0.0	0.0	0.0	0.0	-202.7009193267822	0.4750374970054254	995.5640829086303	-3.053161506652832
1230050	3370	11187.156192779541	0.0	0.0	0.0	0.0	0.0	17.187174173116684	0.0794760608583274	19.065994003415106	0.9921887600421906
1240270	3398	11280.608631372452	0.0	0.0	0.0	0.0	0.0	24.108640874803065	0.13074967207133376	1.7780979871749878	0.6233876217529177
1250125	3425	11370.965278863907	0.0	0.0	0.0	0.0	0.0	23.96700128364563	0.00186726557273713	15.37904125750065	-1.8895703327655793
1260345	3453	11464.296011447906	0.0	0.0	0.0	0.0	0.0	58.69741202926636	0.002183228373259768	26.426972289681434	-2.1202648383378984
1270200	3480	11554.386065721512	0.0	0.0	0.0	0.0	0.0	20.515425038576126	0.09665412139536167	11.923758782744407	-2.2737825202941893
1280055	3507	11644.985444545746	0.0	0.0	0.0	0.0	0.0	-21.081750629901887	0.057222832819140146	92.93022282242775	-3.666648431420326
1290275	3535	11738.454071044922	0.0	0.0	0.0	0.0	0.0	47.583540381729605	0.05896881144425092	76.6353226596117	0.45326648764312266
1300130	3562	11828.759301185608	0.0	0.0	0.0	0.0	0.0	54.23739234161377	0.0563680208850962	84.90690989255906	-1.2351615357398986
1310350	3590	11922.200863838196	0.0	0.0	0.0	0.0	0.0	20.705807361245157	0.0009870128429093556	6.870415054857731	-2.0891550117731095
1320205	3617	12012.483804702759	0.0	0.0	0.0	0.0	0.0	-28.610143871307372	0.21248479383424496	43.993039178848264	-3.1654387148469687
1330060	3644	12102.755244493484	0.0	0.0	0.0	0.0	0.0	35.03136576271057	0.06837650317288974	25.679707968533037	-1.8459383007884025
1340280	3672	12195.182496070862	0.0	0.0	0.0	0.0	0.0	42.4293835811615	0.00805898312567861	55.41839741706848	1.2482000553607941
1350135	3699	12284.890875339508	0.0	0.0	0.0	0.0	0.0	33.239905904531476	0.10904721137301837	58.13632594585419	0.7409297919273377
1360355	3727	12377.652181386948	0.0	0.0	0.0	0.0	0.0	-25.744333238184453	0.08238565168472103	8.113977989554405	-1.0223105574026703
1370210	3754	12467.405594110489	0.0	0.0	0.0	0.0	0.0	38.06601040220261	0.06698977560821938	93.34033273637294	1.7098303838819264
1380065	3781	12557.09692287445	0.0	0.0	0.0	0.0	0.0	32.459646265268326	0.06415688111328131	52.52822428524494	1.0914656692370772
1390285	3809	12649.955010175705	0.0	0.0	0.0	0.0	0.0	-102.10793976783752	0.36232815710661087	276.4683508014679	2.8646015071868898
1400140	3836	12739.992369174957	0.0	0.0	0.0	0.0	0.0	31.58218017244339	0.05148095659785208	6.5217883586883545	-1.028511403799057
1410360	3864	12833.250405311584	0.0	0.0	0.0	0.0	0.0	64.03418714544178	0.055673057813447516	122.87884877204895	1.3709161460399628
1420215	3891	12923.69161772728	0.0	0.0	0.0	0.0	0.0	46.02288676506281	0.06575168851096884	15.904812707901002	-2.1719830083847045
1430070	3918	13014.087945222855	0.0	0.0	0.0	0.0	0.0	-73.21138689759374	0.20439750421398753	591.7534457531572	-0.1920370477437973
1440290	3946	13107.258689403534	0.0	0.0	0.0	0.0	0.0	32.32826047515869	0.026790662937959623	55.12586770236492	0.00479882538318634
1450145	3973	13197.17358326912	0.0	0.0	0.0	0.0	0.0	-8.25727866768837	0.13523047360521742	2.1880790424346923	0.9400707795470953
1460000	4000	13287.348597288132	0.0	0.0	0.0	0.0	0.0	-72.75507160815597	0.25708239870337685	525.6111282670498	-0.8153347599506379
1470220	4028	13380.630552768707	0.0	0.0	0.0	0.0	0.0	3.843360167503357	0.08490680697874846	5.730148834586143	0.9265121948719025
1480075	4055	13470.983716249466	0.0	0.0	0.0	0.0	0.0	6.2311919286251065	0.1551056513211359	2.2770216125249862	0.5942051201686263
1490295	4083	13563.860888957977	0.0	0.0	0.0	0.0	0.0	-59.60128081703186	0.21449015972271313	268.0418543767929	-6.531161116361618
1500150	4110	13654.444631576538	0.0	0.0	0.0	0.0	0.0	-15.121580167293548	0.11030736064806115	9.515069808363915	-0.03428198799490929
1510005	4137	13744.912373065948	0.0	0.0	0.0	0.0	0.0	24.770745781183244	0.08044195839241014	17.22535043090582	-3.9069912183098494
1520225	4165	13838.421456813812	0.0	0.0	0.0	0.0	0.0	3.7582195711135866	0.26663414824436504	46.29880773484707	2.456009629741311
1530080	4192	13928.859618902206	0.0	0.0	0.0	0.0	0.0	-6.531146543502808	0.1369445714589512	28.03533497571945	0.5685103103518486
1540300	4220	14021.489446401596	0.0	0.0	0.0	0.0	0.0	5.072200258910656	0.21058714094949244	8.096175742149352	0.6216120175272226
1550155	4247	14111.365756750107	0.0	0.0	0.0	0.0	0.0	14.66342491531372	0.09433353873947045	36.91610939502716	0.11030966371297836
1560010	4274	14200.64521741867	0.0	0.0	0.0	0.0	0.0	4.845148072600365	0.22338263575227074	17.211455954015253	2.3835585305094718
1570230	4302	14293.198335170746	0.0	0.0	0.0	0.0	0.0	-3.880982279777527	0.28097123433775745	28.657668483257293	3.345859535932541
1580085	4329	14382.679451465607	0.0	0.0	0.0	0.0	0.0	-34.47322958564758	0.09813622842034828	37.06250879406929	-1.5419443970918656
1590305	4357	14474.835694551468	0.0	0.0	0.0	0.0	0.0	-18.444451253414154	0.1840646296254854	11.030756884813309	0.34914184294641015
1600160	4384	14564.073392391205	0.0	0.0	0.0	0.0	0.0	9.055693192005158	0.1439613073670302	18.977884530425072	1.1807932084798813
1610015	4411	14653.503105640411	0.0	0.0	0.0	0.0	0.0	5.368526916503907	0.025000446499174524	14.019280070066452	-0.12629155129194258
1620235	4439	14745.999841928482	0.0	0.0	0.0	0.0	0.0	14.922632961273193	0.09819967678623333	13.49486998975277	-3.090999755859375
1630090	4466	14833.58072257042	0.0	0.0	0.0	0.0	0.0	9.462662865698338	0.1640128388743164	3.096717735528946	0.6265913233160972
1640310	4494	14923.763942956924	0.0	0.0	0.0	0.0	0.0	22.87951141834259	0.17198430760529462	52.63885426402092	1.7262570375204087
1650165	4521	15011.871339797974	0.0	0.0	0.0	0.0	0.0	-0.01064224624633789	0.1324989114469469	60.1095174741745	-3.040726690888405
1660020	4548	15099.439663171768	0.0	0.0	0.0	0.0	0.0	6.554718369781971	0.12012551809845343	53.59684465438127	3.0362665700912475
1670240	4576	15190.910699605942	0.0	0.0	0.0	0.0	0.0	-34.36395757675171	0.22843192108275254	25.937831132411958	1.076100214123726
1680095	4603	15278.706690788269	0.0	0.0	0.0	0.0	0.0	-18.97991027164459	0.15641673293369357	188.65320077896118	-3.467639686614275
1690315	4631	15370.286391019821	0.0	0.0	0.0	0.0	0.0	-32.34342791795731	0.0901565089443589	4.011168719530105	1.136180142760277
1700170	4658	15458.997009038925	0.0	0.0	0.0	0.0	0.0	-3.417895770072937	0.09026779525935193	8.29887892305851	-2.038089080452919
1710025	4685	15548.330293416977	0.0	0.0	0.0	0.0	0.0	73.2443472518921	0.0003970282561428351	74.245234760046	-2.773400974273682
1720245	4713	15641.02922821045	0.0	0.0	0.0	0.0	0.0	8.562883111834527	0.007131461728280754	7.213339889645576	-1.8327478943020106
1730100	4740	15730.741113424301	0.0	0.0	0.0	0.0	0.0	-10.899996547222138	0.08192799719588761	3.365571341663599	0.9587643057107925
1740320	4768	15823.73356962204	0.0	0.0	0.0	0.0	0.0	-28.06996613883972	0.2141090704508533	15.803323357701302	0.33449554137885573
1750175	4795	15913.764280557632	0.0	0.0	0.0	0.0	0.0	15.542982086420059	0.16296312548969075	47.531364856362345	2.006851545572281
1760030	4822	16003.485222578049	0.0	0.0	0.0	0.0	0.0	-74.47458453464507	0.20417522548822675	55.24440406396985	1.814315417408943
1770250	4850	16096.691681146622	0.0	0.0	0.0	0.0	0.0	23.575515911102293	0.040974357679727444	45.29808382809162	-0.6249703550338745
1780105	4877	16186.353402376175	0.0	0.0	0.0	0.0	0.0	18.979372088104487	0.10088463429262308	71.12316725790501	-0.4515567442774773
1790325	4905	16279.075999975204	0.0	0.0	0.0	0.0	0.0	-54.81155487442017	0.3463603948341675	336.125234606266	4.501194317638874
1800180	4932	16369.523906707764	0.0	0.0	0.0	0.0	0.0	-24.563564239501954	0.13078660690711072	63.755462714135646	-1.5702760696411133
1810035	4959	16460.082311868668	0.0	0.0	0.0	0.0	0.0	3.618175164222717	0.16463059719168494	45.33305154800415	3.0006294333934784
1820255	4987	16554.045086860657	0.0	0.0	0.0	0.0	0.0	6.658274354934693	0.19616611284578175	39.33413049101829	2.128499581068754
1830110	5014	16645.138610363007	0.0	0.0	0.0	0.0	0.0	-187.33952592468262	0.34563009997515476	715.9563725662232	-10.551221832036973
1840330	5042	16739.1852414608	0.0	0.0	0.0	0.0	0.0	47.11639302253723	0.0011449620039489356	7.6842782315611835	-0.48732638597488404
1850185	5069	16830.24196577072	0.0	0.0	0.0	0.0	0.0	47.23042222690582	0.043612182865151256	65.76688768148422	-2.371213603019714
1860040	5096	16921.35101723671	0.0	0.0	0.0	0.0	0.0	3.850972490310669	0.12013021279007659	21.775761392116546	-3.330566722154617
1870260	5124	17015.863316059113	0.0	0.0	0.0	0.0	0.0	-95.10863252925873	0.18680805875640105	12.061602387428284	-1.4438755174726248
1880115	5151	17107.46875190735	0.0	0.0	0.0	0.0	0.0	6.007440872192383	0.05432105108966227	9.819096003174781	-1.5682658725976943
1890335	5179	17202.02449131012	0.0	0.0	0.0	0.0	0.0	50.16781755638122	0.0008339459585356406	18.668499329686163	-0.6886787974834442
1900190	5206	17293.401054382324	0.0	0.0	0.0	0.0	0.0	46.303743749558926	0.09685618298883175	75.00116707324982	0.3138248777389526
1910045	5233	17384.147756576538	0.0	0.0	0.0	0.0	0.0	-282.45933877563476	0.5843656964451075	1323.0975993347167	5.300080170631409
1920265	5261	17478.29229784012	0.0	0.0	0.0	0.0	0.0	-22.64334635925293	0.12745182189801033	36.091271321773526	1.199677768945694
1930120	5288	17568.894109487534	0.0	0.0	0.0	0.0	0.0	44.70061260032654	0.021475012070690212	9.7890460896492	-0.7718974365666509
1940340	5316	17662.41191148758	0.0	0.0	0.0	0.0	0.0	-37.62479685592651	0.21079743210889865	31.90474110007286	0.2614987108111382
1950195	5343	17753.006457090378	0.0	0.0	0.0	0.0	0.0	0.6406860256195068	0.14036241036010155	59.62363803029061	4.3817011168599125
1960050	5370	17843.956003904343	0.0	0.0	0.0	0.0	0.0	2.8245329895019533	0.17686708294776454	38.87630726337433	2.519585326910019
1970270	5398	17937.674881458282	0.0	0.0	0.0	0.0	0.0	-60.42484518161416	0.22340194027225668	168.1108156555891	-3.753069534599781
1980125	5425	18028.305602788925	0.0	0.0	0.0	0.0	0.0	24.34955452775955	0.06576575944418064	29.62490751326084	1.3585375433415174
1990345	5453	18122.490301847458	0.0	0.0	0.0	0.0	0.0	4.0844975309371945	0.1624450789706635	25.41183697104454	0.10727898240089416
2000200	5480	18213.323252916336	0.0	0.0	0.0	0.0	0.0	-10.63339628481865	0.032761732243637896	2.6462895560264585	-0.8601024596020579
2010055	5507	18303.621831655502	0.0	0.0	0.0	0.0	0.0	-60.319015098512175	0.1444524768087606	21.470416556596756	3.141217000745237
2020275	5535	18396.844316720963	0.0	0.0	0.0	0.0	0.0	-45.128317820549015	0.1824516267550381	8.343635603189469	1.0448897397518158
2030130	5562	18486.967598199844	0.0	0.0	0.0	0.0	0.0	-14.360450709342956	0.12573181783578571	93.54833465516568	0.10478669047355652
2040350	5590	18579.60884833336	0.0	0.0	0.0	0.0	0.0	10.458458011627197	0.06398337502399953	20.895303432941436	-1.3303280007839202
2050205	5617	18669.287816524506	0.0	0.0	0.0	0.0	0.0	-12.816578771591187	0.09753664648132451	15.48097383648157	1.883832113146782
2060060	5644	18758.702357769012	0.0	0.0	0.0	0.0	0.0	17.960153419494628	0.14139866131325432	28.504074160456657	1.911916002035141
2070280	5672	18850.727907657623	0.0	0.0	0.0	0.0	0.0	-118.18222245913744	0.2705977072815754	392.5257295203209	-3.4028343408741057
2080135	5699	18939.59317135811	0.0	0.0	0.0	0.0	0.0	-6.090029570579529	0.10026580745351868	12.571698989868164	1.275596821308136
2090355	5727	19031.13859462738	0.0	0.0	0.0	0.0	0.0	6.010682628154755	0.09397227767031188	13.35069820523262	-0.9814170002192258
2100210	5754	19119.83360004425	0.0	0.0	0.0	0.0	0.0	30.99819199705124	0.0656853839827714	69.90200892269611	1.3846461439132691
2110065	5781	19209.1789457798	0.0	0.0	0.0	0.0	0.0	-84.75641525173187	0.3601380905945073	284.2472807097435	3.7560155284404755
2120285	5809	19301.787227153778	0.0	0.0	0.0	0.0	0.0	-54.77954188203812	0.10461410568667344	182.4605322533846	-5.225719825625419
2130140	5836	19391.317759513855	0.0	0.0	0.0	0.0	0.0	-2.6912998065948486	0.0792942602976466	16.392695316672324	-2.230524046048522
2140360	5864	19483.636692762375	0.0	0.0	0.0	0.0	0.0	11.534544734001159	0.12133640928459616	64.8224940764904	0.33492860198020935
2150215	5891	19572.91105914116	0.0	0.0	0.0	0.0	0.0	16.691796436309815	0.06685439381714518	15.059707756340504	0.6000999569892883
2160070	5918	19662.721555948257	0.0	0.0	0.0	0.0	0.0	-68.58849694165588	0.20812316442832413	538.0281374311447	-0.6125283386930823
2170290	5946	19755.805954694748	0.0	0.0	0.0	0.0	0.0	-11.992359802246094	0.09775482727478377	16.38584910392761	0.8443385171890259
2180145	5973	19845.65536546707	0.0	0.0	0.0	0.0	0.0	5.360988962173462	0.07671912123431986	13.625953649878502	-2.0968822586536406
2190000	6000	19935.563606262207	0.0	0.0	0.0	0.0	0.0	-13.79870637512207	0.20192626619798829	3.422120743393898	0.8103341462463141
2200220	6028	20028.55084681511	0.0	0.0	0.0	0.0	0.0	-183.1594564819336	0.4169485606821456	775.3064417266846	3.9402913093566894
2210075	6055	20117.877262830734	0.0	0.0	0.0	0.0	0.0	-18.672135951519014	0.09599570000838395	4.758182014226914	0.5975714361667633
2220295	6083	20210.474241018295	0.0	0.0	0.0	0.0	0.0	-4.107870727539063	0.10192226784763975	34.411830838322636	-3.175582518577576
2230150	6110	20300.30819964409	0.0	0.0	0.0	0.0	0.0	16.833776751995085	0.13162048030422774	74.36321530938149	1.2419299471378327
2240005	6137	20388.353385686874	0.0	0.0	0.0	0.0	0.0	-32.612806739747526	0.21092475301906297	35.804622025489806	0.40170187668874857
2250225	6165	20479.199371814728	0.0	0.0	0.0	0.0	0.0	-50.72479464316368	0.17457933411164764	108.69471462488174	2.3535280406475065
2260080	6192	20568.979537963867	0.0	0.0	0.0	0.0	0.0	-10.432572591781616	0.08527883462884342	102.02163888543845	-3.6773086792230605
2270300	6220	20662.34184026718	0.0	0.0	0.0	0.0	0.0	-15.171964917659759	0.10305199534663739	55.66267584204674	0.08974336057901383
2280155	6247	20752.186563253403	0.0	0.0	0.0	0.0	0.0	40.29469309806824	0.007174085874470352	26.469174404293298	0.0976023280620575
2290010	6274	20842.101712942123	0.0	0.0	0.0	0.0	0.0	-6.625197834014893	0.10558923602514894	5.519629904925823	0.1596449276804924
2300230	6302	20935.277457475662	0.0	0.0	0.0	0.0	0.0	-24.201339655041696	0.09024618784880604	3.0925334061682226	-1.4508548219688238
2310085	6329	21024.89113688469	0.0	0.0	0.0	0.0	0.0	-74.1550775077343	0.23330254676653883	16.338165150284766	3.866162416934967
2320305	6357	21117.72916650772	0.0	0.0	0.0	0.0	0.0	-41.24410387229919	0.10159120618490851	7.375889513492584	0.5982974782586098
2330160	6384	21207.263391017914	0.0	0.0	0.0	0.0	0.0	-65.58165760707855	0.184932984586483	127.17360730171204	1.5025632405281066
2340015	6411	21296.805001735687	0.0	0.0	0.0	0.0	0.0	-94.40414465379715	0.23316306013912605	237.7982438468933	5.928925065994263
2350235	6439	21389.15190935135	0.0	0.0	0.0	0.0	0.0	-82.96817576885223	0.20041109834033574	15.498554832339288	3.9724637365341184
2360090	6466	21478.457177639008	0.0	0.0	0.0	0.0	0.0	-22.55862899017334	0.11558278051610552	122.40065952301025	-1.8481983685493468
2370310	6494	21571.25623512268	0.0	0.0	0.0	0.0	0.0	-33.52332238960266	0.1401238123343853	44.14211071908474	1.265059814453125
2380165	6521	21661.130987644196	0.0	0.0	0.0	0.0	0.0	22.739733148574828	0.02615711931571389	1.9652639666199685	-0.6231578800641
2390020	6548	21751.162459135056	0.0	0.0	0.0	0.0	0.0	-59.22821077346802	0.23759298683532687	54.27933338999748	2.687463116645813
2400240	6576	21843.56256365776	0.0	0.0	0.0	0.0	0.0	-111.45420537567139	0.26846667196102786	420.1753420639038	3.3553391288220884
2410095	6603	21933.159697055817	0.0	0.0	0.0	0.0	0.0	-19.842277370333672	0.09213193109258563	157.01064487874507	-4.657993508577347
2420315	6631	22025.34713435173	0.0	0.0	0.0	0.0	0.0	-39.02716686630249	0.16431719490859542	29.899984290003776	0.37378542304039003
2430170	6658	22115.455000400543	0.0	0.0	0.0	0.0	0.0	-8.779852344512939	0.09209754338398554	23.874667249917984	-0.8018681967258453
2440025	6685	22205.906576871872	0.0	0.0	0.0	0.0	0.0	1.2359719791412354	0.08899342964029186	8.44737789094448	-1.7053291767835617
2450245	6713	22298.599694013596	0.0	0.0	0.0	0.0	0.0	31.00889823627472	0.058557904498543915	12.331558161973954	-0.4258997321128845
2460100	6740	22388.416042089462	0.0	0.0	0.0	0.0	0.0	-2.224876744478941	0.006015514468383473	0.7380103422701358	-0.6363703674077987
2470320	6768	22481.432629823685	0.0	0.0	0.0	0.0	0.0	-30.28219038772583	0.11549709828967963	8.00588702917099	1.3298434776067733
2480175	6795	22571.495225191116	0.0	0.0	0.0	0.0	0.0	-53.44424439620972	0.23339441148884363	34.55073549032211	1.5312146258354187
2490030	6822	22661.473683834076	0.0	0.0	0.0	0.0	0.0	-70.68200777053833	0.299691205282812	103.806682138443	3.9527878332138062
2500250	6850	22755.049113988876	0.0	0.0	0.0	0.0	0.0	-140.563386592865	0.20387110775929415	156.904656406641	8.259525713324546
2510105	6877	22845.27419900894	0.0	0.0	0.0	0.0	0.0	-0.85355717420578	0.04965219279254734	3.3139672756195067	-1.1574898125231265
2520325	6905	22938.775287151337	0.0	0.0	0.0	0.0	0.0	20.876988719940186	0.035885602080780545	48.92842221111059	-0.2997630846127868
2530180	6932	23029.472056627274	0.0	0.0	0.0	0.0	0.0	-3.0501138648986816	0.08408985665373944	13.416909048259258	0.4431902056932449
2540035	6959	23120.837725639343	0.0	0.0	0.0	0.0	0.0	27.82045864534378	0.06355387348024616	6.723070338070393	-1.3405549466609954
2550255	6987	23215.26432657242	0.0	0.0	0.0	0.0	0.0	-63.2765570474267	0.32159239111783555	207.03430631399155	4.016169908642769
2560110	7014	23306.909108877182	0.0	0.0	0.0	0.0	0.0	-156.39308912658691	0.3996198357492685	303.32710416316985	-0.6995173518359661
2570330	7042	23401.890699863434	0.0	0.0	0.0	0.0	0.0	-26.056912693500518	0.14883384736568128	31.401793099045754	-0.47168505907058716
2580185	7069	23493.610422849655	0.0	0.0	0.0	0.0	0.0	11.850025899887084	0.048689413104002384	18.712527290284633	-1.0101889729499818
2590040	7096	23585.56820511818	0.0	0.0	0.0	0.0	0.0	-15.272099697113036	0.1364547775084814	19.536285557746886	1.9753709656000138
2600260	7124	23679.82491159439	0.0	0.0	0.0	0.0	0.0	-27.206174112319946	0.21387353647979182	15.237660220265388	2.4930110812187194
2610115	7151	23770.767077207565	0.0	0.0	0.0	0.0	0.0	-39.90447187042236	0.04005446860799243	21.366504908800124	-1.470648936331272
2620335	7179	23864.529319524765	0.0	0.0	0.0	0.0	0.0	-53.234443965911865	0.11110931514400772	7.7869807177782056	-0.31087299540638924
2630190	7206	23954.885836839676	0.0	0.0	0.0	0.0	0.0	-12.188939319610595	0.07982053813555315	26.962159886956215	-2.3063195431232453
2640045	7233	24045.356559753418	0.0	0.0	0.0	0.0	0.0	13.617412330627442	0.08451156658347796	22.984473784863948	-0.4266140997409821
2650265	7261	24137.5940182209	0.0	0.0	0.0	0.0	0.0	20.29631090927124	0.07048828399637648	41.33033723711967	1.6642403411865234
2660120	7288	24226.60903263092	0.0	0.0	0.0	0.0	0.0	-113.53903762817383	0.45181300956197085	222.74991552352904	6.55788628578186
2670340	7316	24319.107504844666	0.0	0.0	0.0	0.0	0.0	-29.338239161252975	0.08108207868610647	2.1969607317447664	0.10707800958305597
2680195	7343	24407.8564991951	0.0	0.0	0.0	0.0	0.0	-29.664973890304566	0.09936750358255028	3.023153790533543	0.9834459948539734
2690050	7370	24497.09990644455	0.0	0.0	0.0	0.0	0.0	23.12539401245117	0.039039097679641824	20.048536034226416	-1.8935576057434083
2700270	7398	24589.03457903862	0.0	0.0	0.0	0.0	0.0	9.23692977142334	0.05653832700887604	11.693933923244476	-1.1838095362484455
2710125	7425	24678.475459337234	0.0	0.0	0.0	0.0	0.0	-9.349031587600708	0.11609288816600292	61.492101740241054	2.9573684978485106
2720345	7453	24770.831178188324	0.0	0.0	0.0	0.0	0.0	-5.69620255947113	0.10029251029870821	21.754621035158635	0.29396181911230085
2730200	7480	24860.126415014267	0.0	0.0	0.0	0.0	0.0	4.089454747200012	0.10693489277468322	4.607473657727241	0.8510088843107223
2740055	7507	24949.092641592026	0.0	0.0	0.0	0.0	0.0	-118.51468394470214	0.3530625902414471	53.717761684656146	5.515127365291119
2750275	7535	25041.32620048523	0.0	0.0	0.0	0.0	0.0	-59.13045520401001	0.12799164668474808	209.81023116350173	-2.3891527718305587
2760130	7562	25130.480573892593	0.0	0.0	0.0	0.0	0.0	-27.799751331329347	0.11790507503390357	23.226152693629263	1.3710571575164794
2770350	7590	25223.08257341385	0.0	0.0	0.0	0.0	0.0	-31.275323362350463	0.17206902761498785	58.072189465761184	-0.13854355871677398
2780205	7617	25313.3500957489	0.0	0.0	0.0	0.0	0.0	-51.425820749640465	0.19198469555531342	9.525667508840561	2.8008397722244265
2790060	7644	25403.28294301033	0.0	0.0	0.0	0.0	0.0	20.86553371810913	0.010009034605249174	4.809321319460869	-0.23897116363048554
2800280	7672	25496.021951198578	0.0	0.0	0.0	0.0	0.0	-15.596464231789112	0.02523846826403842	15.952697095274925	-2.0582135665416716
2810135	7699	25586.019495010376	0.0	0.0	0.0	0.0	0.0	-14.719941004484891	0.09488969086726536	67.51603888094425	-1.2622498017549515
2820355	7727	25678.569781303406	0.0	0.0	0.0	0.0	0.0	-64.73643781661987	0.21098146721115335	62.664856246709824	2.0130232763290405
2830210	7754	25768.61423945427	0.0	0.0	0.0	0.0	0.0	-59.22504040145874	0.18306243042285444	88.583741055727	2.9297873854637144
2840065	7781	25858.764637470245	0.0	0.0	0.0	0.0	0.0	-57.49300605177879	0.15614308954880932	222.4730292862654	1.9294023180007935
2850285	7809	25951.397002220154	0.0	0.0	0.0	0.0	0.0	-54.064758153915406	0.12351453264659087	21.090467628240585	0.14874721735715865
2860140	7836	26041.41323852539	0.0	0.0	0.0	0.0	0.0	-50.67821314144135	0.13331590199371282	81.38491057276725	1.7338002800941468
2870360	7864	26134.436398983	0.0	0.0	0.0	0.0	0.0	13.875058347702026	0.049437154197304926	47.02271002545953	-0.9593314804136753
2880215	7891	26224.0550968647	0.0	0.0	0.0	0.0	0.0	39.65409334754944	0.009677125309302419	44.92098630666733	-2.036716589927673
2890070	7918	26313.608258485794	0.0	0.0	0.0	0.0	0.0	-33.17740969657898	0.17574932043535052	43.95327556610108	3.006833258867264
2900290	7946	26406.49057674408	0.0	0.0	0.0	0.0	0.0	-8.657296495318413	0.10432277760065475	54.24952109217644	-1.4158411884307862
2910145	7973	26496.157243967056	0.0	0.0	0.0	0.0	0.0	13.241038332551717	0.018546029204380737	8.498677266836166	0.3708871030807495
2920000	8000	26585.730981349945	0.0	0.0	0.0	0.0	0.0	-2.688172026157379	0.01435382236036488	2.191833275258541	0.16545406907796859
2930220	8028	26678.301369428635	0.0	0.0	0.0	0.0	0.0	15.675008384913205	0.012848292364131405	6.398708607852459	-1.459879839718342
2940075	8055	26768.1643140316	0.0	0.0	0.0	0.0	0.0	-11.340927799224854	0.10465470715945745	77.33816079050303	-2.441974529027939
2950295	8083	26861.190451860428	0.0	0.0	0.0	0.0	0.0	-80.95127325439454	0.243375214882195	99.92026947259903	2.7861758422851564
2960150	8110	26951.22380709648	0.0	0.0	0.0	0.0	0.0	-76.26714398765564	0.2421773644607183	187.51050668239594	5.449626612663269
2970005	8137	27041.74612045288	0.0	0.0	0.0	0.0	0.0	-64.19866242909431	0.1837621981468525	8.111509447097779	2.2657911348342896
2980225	8165	27135.28464794159	0.0	0.0	0.0	0.0	0.0	-38.60085242462158	0.1815139158962656	79.89805704623461	-0.8995748746395111
2990080	8192	27225.01869726181	0.0	0.0	0.0	0.0	0.0	-27.517137179881335	0.08485071010436192	109.57708461850882	-1.3083298218250274
3000300	8220	27317.01525402069	0.0	0.0	0.0	0.0	0.0	-33.943474486351015	0.13262571613803387	54.6200348842144	1.7710567784309388
3010155	8247	27406.82829761505	0.0	0.0	0.0	0.0	0.0	13.682352470874786	0.01616849883113961	9.176548633277417	0.03702257543802261
3020010	8274	27496.128105401993	0.0	0.0	0.0	0.0	0.0	-23.573607112407686	0.12902161975411938	13.758013883829117	1.452371093481779
3030230	8302	27588.33341193199	0.0	0.0	0.0	0.0	0.0	-37.203658443182704	0.11361600407188281	3.9311632455885412	1.3780867324769497
3040085	8329	27677.91972875595	0.0	0.0	0.0	0.0	0.0	-68.66981372261047	0.16611969065116727	11.438257682919502	0.9988582138717175
3050305	8357	27770.65840101242	0.0	0.0	0.0	0.0	0.0	-9.683950080394744	0.07516032311282396	53.88498169824481	-0.4569124874286354
3060160	8384	27860.477660894394	0.0	0.0	0.0	0.0	0.0	-14.014196308135986	0.083624548259266	55.982992655038835	-1.1928683090209962
3070015	8411	27950.222741365433	0.0	0.0	0.0	0.0	0.0	-16.82377477645874	0.09120084554883764	122.02027684539557	-0.5612197315692902
3080235	8439	28043.379250764847	0.0	0.0	0.0	0.0	0.0	-48.043082503318786	0.1704588198126271	87.78301154851914	-1.1966869258880615
3090090	8466	28133.132542848587	0.0	0.0	0.0	0.0	0.0	-18.948680906295778	0.07539526261528164	58.43991067409515	0.10812228918075562
3100310	8494	28225.48882651329	0.0	0.0	0.0	0.0	0.0	18.602912537574767	0.0004499516011379143	12.008186654932796	0.059494524449110034
3110165	8521	28314.737026691437	0.0	0.0	0.0	0.0	0.0	-15.541646434545516	0.08130477097548226	5.363317752629518	1.7794246569089591
3120020	8548	28404.08943271637	0.0	0.0	0.0	0.0	0.0	-12.33230739402771	0.10745999807123477	67.99890957534313	-0.7941315126419067
3130240	8576	28495.961747407913	0.0	0.0	0.0	0.0	0.0	-34.71034795689583	0.12557139070189363	135.69186082839965	0.8029482120275497
3140095	8603	28584.84180545807	0.0	0.0	0.0	0.0	0.0	-90.40619303774834	0.23194197259317925	519.3373339939118	-2.355882962048054
3150315	8631	28677.47445344925	0.0	0.0	0.0	0.0	0.0	-27.427519737303257	0.1079481519779428	123.17925523549319	-0.632957247197628
3160170	8658	28766.96700167656	0.0	0.0	0.0	0.0	0.0	-32.927625841140745	0.08903650672229366	14.759851736426354	1.7573992046713829
3170025	8685	28857.01813030243	0.0	0.0	0.0	0.0	0.0	-71.32291647052764	0.15239984565460848	208.76661943674088	0.7910537588596344
3180245	8713	28949.633098363876	0.0	0.0	0.0	0.0	0.0	-92.46968364906311	0.1575725869430313	12.273003863096237	1.5689518888667227
3190100	8740	29038.72132730484	0.0	0.0	0.0	0.0	0.0	-88.57264624023438	0.09969112304776934	25.320269165337084	1.2108001950383187
3200320	8768	29130.72448539734	0.0	0.0	0.0	0.0	0.0	-37.857505108833315	0.07130445781368419	8.66424318522215	2.134360007271171
3210175	8795	29219.8120803833	0.0	0.0	0.0	0.0	0.0	-38.703857905864716	0.09019750930553024	3.8841577327251433	1.4631401434168219
3220030	8822	29308.96396613121	0.0	0.0	0.0	0.0	0.0	-91.47746650886536	0.12950778496961662	217.61415114402772	1.159104528427124
3230250	8850	29400.55766582489	0.0	0.0	0.0	0.0	0.0	-5.712929672241211	0.058515922902918474	3.3218109041452406	1.0899172445759178
3240105	8877	29489.123540878296	0.0	0.0	0.0	0.0	0.0	-85.00656102943421	0.12318355238302238	21.527423706650733	2.8985727190971375
3250325	8905	29580.478259563446	0.0	0.0	0.0	0.0	0.0	-112.63540726089478	0.15855860550554404	305.30742832183836	4.515937576293945
3260180	8932	29669.41167616844	0.0	0.0	0.0	0.0	0.0	-63.16271598052978	0.09138930449526882	14.543482438325881	1.423423546254635
3270035	8959	29758.123112916946	0.0	0.0	0.0	0.0	0.0	-117.31302051544189	0.19097923837018474	294.6536305332184	3.50555290222168
3280255	8987	29849.651307582855	0.0	0.0	0.0	0.0	0.0	-67.27479947566987	0.09169670435376523	345.7853309726715	-2.7306764233112335
3290110	9014	29938.36653971672	0.0	0.0	0.0	0.0	0.0	-13.130462224006653	0.021859133289994823	1.0499436607956887	0.622346812672913
3300330	9042	30029.941126823425	0.0	0.0	0.0	0.0	0.0	-12.257785545825959	0.010392334876376544	14.921757376044988	-0.4936520493030548
3310185	9069	30118.652461528778	0.0	0.0	0.0	0.0	0.0	-62.183223765850066	0.12138207433947576	96.93759385585786	1.0430491662025452
3320040	9096	30207.522052526474	0.0	0.0	0.0	0.0	0.0	-53.769422635555266	0.09775790848468549	87.74456200122833	1.4397571229934691
3330260	9124	30299.681989192963	0.0	0.0	0.0	0.0	0.0	-25.540652903556825	0.050221828501919676	7.5893066507577895	1.4346233507990838
3340115	9151	30388.95361304283	0.0	0.0	0.0	0.0	0.0	-52.358810432374476	0.0823953186934887	74.0303745508194	2.2256173205375673
3350335	9179	30480.955848932266	0.0	0.0	0.0	0.0	0.0	-10.7214395942688	0.06330737272896231	7.213939436674118	1.5010372273717076
3360190	9206	30570.264681100845	0.0	0.0	0.0	0.0	0.0	-14.247845084816218	0.02570917918839584	0.6263783688843251	0.009717923924326896
3370045	9233	30659.730430603027	0.0	0.0	0.0	0.0	0.0	-34.419047678262	0.06961187626773288	2.26472415804863	-0.11113896392285824
3380265	9261	30752.163039684296	0.0	0.0	0.0	0.0	0.0	-25.14546985244751	0.09209667493470944	40.48142253994942	1.3536126232147216
3390120	9288	30841.332341194153	0.0	0.0	0.0	0.0	0.0	-25.25127021789551	0.07575365714866367	59.3538840341568	-1.3874254274368285
3400340	9316	30933.6202917099	0.0	0.0	0.0	0.0	0.0	-29.517086256027223	0.081172684677304	10.166330918073655	1.0428713595867156
3410195	9343	31023.07946205139	0.0	0.0	0.0	0.0	0.0	-16.205213848114013	0.09462005887770329	38.779154572486874	-2.582406919002533
3420050	9370	31112.808465719223	0.0	0.0	0.0	0.0	0.0	22.106026443481447	0.03981326640595995	39.606077513694764	-1.348654673099518
3430270	9398	31204.967516183853	0.0	0.0	0.0	0.0	0.0	-28.16348120498657	0.10154689217881384	59.79930774927139	3.2831937903165818
3440125	9425	31294.21294260025	0.0	0.0	0.0	0.0	0.0	-16.872965724945068	0.08401549866988159	77.63385551810265	1.5384677919745444
3450345	9453	31386.594576597214	0.0	0.0	0.0	0.0	0.0	2.1046246757507325	0.052870192072520895	34.68567365936935	0.2735574352741241
3460200	9480	31476.241260528564	0.0	0.0	0.0	0.0	0.0	-24.951802478790285	0.12062233217216123	19.96049386024475	1.3213714474439622
3470055	9507	31565.87450313568	0.0	0.0	0.0	0.0	0.0	-18.80406278991699	0.1108071918126557	39.491646800041195	1.4443683075904845
3480275	9535	31658.65514779091	0.0	0.0	0.0	0.0	0.0	-13.338500743865966	0.09314103748998742	25.48533748924732	0.13283479392528533
3490130	9562	31748.969279766083	0.0	0.0	0.0	0.0	0.0	-4.806840766906738	0.10324477503047572	27.191653838157652	-0.5875402641296387
3500350	9590	31842.48654484749	0.0	0.0	0.0	0.0	0.0	11.426552257537843	0.05882453456094392	38.101015930175784	1.3615877115726471
3510205	9617	31932.700915813446	0.0	0.0	0.0	0.0	0.0	4.198210685729981	0.0568537733513911	22.71819919347763	1.4205265271663665
3520060	9644	32022.895708322525	0.0	0.0	0.0	0.0	0.0	12.4517796459198	0.062390713136942846	29.201017469763755	-2.781940517127514
3530280	9672	32116.074251890182	0.0	0.0	0.0	0.0	0.0	-30.539315675735473	0.10741907995761937	34.36501864314079	0.6261978945136071
3540135	9699	32205.94478535652	0.0	0.0	0.0	0.0	0.0	-19.918923416137694	0.10739253667359154	20.36095352232456	-0.485270049571991
3550355	9727	32299.182656764984	0.0	0.0	0.0	0.0	0.0	18.647638805389406	0.06645068328260592	31.19212427020073	-2.15139073073864
3560210	9754	32389.096833705902	0.0	0.0	0.0	0.0	0.0	13.545804569244385	0.06060130005909906	40.073025398254394	-1.6427757358551025
3570065	9781	32479.306942224503	0.0	0.0	0.0	0.0	0.0	-3.1893699493408203	0.09344931497595957	28.36897756576538	-0.8089640617370606
3580285	9809	32571.862017154694	0.0	0.0	0.0	0.0	0.0	-8.130308486938477	0.09621442610187474	48.91009063154459	-2.4772116127610206
3590140	9836	32661.680586099625	0.0	0.0	0.0	0.0	0.0	-8.883357387542725	0.09348695158216165	54.718737738132475	-2.260310990810394
3600360	9864	32754.8317258358	0.0	0.0	0.0	0.0	0.0	-32.83109287452698	0.14825955325260293	22.945910928249358	1.0011683939397336
3610215	9891	32844.55741262436	0.0	0.0	0.0	0.0	0.0	-3.1348795433044434	0.10559087301174415	76.21763159275055	2.153717367649078
3620070	9918	32934.10457634926	0.0	0.0	0.0	0.0	0.0	2.297093402862549	0.08659978854742466	38.36001676559448	-1.4231826993823051
3630290	9946	33027.33417582512	0.0	0.0	0.0	0.0	0.0	-24.315263786315917	0.09294493300190111	9.62258723139763	-0.014785864353179932
3640145	9973	33117.31213402748	0.0	0.0	0.0	0.0	0.0	32.20255683898926	0.051071049617511854	52.54823992788792	0.4494741189479828
3650000	10000	33207.59467458725	0.0	0.0	0.0	0.0	0.0	16.579885385513304	0.05115497769327251	73.07229230880738	0.29854883313179015
