steps	episodes	elapsed	mean	median	stdev	max	min	average_discriminator_loss	average_rewards	average_value	average_entropy	average_value_loss	average_policy_loss
10000	100	220.32570624351501	0.0	0.0	0.0	0.0	0.0	0.00989981272813076	-3.475435008891882	-108.38745022583008	0.3755399460653715	1780.8449279785157	18.843942447900773
20000	200	432.79946422576904	0.0	0.0	0.0	0.0	0.0	0.005620336931501814	-4.79699615155084	-331.7213321713209	0.03241049445258214	2183.38416305542	0.7934775304794311
30000	300	646.2256875038147	0.0	0.0	0.0	0.0	0.0	0.005585309236779815	-4.915012409130478	-261.2419279174805	0.038620855445369306	3568.297939453125	5.757070018053055
40000	400	857.1171925067902	0.0	0.0	0.0	0.0	0.0	0.005653439931731368	-4.9512289411698776	-84.35238912159204	0.04218362284733426	1097.8656491088868	12.178577113151551
50000	500	1067.599690914154	0.0	0.0	0.0	0.0	0.0	0.007827679920014	-4.393336101984366	-156.62059021759032	0.17478027115625555	875.9295724487305	0.9084759443998337
60000	600	1277.8143560886383	0.0	0.0	0.0	0.0	0.0	0.007770097816941198	-4.314049488013117	-139.85919888210296	0.10621980451458718	1457.856731414795	-3.3008113583922385
70000	700	1487.4411742687225	0.0	0.0	0.0	0.0	0.0	0.008602505226941176	-4.0558183661119624	-131.10530354690553	0.1083736807602391	943.4711959838867	9.086388869285583
80000	800	1698.6846005916595	0.0	0.0	0.0	0.0	0.0	0.008742717768775764	-3.948130629169941	-218.23235816574098	0.11353088643489019	717.7895181274414	-4.062896421551704
90000	900	1908.1593902111053	0.0	0.0	0.0	0.0	0.0	0.007954957463029141	-4.1334896994963986	-247.13780676412583	0.13209402262500586	2251.067113647461	2.6304035103321075
100000	1000	2118.9494335651398	0.0	0.0	0.0	0.0	0.0	0.008311497564714122	-4.038451748735554	-143.86864800262452	0.016138258673625543	1029.2353223419188	-4.021625510454178
110000	1100	2332.0974707603455	0.0	0.0	0.0	0.0	0.0	0.008245847714930782	-4.0717662719064265	-174.08017212295533	0.015754585682326957	800.052137298584	-4.300717463493347
120000	1200	2544.033110141754	0.0	0.0	0.0	0.0	0.0	0.008381429418773683	-3.9951544274310624	-102.09450934791565	0.02598231890538414	831.6052459716797	-9.869299535751344
130000	1300	2755.6457319259644	0.0	0.0	0.0	0.0	0.0	0.008155211747689463	-4.052312109087594	-269.9933552073836	0.009371344508777179	745.113133239746	5.039681809544564
140000	1400	2966.1213986873627	0.0	0.0	0.0	0.0	0.0	0.007808248970024579	-4.342686819356866	-295.9438962737918	0.009142756487246682	1639.200651550293	19.55904151201248
150000	1500	3176.9350197315216	0.0	0.0	0.0	0.0	0.0	0.007783116260550741	-4.48311173085589	-264.8955127820969	0.00862287328348008	460.8905588531494	4.348438768386841
160000	1600	3389.2838158607483	0.0	0.0	0.0	0.0	0.0	0.00783833901961043	-4.4866014442266895	-180.67646297115087	0.009198066221995782	742.4985946655273	18.347882439494132
170000	1700	3598.8792469501495	0.0	0.0	0.0	0.0	0.0	0.0075951878871419465	-4.549503890936263	-220.873055850029	0.011704530277621448	661.2658787536622	-3.6172229820489883
180000	1800	3810.7816541194916	0.0	0.0	0.0	0.0	0.0	0.00730460517591564	-4.598201979597099	-116.48128622448445	0.014201077343917476	827.9048330688477	-1.3629654169082641
190000	1900	4024.3226606845856	0.0	0.0	0.0	0.0	0.0	0.007606523826078046	-4.505335321535356	-107.70906617999077	0.009149409467885998	465.4506717681885	18.26565043926239
200000	2000	4239.842207431793	0.0	0.0	0.0	0.0	0.0	0.0067969618902134245	-4.791392565053887	-355.635437895298	0.00529225050276036	491.72799137115476	-1.0264602971076966
210000	2100	4451.860095024109	0.0	0.0	0.0	0.0	0.0	0.0063917478000803385	-5.16585479585547	-359.1550017361641	0.004213597992866944	438.44332263946535	1.8753793680667876
220000	2200	4660.679066419601	0.0	0.0	0.0	0.0	0.0	0.0063564948058410665	-5.489555473250337	-460.6573263130188	0.005909568992773291	380.1108029937744	3.8786912524700163
230000	2300	4869.070437192917	0.0	0.0	0.0	0.0	0.0	0.005469564412116597	-6.002508079655469	-381.5184322957397	0.0025283458116975755	349.5020832824707	-8.240429801940918
240000	2400	5077.535887718201	0.0	0.0	0.0	0.0	0.0	0.004976463846418483	-6.61059580989927	-550.7706161565781	0.0019305808528139491	548.1479742431641	4.247146270275116
250000	2500	5285.395213603973	0.0	0.0	0.0	0.0	0.0	0.004275121498583757	-7.353677102729678	-548.0006881804467	0.0020543793827696487	471.3387662506104	0.921483907699585
260000	2600	5493.208926439285	0.0	0.0	0.0	0.0	0.0	0.003981010945390153	-7.949435989424586	-492.6069626171589	0.0016380738218610405	567.044353981018	22.998495473861695
270000	2700	5701.182205915451	0.0	0.0	0.0	0.0	0.0	0.0038944554717745632	-8.292174410626291	-617.3873911261559	0.0021096978693217468	185.82507694244384	-4.505295147895813
280000	2800	5912.156907081604	0.0	0.0	0.0	0.0	0.0	0.0038136310147237965	-8.719997475191951	-628.792967305243	0.0013058187530364718	222.63591094970704	5.240822293758392
290000	2900	6122.656523227692	0.0	0.0	0.0	0.0	0.0	0.0033815116062760353	-9.637164160773159	-694.1133541758061	0.0016728092255886983	1092.6541760253906	3.46366015791893
300000	3000	6332.814074039459	0.0	0.0	0.0	0.0	0.0	0.003114535493987205	-10.625025752350687	-717.5390998487472	0.0020421723905613342	1648.9887667846679	-21.47885612398386
310000	3100	6542.737921237946	0.0	0.0	0.0	0.0	0.0	0.0022471561390484565	-11.844047246426344	-738.2211140326857	0.0019945625750771717	551.3549191284179	0.793118109703064
320000	3200	6752.97856593132	0.0	0.0	0.0	0.0	0.0	0.0014354213311744389	-12.924712141752243	-693.6554328670502	0.0027345019493352704	715.0141371154785	16.580498142242433
330000	3300	6962.126187086105	0.0	0.0	0.0	0.0	0.0	0.0013042770516476594	-13.610268661260605	-550.510166759491	0.0018376411424032375	520.1432902526856	9.513816986083985
340000	3400	7172.839416742325	0.0	0.0	0.0	0.0	0.0	0.0012903139884729172	-13.76369342637062	-486.940432967186	0.002690687463971369	376.9555350494385	3.533835441172123
350000	3500	7383.530680656433	0.0	0.0	0.0	0.0	0.0	0.0012935764134381317	-13.91347696518898	-642.3072743003369	0.0020504355136345916	446.52522598266603	-12.012574464082718
360000	3600	7593.415614366531	0.0	0.0	0.0	0.0	0.0	0.0012333943335179356	-14.345103179454803	-708.2826635539532	0.002312392252875832	603.2178153991699	-8.148977279663086
370000	3700	7805.497287988663	0.0	0.0	0.0	0.0	0.0	0.0012301764177900622	-14.484817730903625	-670.15774360466	0.0011710594866312625	621.5082888031006	-2.1964544582366945
380000	3800	8013.877820730209	0.0	0.0	0.0	0.0	0.0	0.0012214942810533102	-14.965554909706116	-984.4179467954635	0.0006848233333686578	2691.5314294433592	43.12231364250183
390000	3900	8222.270612478256	0.0	0.0	0.0	0.0	0.0	0.001205346493574325	-15.71227508020401	-1109.1061576118468	2.3319788727198574e-27	321.1616854095459	-10.90416219830513
400000	4000	8432.592650175095	0.0	0.0	0.0	0.0	0.0	0.0011730754819727735	-16.524273624420164	-1098.508986916542	3.6688233805897845e-05	305.9630076026917	-9.430831899642945
410000	4100	8642.04481959343	0.0	0.0	0.0	0.0	0.0	0.0011800543701247078	-17.01644459629059	-730.6147609724999	0.0009118397513396068	2773.7364541625975	-3.528381462097168
420000	4200	8852.070443630219	0.0	0.0	0.0	0.0	0.0	0.0011714782972703688	-17.00404518222809	-720.188555229187	0.0017053823694128934	580.2705588531494	-19.00628054499626
430000	4300	9062.735622406006	0.0	0.0	0.0	0.0	0.0	0.0012070878132944926	-16.887881212234497	-653.5212386760712	0.000992202201704656	382.3616961669922	3.1169518852233886
440000	4400	9273.024469137192	0.0	0.0	0.0	0.0	0.0	0.0011957726881373673	-16.68076312828064	-711.9391632304191	0.001065713675239333	415.30821954727173	8.737200984954834
450000	4500	9484.628241539001	0.0	0.0	0.0	0.0	0.0	0.0012254183473269223	-16.645518916130065	-692.2024456959963	0.001197149135088726	103.88409426689148	-7.235096430778503
460000	4600	9695.166158676147	0.0	0.0	0.0	0.0	0.0	0.0012463083309703507	-16.856949395179747	-928.0709434199333	0.002092894898950004	411.59857181549074	6.974186596870422
470000	4700	9906.027189970016	0.0	0.0	0.0	0.0	0.0	0.0012178477019479032	-17.44216787290573	-827.6523312835693	0.0019181678955977868	600.8147689819336	-19.796730091571806
480000	4800	10122.51537847519	0.0	0.0	0.0	0.0	0.0	0.0011976730976530235	-17.74593090057373	-752.6922713317871	0.001233008337794451	317.6412762069702	12.166119912266732
490000	4900	10335.497738361359	0.0	0.0	0.0	0.0	0.0	0.001196161052546813	-18.18848313808441	-1095.7555938543678	0.0007544400363900576	773.5710890197754	2.595497289896011
500000	5000	10547.660896778107	0.0	0.0	0.0	0.0	0.0	0.001175472341972636	-18.88676746082306	-1129.9722074198723	0.0007268448237234933	350.4304660797119	0.4222365939617157
510000	5100	10759.600422620773	0.0	0.0	0.0	0.0	0.0	0.00119060583558894	-19.123057306289674	-1105.1553908572198	0.0013826424504600832	772.4000788879395	4.380654344558716
520000	5200	10971.468829154968	0.0	0.0	0.0	0.0	0.0	0.001177005735655257	-19.257464962005614	-1166.355487237692	0.0	1819.4668232727051	-28.827162799835204
530000	5300	11184.021882295609	0.0	0.0	0.0	0.0	0.0	0.0011910449265051283	-19.434012396812438	-1255.0251584119796	3.19533394567192e-30	243.88625827789306	5.307077951431275
540000	5400	11399.809627532959	0.0	0.0	0.0	0.0	0.0	0.0012023805590943085	-19.615755904197695	-853.3136255576611	0.0014703386092169693	453.9673553466797	-12.494085326194764
550000	5500	11612.659892082214	0.0	0.0	0.0	0.0	0.0	0.0011994376414149884	-20.02870238494873	-885.6654161882401	0.0004084053700390442	324.52802127838135	-20.12752447605133
560000	5600	11824.821429014206	0.0	0.0	0.0	0.0	0.0	0.00117853987912531	-20.342749165534972	-841.2208046984673	0.0011653662216029321	455.65497451782227	1.190605480670929
570000	5700	12035.542174816132	0.0	0.0	0.0	0.0	0.0	0.0011492804403096671	-20.68443641281128	-883.7044510717392	0.0011071223116291336	291.71337589263914	3.604173880815506
580000	5800	12246.255299329758	0.0	0.0	0.0	0.0	0.0	0.001144970098983322	-20.936164184570313	-880.2383188800811	0.0015236929469550327	526.8325543212891	-8.199687594175339
590000	5900	12458.00332570076	0.0	0.0	0.0	0.0	0.0	0.001123639189703681	-21.04274990558624	-777.4472921524048	0.001480198976725701	344.23604579925535	7.856251046061516
600000	6000	12668.563043117523	0.0	0.0	0.0	0.0	0.0	0.0011210777676387807	-21.06333259010315	-833.7636576919556	0.0004021364204930201	269.0055425262451	-0.7671436309814453
610000	6100	12878.296172142029	0.0	0.0	0.0	0.0	0.0	0.0011183323393051977	-21.026804739952087	-665.3685957919955	0.0014305553342379325	540.386932220459	9.433124772906304
620000	6200	13092.451451301575	0.0	0.0	0.0	0.0	0.0	0.001159025359324005	-20.6226534614563	-741.6957773604393	0.002003936463874907	345.66774101257323	14.452078776359558
630000	6300	13305.142542362213	0.0	0.0	0.0	0.0	0.0	0.0011806361970884609	-19.894116676330565	-476.51419399142264	0.002298416332600904	550.7962786102295	8.006647585630416
640000	6400	13518.650573015213	0.0	0.0	0.0	0.0	0.0	0.0012525900194377754	-18.81927008962631	-454.8184464495182	0.00264760123188577	739.5662219238282	-6.4160101574659345
650000	6500	13729.912787914276	0.0	0.0	0.0	0.0	0.0	0.001724634788777621	-17.386798939466477	-232.56722870635986	0.004159896402186666	1143.4099696350097	7.761867606639862
660000	6600	13942.57850599289	0.0	0.0	0.0	0.0	0.0	0.001877515869346098	-16.05827490782738	-302.2929447574019	0.0022965793329294704	458.8542572784424	2.646001157164574
670000	6700	14155.098462581635	0.0	0.0	0.0	0.0	0.0	0.0020881598842242967	-14.89827525472641	-242.35866566860676	0.006529387064859254	393.6462321472168	-1.1577915060520172
680000	6800	14366.091073989868	0.0	0.0	0.0	0.0	0.0	0.0034453041231026875	-13.420046562585979	-48.27195227301121	0.0067582436450462705	242.221708984375	1.7496560090780258
690000	6900	14576.609716653824	0.0	0.0	0.0	0.0	0.0	0.004611667993696756	-12.05704908857122	-110.19955445480346	0.006546431421311032	721.4880618286132	-0.15267383486032485
700000	7000	14787.996763467789	0.0	0.0	0.0	0.0	0.0	0.005691978843737161	-10.607274415109307	-102.09640207672119	0.008287504972874008	293.10822006225584	-2.484170714020729
710000	7100	15003.677693843842	0.0	0.0	0.0	0.0	0.0	0.006381734081507602	-9.360471612427384	-117.4374979877472	0.006648455206199862	475.7591357421875	-3.050568365454674
720000	7200	15217.270859718323	0.0	0.0	0.0	0.0	0.0	0.007055273032878177	-8.07230532035604	-108.94303107202053	0.00805850111582055	470.9194662475586	-13.651020624637603
730000	7300	15429.729230880737	0.0	0.0	0.0	0.0	0.0	0.0076817648844880754	-6.893200866315514	-163.56318745803833	0.013990692380987442	620.0515623474121	1.6257639533281327
740000	7400	15640.167815208435	0.0	0.0	0.0	0.0	0.0	0.00784623667129199	-5.9513718523718415	-214.2109511947632	0.028254745012844938	666.1437315368653	4.423025791347027
750000	7500	15850.95088481903	0.0	0.0	0.0	0.0	0.0	0.007806711229379289	-5.1947208699919285	-265.68179914855955	0.027101636093926088	2041.7321673583983	0.9657296466827393
760000	7600	16062.955640077591	0.0	0.0	0.0	0.0	0.0	0.0077035324717571714	-4.791727926228195	-350.1440491027832	4.3075086679331657e-10	7380.180285644531	-4.366385223865509
770000	7700	16274.496862411499	0.0	0.0	0.0	0.0	0.0	0.007421536953854229	-4.760063900444656	-334.66871667480467	0.014213823996916137	6115.943071289063	1.2307293760776519
780000	7800	16486.127152204514	0.0	0.0	0.0	0.0	0.0	0.006984467399185633	-4.883695222113282	-330.75951889038083	0.03262329539979192	5829.33744140625	-3.3294204592704775
790000	7900	16701.359221935272	0.0	0.0	0.0	0.0	0.0	0.006748963253526199	-5.001356884453446	-387.1996457824707	1.871971150767349e-13	8189.52498046875	0.6085559582710266
800000	8000	16915.17754459381	0.0	0.0	0.0	0.0	0.0	0.006282912358014983	-5.285063499901444	-417.03469815063477	1.0272069770564888e-07	10765.38431640625	-4.423367938995361
810000	8100	17128.829162597656	0.0	0.0	0.0	0.0	0.0	0.00471137717377735	-5.923318420350552	-442.9355078430176	2.1611542046462873e-13	10532.898466796874	3.36016259431839
820000	8200	17343.317083120346	0.0	0.0	0.0	0.0	0.0	0.003535857785891267	-6.609114176511764	-469.0908756103516	2.2911820179392127e-07	12059.756611328125	3.634401943683624
830000	8300	17557.92936182022	0.0	0.0	0.0	0.0	0.0	0.002434890729065671	-7.356255923390388	-497.68000900268555	2.3470430202759927e-13	13074.615024414063	7.063946042060852
840000	8400	17771.59966301918	0.0	0.0	0.0	0.0	0.0	0.0017039967579564603	-8.121375084400176	-528.6688581848144	1.611191923086384e-07	16567.643017578124	-8.58624710559845
850000	8500	17982.755870103836	0.0	0.0	0.0	0.0	0.0	0.0009395490200436143	-8.951831139326096	-560.5192087097168	2.1158950890481018e-13	18940.772421875	-5.064473807811737
860000	8600	18194.854969263077	0.0	0.0	0.0	0.0	0.0	0.00035674612381138716	-9.647550139188766	-391.7282569122315	0.023159421876142262	3707.5269018554686	4.144793481826782
870000	8700	18406.8633184433	0.0	0.0	0.0	0.0	0.0	0.0002744300618638924	-9.894281631708145	-336.9738593978882	0.018739944559205027	2836.254091644287	-7.978993186950683
880000	8800	18622.233531713486	0.0	0.0	0.0	0.0	0.0	0.00038790102413134873	-9.862938801288605	-319.15743030548094	0.02652137795967766	1294.7255001831054	0.1607702887058258
890000	8900	18834.354283094406	0.0	0.0	0.0	0.0	0.0	0.00039733047433186284	-9.871602810382843	-349.5376732711792	0.026700245380731437	1836.6022412109376	-1.1096828985214233
900000	9000	19047.259149312973	0.0	0.0	0.0	0.0	0.0	0.0004232105445831955	-9.790355467319488	-322.45315632629394	0.016878829957171444	1494.4467938232422	-11.197515062391759
910000	9100	19259.980765342712	0.0	0.0	0.0	0.0	0.0	0.001119946920594554	-9.361066193282603	-115.62472562980652	0.006419338848544992	249.9801831817627	1.2382816010713578
920000	9200	19472.67114329338	0.0	0.0	0.0	0.0	0.0	0.0016877391486660933	-8.876624375492334	-187.43145528793335	0.011890694044758043	1774.0902459716797	9.996739082336425
930000	9300	19684.404207468033	0.0	0.0	0.0	0.0	0.0	0.0019414363126455888	-8.418480074541643	-105.93571787643432	0.005199181764546738	321.2270163345337	-1.5671660172939301
940000	9400	19895.68013882637	0.0	0.0	0.0	0.0	0.0	0.0025564395998374147	-7.910066177325323	-235.10724639463425	0.0009190597884928012	408.46822788238524	-0.45661590337753294
950000	9500	20107.71084833145	0.0	0.0	0.0	0.0	0.0	0.002837431008158216	-7.537458725409582	-223.54134829711913	0.0023114300844324356	363.4398418426514	14.015728672742844
960000	9600	20323.86256122589	0.0	0.0	0.0	0.0	0.0	0.003000935548731999	-7.177092192607001	-306.76997644519804	0.00044141342106221074	123.67623458862305	3.648399860560894
970000	9700	20536.577197790146	0.0	0.0	0.0	0.0	0.0	0.003127307319188315	-6.848489449458197	-297.8048647470474	0.0010856407548771145	127.30757057189942	0.727944769859314
980000	9800	20748.12297821045	0.0	0.0	0.0	0.0	0.0	0.0032266902381148234	-6.5346874327231195	-366.79414682209494	0.0003197648576931418	230.83828804016113	9.892045660614967
990000	9900	20961.149844169617	0.0	0.0	0.0	0.0	0.0	0.003274407302573309	-6.411331892209128	-399.8072673022747	0.0015490319326481976	153.0512180519104	-3.8828526020050047
1000000	10000	21174.412440776825	0.0	0.0	0.0	0.0	0.0	0.0031873068694858375	-6.602804731326177	-360.4996772758961	0.0008933530340319074	218.28818550109864	1.1321344608068467
1010000	10100	21384.223452091217	0.0	0.0	0.0	0.0	0.0	0.0032002950287260317	-6.7721562571097165	-353.2937257283926	0.002097104928951536	194.04605801582338	4.890845404267311
1020000	10200	21593.70534491539	0.0	0.0	0.0	0.0	0.0	0.0033033456608209237	-6.910106057601049	-500.4594306662083	0.0006168286035187931	332.7982570266724	-2.115288324356079
1030000	10300	21804.413395404816	0.0	0.0	0.0	0.0	0.0	0.003220835380754579	-7.217161231713369	-450.9343429250717	0.0007122261483639453	56.15673169136048	2.968578093647957
1040000	10400	22018.003881454468	0.0	0.0	0.0	0.0	0.0	0.0025591070068658153	-7.989474562453106	-526.239211124897	0.0008415209866285549	85.21445919036866	-4.401135526448488
1050000	10500	22232.402057170868	0.0	0.0	0.0	0.0	0.0	0.0022227219011328996	-8.612309671686962	-507.4145857000351	0.0004913971346541254	278.9635145187378	-4.219549964666367
1060000	10600	22444.03646159172	0.0	0.0	0.0	0.0	0.0	0.0019068523318710505	-9.310967797517776	-621.5214680894613	0.0017177123488061313	430.92197826385495	11.47232639312744
1070000	10700	22655.555612564087	0.0	0.0	0.0	0.0	0.0	0.001476761224490474	-10.045675699710847	-659.1337438421249	0.0003298566545181715	222.08349418640137	6.047109842896462
1080000	10800	22869.78680753708	0.0	0.0	0.0	0.0	0.0	0.0013435097696565207	-10.660239114761353	-695.1595918521881	0.00027009068237658	102.28725925445556	-8.552479981929064
1090000	10900	23083.44252514839	0.0	0.0	0.0	0.0	0.0	0.0012695569326315308	-11.217457467079162	-640.868243041873	0.001781291944926003	141.83337320327757	1.9101013839244843
1100000	11000	23297.433394432068	0.0	0.0	0.0	0.0	0.0	0.0012384463774142206	-11.770575897693634	-794.6508457679748	0.0004671338780845472	284.331655254364	0.8955922538042068
1110000	11100	23510.364514112473	0.0	0.0	0.0	0.0	0.0	0.001219164483809436	-12.356423052310944	-675.4184557416439	2.471302795671842e-05	146.0452653503418	2.429614391326904
1120000	11200	23723.177347183228	0.0	0.0	0.0	0.0	0.0	0.0011672245461304557	-12.835195258617402	-676.7491250386238	8.347655279604588e-05	56.979932432174685	-0.5550428131222724
1130000	11300	23936.620327472687	0.0	0.0	0.0	0.0	0.0	0.0011654096221282088	-13.409197285175324	-706.1127504057885	0.0008765820506847031	163.00448123931884	6.018952631950379
1140000	11400	24148.317137241364	0.0	0.0	0.0	0.0	0.0	0.001151190533015324	-13.87314471578598	-602.5933148498535	0.00182439331522749	285.4938634109497	13.540806622505189
1150000	11500	24358.60936355591	0.0	0.0	0.0	0.0	0.0	0.0011161979544085626	-14.211806665897369	-666.6438296740055	0.0011862112064683146	370.2332538604736	-17.800125049352644
1160000	11600	24569.99095082283	0.0	0.0	0.0	0.0	0.0	0.0011482640529829951	-14.239603204250336	-511.9527687847614	0.0012087192237147013	388.3479747390747	12.274838418960572
1170000	11700	24781.064675331116	0.0	0.0	0.0	0.0	0.0	0.001167675196495111	-14.190476347923278	-407.110067779541	0.003234993707315268	441.71002243041994	5.839343278408051
1180000	11800	24989.768213510513	0.0	0.0	0.0	0.0	0.0	0.0011924895440679393	-14.158233325004577	-489.72101962375643	0.0014404797904788622	208.98497604370118	9.082951568365097
1190000	11900	25201.50310730934	0.0	0.0	0.0	0.0	0.0	0.0011949469162063906	-14.047006989479065	-502.875550283432	0.00024790301549990377	187.65213317871093	11.903216968774796
1200000	12000	25411.042356967926	0.0	0.0	0.0	0.0	0.0	0.0011944756958691869	-13.793291601657867	-541.2082561159134	0.0018785204093013852	424.02605266571044	-4.672428684234619
1210000	12100	25618.628700971603	0.0	0.0	0.0	0.0	0.0	0.001213253399451787	-13.452232184886933	-489.776360319376	0.0001129029324660801	195.74127071380616	-3.494267907142639
1220000	12200	25831.46314382553	0.0	0.0	0.0	0.0	0.0	0.0012328816674853442	-13.215819536685943	-467.0187554950714	0.0012407951076131723	116.51471704483032	-1.683008987903595
1230000	12300	26043.57920885086	0.0	0.0	0.0	0.0	0.0	0.0012249737451638795	-12.833141180038453	-446.1562546854019	0.0014182457950713007	390.9609206771851	14.781272850036622
1240000	12400	26255.278468608856	0.0	0.0	0.0	0.0	0.0	0.0012379625438552466	-12.497157315731048	-538.6027058029175	0.0023273485107385443	79.79520931243897	-4.83246748149395
1250000	12500	26467.77889060974	0.0	0.0	0.0	0.0	0.0	0.0013191950245018233	-12.03942119693756	-450.6960479617119	0.0007568597211257289	301.76568017959596	12.370995462238788
1260000	12600	26679.837139368057	0.0	0.0	0.0	0.0	0.0	0.001330825367309444	-11.707576014518738	-565.4377785134316	0.0014625681083936485	169.31732833862304	-14.813315274715423
1270000	12700	26889.883722543716	0.0	0.0	0.0	0.0	0.0	0.001352002618921688	-11.435172739505768	-487.86189912319185	0.0013462458645816632	250.16084480285645	-6.091671290397644
1280000	12800	27101.570417404175	0.0	0.0	0.0	0.0	0.0	0.001364177539908269	-11.20498612356186	-475.479424780488	0.0009668700772005501	110.72102046966553	0.5124701434373855
1290000	12900	27309.111548900604	0.0	0.0	0.0	0.0	0.0	0.0014561664818538702	-11.023474027991295	-328.354212397933	0.0013414987381022289	802.0176459884643	7.083485540151596
1300000	13000	27517.278691768646	0.0	0.0	0.0	0.0	0.0	0.0014599719456091407	-10.9582486628294	-485.01879570674896	0.0009662812525933418	130.7798909187317	-1.407323690056801
1310000	13100	27730.657519817352	0.0	0.0	0.0	0.0	0.0	0.001497779213845206	-10.751830911278725	-307.047006023407	0.0030687646156420624	867.0885888671875	31.601593493819237
1320000	13200	27942.97891521454	0.0	0.0	0.0	0.0	0.0	0.001589397574069153	-10.525392576098442	-231.79000431549548	0.002930912894976806	1073.2375339508058	0.4358841323852539
1330000	13300	28154.53627204895	0.0	0.0	0.0	0.0	0.0	0.0017738276739910361	-10.205288352966308	-243.74716086637974	0.00273119011059001	994.29263381958	0.2402077102661133
1340000	13400	28363.741312742233	0.0	0.0	0.0	0.0	0.0	0.0021091512142229476	-9.854774647712707	-280.7370211367607	0.0036995992755377532	539.7261535644532	2.7376678764820097
1350000	13500	28573.109917879105	0.0	0.0	0.0	0.0	0.0	0.003135173816823226	-9.148472168326379	-150.62487245941162	0.01423911406979081	756.3011715698242	2.370165177285671
1360000	13600	28783.998796224594	0.0	0.0	0.0	0.0	0.0	0.0034038609349154284	-8.616988296270371	-203.03167159080505	0.010755033121910038	1166.450808868408	-2.733451645374298
1370000	13700	28994.73621249199	0.0	0.0	0.0	0.0	0.0	0.003991931117663626	-7.923117267012596	-132.4441671562195	0.004718245461952144	1083.018094177246	3.4021763801574707
1380000	13800	29204.554090976715	0.0	0.0	0.0	0.0	0.0	0.004362463576806476	-7.408548958361149	-160.2044333267212	0.006707466866908228	524.5361196517945	-2.1378924843668936
1390000	13900	29417.38295149803	0.0	0.0	0.0	0.0	0.0	0.004739932991185924	-6.718320068657398	-114.97672313034535	0.003992140373716025	474.0376844787598	4.202169095873833
1400000	14000	29626.81609725952	0.0	0.0	0.0	0.0	0.0	0.00514045099291252	-6.120438416659832	-162.74352969503403	0.002918203458304766	230.52553813934327	7.993997927606106
1410000	14100	29837.206062078476	0.0	0.0	0.0	0.0	0.0	0.005361067192076007	-5.733408648192882	-257.9009799460173	0.0011509425173613708	309.9129188919067	3.5744013583660124
1420000	14200	30046.843659877777	0.0	0.0	0.0	0.0	0.0	0.005265257501596352	-5.671476687729359	-361.67318777894974	0.004118423019397414	197.38546796798707	-3.6833581393957138
1430000	14300	30255.02031993866	0.0	0.0	0.0	0.0	0.0	0.0053118513931331105	-5.539890554249286	-362.93717955803874	0.001336351386894962	101.28659421920776	1.6477099919319154
1440000	14400	30464.24769115448	0.0	0.0	0.0	0.0	0.0	0.005327022878052957	-5.401491266071797	-248.12402097797394	0.0022558923248488165	345.72092840194705	15.100180224776269
1450000	14500	30672.304577350616	0.0	0.0	0.0	0.0	0.0	0.005363547239576292	-5.242641400873661	-234.31969500207902	0.003687218254100074	246.10557609558106	1.7265554296970367
1460000	14600	30880.232983350754	0.0	0.0	0.0	0.0	0.0	0.00522504338586441	-5.355738825261593	-408.0694717974663	0.0012922074756197808	91.47324779510498	5.421409523189068
1470000	14700	31090.363201618195	0.0	0.0	0.0	0.0	0.0	0.00468152556783025	-5.733138175427913	-434.58474854421615	0.0010506947456023212	140.5541506767273	5.35546371102333
1480000	14800	31298.910719633102	0.0	0.0	0.0	0.0	0.0	0.0038284277695056516	-6.3577743092179295	-540.0500662784576	0.0005549787987405068	111.51205236911774	-3.436248021051288
1490000	14900	31507.290442228317	0.0	0.0	0.0	0.0	0.0	0.0035559835237509107	-6.781114290297031	-417.49343403673174	0.0007002180970172108	202.82966333389282	12.588391852378845
1500000	15000	31716.25398182869	0.0	0.0	0.0	0.0	0.0	0.003029536961374106	-7.213701182901859	-238.97195064544678	0.0033689964984514142	382.6794618225098	-0.8045895621180534
1510000	15100	31925.97914290428	0.0	0.0	0.0	0.0	0.0	0.0026788281688059213	-7.5941890021562575	-386.1928652524948	0.001782794247544754	155.2750744819641	-2.4248320603370668
1520000	15200	32136.68616247177	0.0	0.0	0.0	0.0	0.0	0.0022344870559318224	-8.090634020328523	-389.4953514652252	0.0006911063678734689	95.2747812652588	4.5546371102333065
1530000	15300	32345.564680337906	0.0	0.0	0.0	0.0	0.0	0.0018935988341545454	-8.35770107603073	-299.6631035821438	0.0037059776224780522	442.7471831130981	9.203265430927276
1540000	15400	32555.23773908615	0.0	0.0	0.0	0.0	0.0	0.001752469410203048	-8.445900698900223	-314.91176044774056	0.002004420720119482	177.66898157119752	13.62306463241577
1550000	15500	32765.76027750969	0.0	0.0	0.0	0.0	0.0	0.0018754601895270753	-8.343396095395088	-138.50231001615523	0.0026024707404245857	422.38895820617677	-6.016235225200653
1560000	15600	32975.615181684494	0.0	0.0	0.0	0.0	0.0	0.0020560815093995186	-8.103177759885789	-291.278598539114	0.0028370557608235637	167.80831857681275	2.3411024761199952
1570000	15700	33185.387838602066	0.0	0.0	0.0	0.0	0.0	0.001997308227881149	-8.141562410354615	-292.87723362398145	0.0018953821312858747	96.27691514968872	4.611833969950676
1580000	15800	33394.660853624344	0.0	0.0	0.0	0.0	0.0	0.0019815169579014765	-8.22187725532055	-373.7006078624725	0.002185032330519299	179.81472297668458	11.079126741886139
1590000	15900	33604.885504722595	0.0	0.0	0.0	0.0	0.0	0.002142880731371406	-8.031258063435555	-204.77114673519134	0.0017641779873466938	197.68055854797365	4.958894861936569
1600000	16000	33816.36036348343	0.0	0.0	0.0	0.0	0.0	0.0023046989595604827	-7.661837754607201	-235.19918899989128	0.0032940088072255158	155.6801251220703	-4.790021925866604
1610000	16100	34027.07476186752	0.0	0.0	0.0	0.0	0.0	0.0024115434347477278	-7.285445729613304	-272.7610002220869	0.0013972790232194565	55.1373054599762	3.4684941837191583
1620000	16200	34237.45535540581	0.0	0.0	0.0	0.0	0.0	0.0024578741305012956	-7.058024121403694	-306.4886039031744	0.003594336040184367	123.76416719436645	8.606026357412338
1630000	16300	34448.01364326477	0.0	0.0	0.0	0.0	0.0	0.0024632939294242534	-7.061073769211769	-496.17870004940033	0.0017313508537467857	261.02312717437746	-19.57988730430603
1640000	16400	34658.07263445854	0.0	0.0	0.0	0.0	0.0	0.0024901846636639674	-7.103754703640938	-440.42552444791795	0.0008342634141802175	162.08409116744994	1.7837539494037629
1650000	16500	34868.715075969696	0.0	0.0	0.0	0.0	0.0	0.002511485533148516	-7.246907653927803	-521.4824138329029	0.0010817813208117573	218.859875831604	8.437794288992881
1660000	16600	35078.172169446945	0.0	0.0	0.0	0.0	0.0	0.0024643809691187925	-7.518049131274223	-466.5193346042633	0.0006155358796520332	135.02087985992432	-6.18985258102417
1670000	16700	35289.306448698044	0.0	0.0	0.0	0.0	0.0	0.002429940283036558	-7.663882082343101	-318.5286832152605	8.863543620605635e-05	152.73586388587952	2.53117062240839
1680000	16800	35500.02438497543	0.0	0.0	0.0	0.0	0.0	0.002394819013410597	-7.68222480392456	-181.54249967813493	0.0042292320517605935	227.01406833648682	0.219920397400856
1690000	16900	35710.110404253006	0.0	0.0	0.0	0.0	0.0	0.002695888232497964	-7.498959104776382	-122.29654462981225	0.005176662710771151	380.41138427734376	5.472291585206985
1700000	17000	35920.79429721832	0.0	0.0	0.0	0.0	0.0	0.0029732319000322603	-7.2562693791389465	-156.80722022485733	0.0028523946799090994	149.09096872329712	4.244814167618752
1710000	17100	36132.428250551224	0.0	0.0	0.0	0.0	0.0	0.0031183838838041993	-7.013659045696259	-174.24770820748807	0.003429506158958086	76.78102278709412	1.4994614523649217
1720000	17200	36343.33960843086	0.0	0.0	0.0	0.0	0.0	0.003143981445566169	-6.930213163971901	-215.46513642799854	0.0021710871452060537	188.33263290405273	10.21649279370904
1730000	17300	36555.43157720566	0.0	0.0	0.0	0.0	0.0	0.0031670004708430496	-6.920296183466911	-134.7893841944933	0.004139210420753702	131.64831216812135	3.1568153381347654
1740000	17400	36767.00919032097	0.0	0.0	0.0	0.0	0.0	0.0034710362682380948	-6.700570061802864	-142.84670327448845	0.0034938340904290058	174.683201751709	5.858074969649315
1750000	17500	36978.494206905365	0.0	0.0	0.0	0.0	0.0	0.0039003670542879262	-6.394215744376183	-141.51417675185203	0.007207045382179549	524.3074129104614	-3.4523826450109483
1760000	17600	37190.74856233597	0.0	0.0	0.0	0.0	0.0	0.004066983405078645	-6.010968944311142	-167.39758454990388	0.0013707006463797178	103.614154586792	-2.3014248824119568
1770000	17700	37400.587708473206	0.0	0.0	0.0	0.0	0.0	0.00423274480640248	-5.606264395236969	-211.8620981554985	0.002904621178931386	57.12409255027771	0.8619710037112236
1780000	17800	37610.564593315125	0.0	0.0	0.0	0.0	0.0	0.004309961262319121	-5.2779819977283475	-362.60380307269094	0.002025223657548352	104.09354236602783	-1.6485253369808197
1790000	17900	37822.82477402687	0.0	0.0	0.0	0.0	0.0	0.004342337514521205	-5.113520810127258	-372.7832714784145	0.0007835817896675281	69.61860426902771	-8.672378630638123
1800000	18000	38032.73336029053	0.0	0.0	0.0	0.0	0.0	0.004358484563461389	-5.048973404169082	-352.78428488874437	0.0012277006214697433	98.76107944488525	6.917692578136921
1810000	18100	38241.696808576584	0.0	0.0	0.0	0.0	0.0	0.004088587517937413	-5.236926663160324	-284.6634526388645	0.0013254270883577223	155.27366997718812	11.707471645474435
1820000	18200	38450.29269218445	0.0	0.0	0.0	0.0	0.0	0.004032394922251115	-5.279438330322504	-132.50755346167088	0.00666585657353144	342.00938846588133	0.4779449373483658
1830000	18300	38658.05430293083	0.0	0.0	0.0	0.0	0.0	0.003923163863626541	-5.301283353000879	-185.66057203531264	0.004233572704569028	97.93410871505738	0.9857414954900742
1840000	18400	38867.03529596329	0.0	0.0	0.0	0.0	0.0	0.0038930911288189234	-5.250936111599207	-142.6952537150383	0.003926918073929593	62.07220296859741	2.282138805836439
1850000	18500	39075.403311252594	0.0	0.0	0.0	0.0	0.0	0.00382280366923078	-5.178662255436182	-140.2688535065651	0.0033411711754217357	62.2281621837616	0.4157860137522221
1860000	18600	39282.686655282974	0.0	0.0	0.0	0.0	0.0	0.0038510455229261425	-5.078243928402662	-150.48699705696106	0.004643309070421715	388.77043128967284	-2.0299014407396316
1870000	18700	39490.2406232357	0.0	0.0	0.0	0.0	0.0	0.003565807063918328	-5.098108340471983	-157.42067642974854	0.0064993541677565575	1019.3687984848023	-3.6458705031871794
1880000	18800	39698.02838182449	0.0	0.0	0.0	0.0	0.0	0.0034431097765627782	-5.152390599638224	-132.5434305229187	0.004706325560568839	199.1215551185608	4.06103548258543
1890000	18900	39906.068979263306	0.0	0.0	0.0	0.0	0.0	0.0034045189068710895	-5.110770252019167	-134.16980960214138	0.003578390645800195	134.90040455818178	-3.3222441506385803
1900000	19000	40114.17477488518	0.0	0.0	0.0	0.0	0.0	0.003412439169565914	-5.142740152388811	-223.62404994654656	0.0005302047263935735	115.21059804916382	1.2114517557621003
1910000	19100	40322.24913454056	0.0	0.0	0.0	0.0	0.0	0.0034882187223993243	-4.981128724366426	-180.85443181300164	0.004577234169599287	251.88143074035645	12.733590936660766
1920000	19200	40530.378687381744	0.0	0.0	0.0	0.0	0.0	0.003575758298728033	-4.782428433686495	-241.35895368814468	0.002481073075339215	87.75755554199219	3.919846937060356
1930000	19300	40735.35455083847	0.0	0.0	0.0	0.0	0.0	0.0036305597930331715	-4.755491377145052	-339.37024098062517	6.7734194542804415e-09	259.1102004623413	4.630762348175049
1940000	19400	40940.323343753815	0.0	0.0	0.0	0.0	0.0	0.003564988070174877	-4.873344144850969	-371.95086078572274	0.00010052333285825413	75.73979915618897	-8.646966799199582
1950000	19500	41144.613027095795	0.0	0.0	0.0	0.0	0.0	0.003169827234269178	-5.315803382515908	-426.2912913827896	0.002260515291971036	158.30817026138305	1.952510585784912
1960000	19600	41350.96687746048	0.0	0.0	0.0	0.0	0.0	0.0029372491036483554	-5.759877254605294	-485.6277872276306	0.001539904579746276	57.045042219161985	-4.729822142422199
1970000	19700	41558.18153047562	0.0	0.0	0.0	0.0	0.0	0.0027597022007612394	-6.263581779360771	-452.8200576677322	0.0010982377775739021	82.9937410736084	6.360818009376526
1980000	19800	41765.17422199249	0.0	0.0	0.0	0.0	0.0	0.0026225978285146995	-6.764028638601303	-453.7367715494633	0.0006764787840262726	152.93664984703065	10.741995928287507
1990000	19900	41972.16754794121	0.0	0.0	0.0	0.0	0.0	0.0023221713589009598	-7.341672573387623	-466.9695715867281	4.3959439652947685e-05	84.9202301311493	8.566659398078919
2000000	20000	42179.46055340767	0.0	0.0	0.0	0.0	0.0	0.0021083537231606896	-7.956446669876575	-510.573091501236	0.00019970561909458194	118.07963371276855	12.68222118139267
2010000	20100	42387.30191588402	0.0	0.0	0.0	0.0	0.0	0.0018852674993540858	-8.639164951086045	-555.2527742245197	0.00037476845903190004	97.19680633544922	-7.210856432914734
2020000	20200	42594.226388692856	0.0	0.0	0.0	0.0	0.0	0.0016708345276420006	-9.332282322406769	-561.4543435604572	0.0009595653697959069	108.74760753631591	-0.6798166275024414
2030000	20300	42800.69078993797	0.0	0.0	0.0	0.0	0.0	0.0015293330619897461	-9.915048290729523	-650.4184682769776	0.0009180280655248434	107.45424812316895	-2.4782231044769287
2040000	20400	43006.7051718235	0.0	0.0	0.0	0.0	0.0	0.001373296607460361	-10.510345543384553	-595.897296081543	0.0038532663402562283	149.14390833854677	-16.520831241607667
2050000	20500	43213.20276546478	0.0	0.0	0.0	0.0	0.0	0.001245674080622848	-11.07262242078781	-619.4974903459549	0.001067539207334046	145.8349285888672	5.338889339864254
2060000	20600	43416.99933743477	0.0	0.0	0.0	0.0	0.0	0.0012110457570961445	-11.394011742591857	-481.04171013784406	0.0013069007574500477	89.3091463136673	0.6953221106529236
2070000	20700	43621.329065322876	0.0	0.0	0.0	0.0	0.0	0.0011875256495623035	-11.63258790922165	-582.3276869339943	0.000332183926572145	106.2832008934021	-7.619365189373493
2080000	20800	43827.765751838684	0.0	0.0	0.0	0.0	0.0	0.0011656038580622407	-11.920887851715088	-655.8080658960342	0.0012491983044593108	155.5168727874756	3.8427935576438905
2090000	20900	44032.02624821663	0.0	0.0	0.0	0.0	0.0	0.001161207664743415	-12.164925032138825	-564.3485699739456	5.080560513649111e-06	108.9922931098938	-10.022016725540162
2100000	21000	44236.16594219208	0.0	0.0	0.0	0.0	0.0	0.0011650264638956287	-12.315485924720765	-561.5389289631844	0.0005838334574001174	103.2072871351242	-10.552473617196084
2110000	21100	44439.63860344887	0.0	0.0	0.0	0.0	0.0	0.0011599567962766741	-12.39033521270752	-471.54985647296905	0.0018084125160617028	297.78735637664795	18.61406353712082
2120000	21200	44643.49513578415	0.0	0.0	0.0	0.0	0.0	0.0011676081233454169	-12.465750573635102	-519.275561401248	0.0007263099880727055	89.53897850036621	-12.029992771148681
2130000	21300	44846.747973680496	0.0	0.0	0.0	0.0	0.0	0.001261511873890413	-12.238947348594666	-251.14674287998676	0.00027802015348959617	234.9454250717163	7.3571577197313305
2140000	21400	45051.32204866409	0.0	0.0	0.0	0.0	0.0	0.001297941045704647	-11.935350204706191	-460.0202278813124	0.0005073099808355181	73.60386911392212	-2.0117515444755556
2150000	21500	45256.62326025963	0.0	0.0	0.0	0.0	0.0	0.001320580396510195	-11.703686143636704	-336.22726172053814	0.0008914317064850619	241.25110860824586	-19.301458988189697
2160000	21600	45463.36830186844	0.0	0.0	0.0	0.0	0.0	0.001356775018008193	-11.305572642087936	-342.7387118694782	0.0008232759400542056	191.17749408721923	-6.914879091978073
2170000	21700	45669.38647031784	0.0	0.0	0.0	0.0	0.0	0.0014374043539282866	-10.872322314739227	-299.494941087842	0.0009683573683210434	152.98686195373534	12.131373035907746
2180000	21800	45873.95091843605	0.0	0.0	0.0	0.0	0.0	0.0014288621789892205	-10.520665975093841	-394.3384025588036	0.001329031437234792	100.86470349311828	-11.46918041229248
2190000	21900	46077.71133899689	0.0	0.0	0.0	0.0	0.0	0.0014243427138280822	-10.359037040233613	-413.4147427303791	0.0009634710005689453	508.18555942535403	22.0427792263031
2200000	22000	46282.70229768753	0.0	0.0	0.0	0.0	0.0	0.001409676786912314	-10.284017838954925	-519.1670590233803	0.000812548190794987	276.2302308940887	8.697263484299183
2210000	22100	46487.7994081974	0.0	0.0	0.0	0.0	0.0	0.0014140017725949292	-10.322755021572114	-608.2167756538391	0.00010242109774632433	78.67972772598267	2.683938255310059
2220000	22200	46692.692522764206	0.0	0.0	0.0	0.0	0.0	0.001407033241535828	-10.416482248783112	-626.3831540932655	7.20346227869398e-05	117.77685626029968	4.997534847259521
2230000	22300	46896.510588645935	0.0	0.0	0.0	0.0	0.0	0.0013690291922466714	-10.63426663351059	-727.7215827884675	0.0004006096821756212	344.99273794174195	6.076410279273987
2240000	22400	47101.768198013306	0.0	0.0	0.0	0.0	0.0	0.0013849237128961249	-11.02618760585785	-756.804905543685	8.202449469007466e-05	276.47329277038574	3.4402992796897887
2250000	22500	47305.968113422394	0.0	0.0	0.0	0.0	0.0	0.0013953224951037556	-11.344589222431184	-652.6381316719055	0.0002225636074562266	135.1257361793518	5.608073236942292
2260000	22600	47508.70455622673	0.0	0.0	0.0	0.0	0.0	0.0012780830215415335	-12.000156915426254	-797.1916335418224	0.00043512926185380353	155.7274361228943	-12.526367616653442
2270000	22700	47712.17047548294	0.0	0.0	0.0	0.0	0.0	0.0012520247963329894	-12.47375648188591	-694.2548277721405	2.4000867544583105e-05	246.99060676574706	14.090952419638633
2280000	22800	47918.020183086395	0.0	0.0	0.0	0.0	0.0	0.0012152231603176915	-12.903647505998611	-617.1219781365395	0.0012614751149027158	99.24220088958741	5.714648473262787
2290000	22900	48125.417016744614	0.0	0.0	0.0	0.0	0.0	0.0011439781432090968	-13.371642856836319	-595.6298948869705	0.0006543592536145442	260.3973816299438	-15.368304615020753
2300000	23000	48334.045860767365	0.0	0.0	0.0	0.0	0.0	0.001112202882522979	-13.724840556621551	-470.9976512184143	0.00015378487771167996	133.7950624847412	9.67558261871338
2310000	23100	48543.59375119209	0.0	0.0	0.0	0.0	0.0	0.0011090697114887007	-14.023591977119446	-501.35533496260643	0.000589054993398798	32.562077369689945	-3.5830747938156127
2320000	23200	48755.492022275925	0.0	0.0	0.0	0.0	0.0	0.001111872214871255	-14.188094159126281	-600.8322162691355	0.0011771762309591165	108.02480784416198	6.846572794914246
2330000	23300	48966.82342171669	0.0	0.0	0.0	0.0	0.0	0.0011268289486288268	-14.144375409126281	-488.8287166671753	0.0003901014437423817	95.56735194206237	-5.175829500108957
2340000	23400	49177.57357907295	0.0	0.0	0.0	0.0	0.0	0.0011494756266583863	-13.969975684642792	-514.0307456145287	0.001442769997641712	163.7998860168457	-9.239356882572174
2350000	23500	49388.832654953	0.0	0.0	0.0	0.0	0.0	0.0011400918839171935	-13.725630833148957	-459.90023246276377	0.0017729282251201313	268.64747997283934	-8.545135731101036
2360000	23600	49600.631474494934	0.0	0.0	0.0	0.0	0.0	0.0011828092697505782	-13.258771541118621	-419.3886069459915	0.0017599704047941553	62.05970623016358	0.45215058982372286
2370000	23700	49812.41901469231	0.0	0.0	0.0	0.0	0.0	0.001238611845237756	-12.635182934761048	-313.5035984636545	0.0017137972331212415	231.75607635498048	-8.625679656863213
2380000	23800	50022.99612617493	0.0	0.0	0.0	0.0	0.0	0.0012486531513677618	-12.02055418395996	-358.94463180541993	0.00012833605241578222	71.0645496559143	2.0181002897024154
2390000	23900	50232.183329582214	0.0	0.0	0.0	0.0	0.0	0.0014769703887686774	-11.284922125220298	-158.51304988658427	0.0009788872500823937	492.1680239868164	-1.350047335624695
2400000	24000	50441.22905230522	0.0	0.0	0.0	0.0	0.0	0.002179628978130495	-10.314039275407792	-100.74856534290313	0.002509309115879433	384.08346199035645	4.177427115440369
2410000	24100	50648.57828474045	0.0	0.0	0.0	0.0	0.0	0.0026708808571529515	-9.444296235501767	-134.9494044160843	0.0047760302997954494	699.0058969116211	1.5502558183670043
2420000	24200	50855.76923751831	0.0	0.0	0.0	0.0	0.0	0.0030398252819431944	-8.622824724376201	-121.97650681757926	0.003443551692072723	113.81375513076782	0.26844103693962096
2430000	24300	51063.138944625854	0.0	0.0	0.0	0.0	0.0	0.003377142718600226	-7.972679240643978	-137.39771072220802	0.006091713336946416	183.81868507385255	-3.276469814777374
2440000	24400	51270.206490039825	0.0	0.0	0.0	0.0	0.0	0.0036253554650902517	-7.27312689179182	-134.79837634694576	0.003262222087874424	105.73686287879944	1.7682870431244373
2450000	24500	51477.09148168564	0.0	0.0	0.0	0.0	0.0	0.0038287159535684624	-6.665319428741932	-183.6825436167717	0.0008886276640575646	243.19549770355223	-1.532145647406578
2460000	24600	51683.2702627182	0.0	0.0	0.0	0.0	0.0	0.003922235296253348	-6.161417237818241	-209.54327290821075	0.002972851095604115	109.37208097457886	-6.733715088367462
2470000	24700	51888.38165783882	0.0	0.0	0.0	0.0	0.0	0.004011940460564802	-5.707524051725865	-198.9375681720972	0.0019298397515250542	86.67465037345886	8.995079507827759
2480000	24800	52093.76740145683	0.0	0.0	0.0	0.0	0.0	0.0041401655314548405	-5.354549578726291	-243.37504358172416	0.0013230428435326974	98.51702575683593	-5.242181992530822
2490000	24900	52297.35617804527	0.0	0.0	0.0	0.0	0.0	0.004152106212073704	-5.257803715288639	-323.4114692955017	0.0005965087451325461	133.72009607315064	10.29609336078167
2500000	25000	52501.64154911041	0.0	0.0	0.0	0.0	0.0	0.004193829154915875	-5.113479694783687	-287.17330117583276	0.0004837201288217479	91.61403630256653	-5.492238703370094
2510000	25100	52708.32671070099	0.0	0.0	0.0	0.0	0.0	0.004256993120565312	-4.959960952222347	-218.0464563179016	0.004015848718267092	159.4031226539612	-2.743361625671387
2520000	25200	52914.67607498169	0.0	0.0	0.0	0.0	0.0	0.004129344738117652	-4.868555417478085	-170.65673900699616	0.00274296337387805	157.54981060028075	-4.982873521149158
2530000	25300	53121.12629699707	0.0	0.0	0.0	0.0	0.0	0.0035500281655986327	-4.963464628756046	-176.7825412569046	0.0017811242398529032	90.57614066123962	-1.8425630336999894
2540000	25400	53326.6459209919	0.0	0.0	0.0	0.0	0.0	0.0032524289455323012	-5.030239623427391	-166.78205220973493	0.0032032784112366254	77.80666967391967	-0.09986498236656188
2550000	25500	53531.95451259613	0.0	0.0	0.0	0.0	0.0	0.0030065997471974697	-5.12882171523571	-163.32899786496162	0.0019514563001686337	59.43969638347626	3.520593326538801
2560000	25600	53738.606405735016	0.0	0.0	0.0	0.0	0.0	0.0026996656786941456	-5.369254214406014	-333.1131624730825	0.0017637722121878485	165.38312000274658	0.7922967651486397
2570000	25700	53944.611964702606	0.0	0.0	0.0	0.0	0.0	0.0025303691176231952	-5.754388082742691	-347.3897464380264	0.0012102895389782843	120.98506874084472	11.048308401107787
2580000	25800	54150.30820894241	0.0	0.0	0.0	0.0	0.0	0.0023675338121829552	-6.10761312508583	-388.46154163444044	0.0007751327159253331	90.96656106948852	6.536569627225399
2590000	25900	54355.474982738495	0.0	0.0	0.0	0.0	0.0	0.002268606339435792	-6.375112188816071	-379.87889976131913	7.080256776950309e-05	96.83466146469117	-12.474047198295594
2600000	26000	54562.363065719604	0.0	0.0	0.0	0.0	0.0	0.002205872328559053	-6.690907716035843	-386.43527291440967	0.0010261348655710083	43.123460249900816	2.7685051722079517
2610000	26100	54769.05723786354	0.0	0.0	0.0	0.0	0.0	0.002110785537181073	-6.986963848829269	-505.59783224010465	1.5988124783891197e-05	65.47317595481873	4.460589608550071
2620000	26200	54977.30592703819	0.0	0.0	0.0	0.0	0.0	0.0020528056077164366	-7.226997009515762	-491.13030100011827	0.002352958890040588	184.30794222831727	3.6326933017373086
2630000	26300	55185.36220860481	0.0	0.0	0.0	0.0	0.0	0.001957014939733199	-7.5657456220388415	-521.7522899580002	0.001168297839811671	76.51557731628418	4.151502857506276
2640000	26400	55393.89670395851	0.0	0.0	0.0	0.0	0.0	0.0018567936619583634	-8.019371409296989	-503.02550538921355	0.0004005708612945872	96.32021883010864	8.714103955030442
2650000	26500	55601.25411105156	0.0	0.0	0.0	0.0	0.0	0.0016408399508727597	-8.632450317263602	-573.9642555828094	0.0021834318559688813	169.40808223724366	3.0315255737304687
2660000	26600	55808.94998836517	0.0	0.0	0.0	0.0	0.0	0.0014639787219639401	-9.194440825223923	-509.41715151381493	0.0013476847926714682	250.8794663619995	-17.64738627433777
2670000	26700	56016.67216324806	0.0	0.0	0.0	0.0	0.0	0.0013450808896450326	-9.78327443575859	-506.18982107925416	1.5993589965031386e-06	34.82771636009216	6.481431698799133
2680000	26800	56224.66784787178	0.0	0.0	0.0	0.0	0.0	0.0012531121110150706	-10.368246594667434	-500.5603000998497	0.002051684193167049	89.51540278911591	-0.21997354090213775
2690000	26900	56432.85523104668	0.0	0.0	0.0	0.0	0.0	0.0012373434911787627	-10.718001262187958	-521.2816562628745	0.0002850284447339347	67.02650574684144	-0.5901146367192268
2700000	27000	56639.44160199165	0.0	0.0	0.0	0.0	0.0	0.0012036476817520452	-10.920274881362914	-501.72985522031786	0.0013321531943920302	119.67974191188813	-9.569831924438477
2710000	27100	56846.24756884575	0.0	0.0	0.0	0.0	0.0	0.0011779919395412434	-10.976877969741821	-493.62133320426943	0.0003595775704449988	117.2698756980896	1.561935639679432
2720000	27200	57053.382939338684	0.0	0.0	0.0	0.0	0.0	0.0011647904843048308	-11.123097047805786	-497.22826387548446	0.0014175656503632168	76.40322484016419	-7.634019622802734
2730000	27300	57257.78307032585	0.0	0.0	0.0	0.0	0.0	0.0011556889469247836	-11.312978032588958	-592.9064809379578	0.0008604477073907877	91.70392442703248	-3.061339658200741
2740000	27400	57461.407343149185	0.0	0.0	0.0	0.0	0.0	0.0011584346973722859	-11.56723047542572	-626.7694985198974	0.001629746504973105	62.0940309715271	0.4952786988019943
2750000	27500	57665.635832071304	0.0	0.0	0.0	0.0	0.0	0.001156508492455032	-11.754778891563415	-602.222097981453	6.440350840457617e-08	40.62484683513642	-4.159585387259722
2760000	27600	57869.15691304207	0.0	0.0	0.0	0.0	0.0	0.001144620329618192	-11.984293511867524	-663.0974459412098	0.0001388884352689057	57.997520356178285	-8.459500200897455
2770000	27700	58073.27749967575	0.0	0.0	0.0	0.0	0.0	0.0011619039437973696	-12.064933100223541	-558.2955105209351	2.269547593595259e-06	103.79605654239654	9.851732778549195
2780000	27800	58278.4145116806	0.0	0.0	0.0	0.0	0.0	0.0011468294054102443	-12.083021519184113	-536.4847154178619	0.000722140015229923	69.45569446563721	8.833500254154206
2790000	27900	58482.59620976448	0.0	0.0	0.0	0.0	0.0	0.0011546440229249129	-12.184467728614807	-536.3118693603277	2.7511290711020395e-07	65.58790596961975	-8.231183439791202
2800000	28000	58687.97157120705	0.0	0.0	0.0	0.0	0.0	0.0011828214427259808	-12.249728810310364	-578.0994690113067	0.0012947061714692768	55.40218653678894	-8.731947085857392
2810000	28100	58891.9217607975	0.0	0.0	0.0	0.0	0.0	0.0011768732919481407	-12.298957884311676	-519.4820439380408	0.00011342044622901536	54.55732031822205	-5.933864269256592
2820000	28200	59096.562702417374	0.0	0.0	0.0	0.0	0.0	0.0011536226694042852	-12.293419239521027	-564.3541035938263	0.0011098256877616198	228.89708000183106	-18.865976760387422
2830000	28300	59301.418397665024	0.0	0.0	0.0	0.0	0.0	0.001160489457211952	-12.2294907746315	-427.681699529171	0.001141353017949469	121.85009617805481	4.54048637509346
2840000	28400	59506.02399945259	0.0	0.0	0.0	0.0	0.0	0.0011669966356312215	-12.124121577262878	-391.1814340252876	0.001603583365996007	341.0964129257202	17.774800386428833
2850000	28500	59711.65640449524	0.0	0.0	0.0	0.0	0.0	0.0011822997586459678	-12.169615821838379	-415.30317357754706	0.002262430820833588	66.21913005828857	-5.583339566588402
2860000	28600	59917.30761051178	0.0	0.0	0.0	0.0	0.0	0.001195231429002888	-11.897371620178223	-343.89814480137824	0.002230111465923329	371.93339126586915	7.408987877368927
2870000	28700	60122.48168516159	0.0	0.0	0.0	0.0	0.0	0.0012067194782939624	-11.38225048303604	-300.15482449615	0.0018660257400254846	141.4716039466858	-4.466973730921746
2880000	28800	60328.687225580215	0.0	0.0	0.0	0.0	0.0	0.0012908692598211928	-10.887587595701218	-298.327179895401	0.0010953261774455587	239.53828371047973	-13.083293008804322
2890000	28900	60534.38161563873	0.0	0.0	0.0	0.0	0.0	0.0013883019209897612	-10.32252139544487	-244.28429662227632	0.0024046279198671368	129.1871640586853	-4.017881560325622
2900000	29000	60738.630673885345	0.0	0.0	0.0	0.0	0.0	0.001484205324362847	-9.804672998905183	-281.47731532251834	0.0011083155989791253	218.8065458393097	10.830061107575894
2910000	29100	60941.257961034775	0.0	0.0	0.0	0.0	0.0	0.0015364013494981918	-9.378872157812118	-265.1638498573303	0.001105774557491482	51.4949223613739	2.7292678061127664
2920000	29200	61143.64429283142	0.0	0.0	0.0	0.0	0.0	0.0015532230273238383	-8.898662756443024	-281.8008187813759	0.0033935838881114446	42.129380087852475	0.2765346394479275
2930000	29300	61346.224616765976	0.0	0.0	0.0	0.0	0.0	0.0016861858879565262	-8.342117623329163	-165.18348045098782	0.0024285349242809157	191.31825565338136	-2.5565755224227904
2940000	29400	61549.756246089935	0.0	0.0	0.0	0.0	0.0	0.001819762294908287	-7.791412962913514	-296.57523123931884	0.0025108476331524637	166.27743152618407	4.750313158035278
2950000	29500	61754.69807982445	0.0	0.0	0.0	0.0	0.0	0.0019324072087329113	-7.351178509235382	-152.4204931550026	0.0020610499628122736	203.1563310432434	-2.966232666373253
2960000	29600	61959.388711214066	0.0	0.0	0.0	0.0	0.0	0.0022842208135843973	-6.84760152888298	-140.98302867019177	0.00381776635244665	162.99722114562988	4.134993045330048
2970000	29700	62163.32846617699	0.0	0.0	0.0	0.0	0.0	0.0024143242005520735	-6.4771070802211765	-160.8702845375538	0.003775611253920789	78.37585141181945	-4.340224186480046
2980000	29800	62365.98815822601	0.0	0.0	0.0	0.0	0.0	0.0025709992934425828	-6.002102243661881	-155.43968646335603	0.004536500278151384	85.57804828643799	-4.190701604783535
2990000	29900	62568.30198550224	0.0	0.0	0.0	0.0	0.0	0.002681356190965744	-5.6607120817899705	-153.65614086139203	0.0012113223920092006	44.13522508621216	3.5446576273441313
3000000	30000	62770.83293247223	0.0	0.0	0.0	0.0	0.0	0.002782391297543654	-5.394822435975075	-147.95031504416465	0.0035283609312674376	65.06757895469666	3.241566762924194
3010000	30100	62973.10134410858	0.0	0.0	0.0	0.0	0.0	0.002937023256235989	-5.186927598595619	-131.70341554355622	0.004007772582240297	299.6810161113739	-0.7145895463228226
3020000	30200	63175.67049074173	0.0	0.0	0.0	0.0	0.0	0.0030651849709684028	-4.98790566432476	-148.98428093850612	0.00290846328471847	64.38187329769134	1.031538438796997
3030000	30300	63379.53820133209	0.0	0.0	0.0	0.0	0.0	0.0031051898133591747	-4.800116336464882	-154.0791471762657	0.0018535427160729818	67.32782444000244	0.3167411185801029
3040000	30400	63585.34947371483	0.0	0.0	0.0	0.0	0.0	0.003417510133702308	-4.5378681416511535	-137.7777901953459	0.0022181888091544343	98.46439205169678	4.312921943664551
3050000	30500	63790.18538928032	0.0	0.0	0.0	0.0	0.0	0.003460630663088523	-4.347380842924118	-163.74282844638824	0.0025994168985240926	36.06512230396271	-3.782664292603731
3060000	30600	63995.58422923088	0.0	0.0	0.0	0.0	0.0	0.0033971328647457995	-4.263370295763016	-151.48581310772894	0.004362773395871869	46.3446267414093	0.5902230328321457
3070000	30700	64200.77722597122	0.0	0.0	0.0	0.0	0.0	0.0035063880120869725	-4.087450376749039	-144.7693231716156	0.0012386778603097719	179.54197383880614	3.5311464074254038
3080000	30800	64406.598562955856	0.0	0.0	0.0	0.0	0.0	0.003378158071544021	-3.9927675919532777	-143.08289525163173	0.005260432290411381	79.54768501281738	4.621712969988584
3090000	30900	64612.79319357872	0.0	0.0	0.0	0.0	0.0	0.0032141986699425616	-4.011235866785049	-160.83130489730834	0.0022885274335434085	50.28482194900513	-2.0875839579105375
3100000	31000	64818.54600048065	0.0	0.0	0.0	0.0	0.0	0.003163500347349327	-3.9711638326644896	-154.9212708492279	0.0027100567512642676	92.39541836738586	-1.0751260006427765
3110000	31100	65022.354313611984	0.0	0.0	0.0	0.0	0.0	0.003085418807633687	-3.9742545610666276	-169.14333498191834	0.005292482512309973	173.4079614830017	-1.1564605873823166
3120000	31200	65227.93938112259	0.0	0.0	0.0	0.0	0.0	0.003386578679957893	-3.9447962113022803	-153.6496995677948	0.0021844968424899343	774.8807188415527	-9.23421950340271
3130000	31300	65432.27078843117	0.0	0.0	0.0	0.0	0.0	0.003567554324341472	-3.8627637973427773	-122.51704666423798	0.0035544909367509333	118.29273545265198	-1.8866706931591033
3140000	31400	65636.95382380486	0.0	0.0	0.0	0.0	0.0	0.0033800049177953044	-3.865309746325016	-154.54739730548857	0.0021153038792312067	62.36047474861145	1.7941896748542785
3150000	31500	65841.52093029022	0.0	0.0	0.0	0.0	0.0	0.0032969297279487365	-3.864460796535015	-166.99651932418345	0.0013834508753931463	50.71402875900269	-6.019910697937012
3160000	31600	66045.60751605034	0.0	0.0	0.0	0.0	0.0	0.0032762670187512413	-3.8597785312533377	-149.51989595580102	0.0018517065683522657	102.91915406227112	3.0548243427276613
3170000	31700	66249.77314162254	0.0	0.0	0.0	0.0	0.0	0.0031482862673001366	-3.901520116388798	-143.1098952616453	0.0014202165717585918	157.82340057373048	0.5905346016585827
3180000	31800	66452.78790736198	0.0	0.0	0.0	0.0	0.0	0.003140805074421223	-3.9002374578118326	-165.64435658705236	0.0022091933569365996	49.06559642314911	-3.594009337425232
3190000	31900	66655.23253440857	0.0	0.0	0.0	0.0	0.0	0.003146379748650361	-3.9131112802624703	-162.6332008010149	0.003179439017081758	240.95451694488526	8.44016335248947
3200000	32000	66858.82211947441	0.0	0.0	0.0	0.0	0.0	0.003108422714169137	-4.010975130856037	-190.75834440779687	0.0012987982137049555	94.08066781997681	4.8212912940979
3210000	32100	67061.73850131035	0.0	0.0	0.0	0.0	0.0	0.0031565846207668074	-4.109457492411137	-181.70450697696208	0.0007078871193179884	79.91797842979432	5.225672559738159
3220000	32200	67266.18111562729	0.0	0.0	0.0	0.0	0.0	0.0031522311749868095	-4.175886677086353	-185.3448339394331	0.002436785650219083	96.98408276557922	8.839883822351695
3230000	32300	67470.62725925446	0.0	0.0	0.0	0.0	0.0	0.003181666853168281	-4.2467884085774426	-209.50008307242393	0.002561405921906431	43.160502967834475	3.038641722649336
3240000	32400	67675.75653386116	0.0	0.0	0.0	0.0	0.0	0.0030023800656199455	-4.34340797072649	-253.15510813963414	0.001265824943392767	80.48369209289551	-0.6232079051434993
3250000	32500	67880.93974161148	0.0	0.0	0.0	0.0	0.0	0.0027311665508605075	-4.506565673828125	-203.39492687046527	0.0012628047339113021	89.69445344924927	-1.0437615406513214
3260000	32600	68085.67734956741	0.0	0.0	0.0	0.0	0.0	0.0025775345571746582	-4.629887192845344	-197.8682127456665	0.001888362745945401	40.23706123352051	3.638963619172573
3270000	32700	68290.61808538437	0.0	0.0	0.0	0.0	0.0	0.002573561366472859	-4.730637356162071	-225.46491544747352	0.0009871258088122445	122.98945410728454	-1.5609138703346253
3280000	32800	68495.85071921349	0.0	0.0	0.0	0.0	0.0	0.002584924742288422	-4.921337363958359	-298.9568392394781	0.001267110578943214	94.96784963607789	-0.7522022396326065
3290000	32900	68699.36661577225	0.0	0.0	0.0	0.0	0.0	0.0025323796747252344	-5.177168816804886	-288.64459810233114	0.00226577470832235	71.0380311012268	1.7760200119018554
3300000	33000	68903.74247789383	0.0	0.0	0.0	0.0	0.0	0.002351627832977101	-5.5045494985580445	-299.0604689426422	0.0024809001496378063	127.40115797042847	13.796377716064454
3310000	33100	69107.47706484795	0.0	0.0	0.0	0.0	0.0	0.002281292225488869	-5.8239676883220675	-348.40382468771935	0.0008920135202660082	157.92082386016847	6.390115666389465
3320000	33200	69312.53652524948	0.0	0.0	0.0	0.0	0.0	0.0021811894818310976	-6.146904364824295	-387.59456396484376	0.0011581011173581852	120.14094667434692	-11.78226128578186
3330000	33300	69520.77228498459	0.0	0.0	0.0	0.0	0.0	0.0020391010774401365	-6.439772853136063	-363.37781037330626	0.0021589556930097075	267.976570854187	-15.65294687628746
3340000	33400	69729.95601272583	0.0	0.0	0.0	0.0	0.0	0.0018929662111768267	-6.748333483219147	-461.42876651763913	3.004374561842855e-06	86.11351875305176	0.7107509303092957
3350000	33500	69936.3902733326	0.0	0.0	0.0	0.0	0.0	0.0018623172768711812	-7.019361699342728	-363.4211528722048	0.0007886965157220072	255.14603914260863	-10.957970471382142
3360000	33600	70143.77946543694	0.0	0.0	0.0	0.0	0.0	0.0017625484233576572	-7.266667559623718	-372.6358252701759	0.0016358991803640303	61.26706890106201	-9.51379893541336
3370000	33700	70349.01560211182	0.0	0.0	0.0	0.0	0.0	0.001781633658814826	-7.327879383563995	-221.6015648728609	0.002213933393114637	127.95915046691894	6.2312404528260235
3380000	33800	70553.75138163567	0.0	0.0	0.0	0.0	0.0	0.0017597196726565015	-7.31984278678894	-216.20396641683578	0.003433941327704047	32.77402641296387	-1.00041363209486
3390000	33900	70759.58637022972	0.0	0.0	0.0	0.0	0.0	0.0017535063439718215	-7.458552317619324	-348.6995990917683	0.002058515026573195	124.3476389503479	-6.164654649496079
3400000	34000	70964.73467969894	0.0	0.0	0.0	0.0	0.0	0.0016538549770775716	-7.63152611041069	-267.0108943023682	0.0022087459679380026	228.0806190299988	14.876613301038741
3410000	34100	71170.17523860931	0.0	0.0	0.0	0.0	0.0	0.001576937406178331	-7.746785490036011	-361.65771470749377	0.0010462621682892418	39.89747220993042	2.8394660624861716
3420000	34200	71374.58091950417	0.0	0.0	0.0	0.0	0.0	0.0015626903250813484	-7.828526876211166	-408.1616663646698	0.0006095932177173257	46.834399709701536	-6.443332565426826
3430000	34300	71578.96368551254	0.0	0.0	0.0	0.0	0.0	0.0015737115148513113	-7.851882929086686	-401.6351595444679	5.882591756316766e-05	85.19880675315856	-9.108413980007171
3440000	34400	71784.87515449524	0.0	0.0	0.0	0.0	0.0	0.00161460204404284	-7.779257366418839	-261.49363821220396	0.002122917647588891	98.51167947769164	2.146379134953022
3450000	34500	71989.6342947483	0.0	0.0	0.0	0.0	0.0	0.0016703801295152516	-7.609656922578812	-311.0557875328064	0.0014289800359110606	73.15150436401368	3.20778063505888
3460000	34600	72194.1641061306	0.0	0.0	0.0	0.0	0.0	0.0017077193824006826	-7.472110741376877	-264.0284741207361	0.0036672662530403866	139.58362087249756	9.272917234301566
3470000	34700	72398.65326929092	0.0	0.0	0.0	0.0	0.0	0.0017120569559483556	-7.348923397779465	-347.9764891834259	0.003577974993108427	109.27069911956787	-2.731418137550354
3480000	34800	72604.68926095963	0.0	0.0	0.0	0.0	0.0	0.0016705039890657645	-7.357427637338638	-337.7407621817589	0.00048565571310274426	101.28324000358582	5.410235753059387
3490000	34900	72810.1446454525	0.0	0.0	0.0	0.0	0.0	0.0016759060400654562	-7.468551414728164	-443.37756843185423	0.0005773289394259205	42.74441894054413	-6.640072276592255
3500000	35000	73017.60857796669	0.0	0.0	0.0	0.0	0.0	0.0015994681458250852	-7.721070358991623	-440.0762084321976	0.0007600634696554407	111.48420373916626	1.9330866971611977
3510000	35100	73227.65228772163	0.0	0.0	0.0	0.0	0.0	0.0015176208141201642	-8.065844644784928	-425.0711139287949	0.000743935434366887	53.28462277889252	6.3091079524159435
3520000	35200	73438.30665230751	0.0	0.0	0.0	0.0	0.0	0.001499381184403319	-8.24124866271019	-437.0854973144531	0.0025393859287872497	230.51488595962525	8.713349646925927
3530000	35300	73649.06121325493	0.0	0.0	0.0	0.0	0.0	0.0015107887134799968	-8.394851199388505	-399.0720764253139	0.0019139176106100187	253.96362480163575	1.6428697729110717
3540000	35400	73861.87902617455	0.0	0.0	0.0	0.0	0.0	0.0014845904465619242	-8.389976024389266	-380.4465135500431	0.0008962447686316367	94.89903717041015	-7.0661238050460815
3550000	35500	74075.30538702011	0.0	0.0	0.0	0.0	0.0	0.001457982809530222	-8.335594091653824	-302.48178422164915	0.000634250634814796	285.8398596572876	10.281506458520889
3560000	35600	74289.58452177048	0.0	0.0	0.0	0.0	0.0	0.0014445341079408537	-8.288186929941178	-331.99257734203337	0.0012491736693775047	85.69125038146973	-6.658715801239014
3570000	35700	74503.01526927948	0.0	0.0	0.0	0.0	0.0	0.0014038008435309165	-8.345701650619507	-313.82276166796686	0.001571339350086577	225.1739118385315	16.90100456595421
3580000	35800	74715.18894481659	0.0	0.0	0.0	0.0	0.0	0.0013555108723521698	-8.443637009859085	-286.25882475066186	0.0033687786737670437	66.25129663467408	-7.4756115055084225
3590000	35900	74927.57666110992	0.0	0.0	0.0	0.0	0.0	0.0014005448553944006	-8.341151192903519	-247.0890314000845	0.0008583424115596064	49.07484564781189	-1.1538130170106888
3600000	36000	75143.28762078285	0.0	0.0	0.0	0.0	0.0	0.001519683247708599	-8.13895398759842	-198.64163297510146	0.0003374576060607064	111.91203256607055	0.8452306705713272
3610000	36100	75356.98903775215	0.0	0.0	0.0	0.0	0.0	0.0016281742849532748	-7.905168206334114	-194.1304055862427	0.0029944334242316046	109.77765290260315	7.34589288443327
3620000	36200	75569.90488171577	0.0	0.0	0.0	0.0	0.0	0.0017002496021887054	-7.529249020218849	-182.5121351158619	0.0024865208096354393	193.80585235595703	1.0103073966503144
3630000	36300	75782.14544725418	0.0	0.0	0.0	0.0	0.0	0.00175588065982447	-7.183134552836418	-183.20104885697364	0.0025217643104192694	118.23273820877075	3.7609811063110827
3640000	36400	75994.54012727737	0.0	0.0	0.0	0.0	0.0	0.0020276052240660648	-6.7291319332122805	-130.0488843550682	0.003834622217763656	203.04804233551025	4.621309125125408
3650000	36500	76207.06525087357	0.0	0.0	0.0	0.0	0.0	0.0022613804052962223	-6.267795730233193	-146.85335588932037	0.004485973824554937	154.26573839187623	-4.2106019353866575
3660000	36600	76418.94109797478	0.0	0.0	0.0	0.0	0.0	0.0023926599001570137	-5.830202159166336	-141.88294956088066	0.001649763456615733	86.1696603012085	2.9709099543094637
3670000	36700	76632.33117961884	0.0	0.0	0.0	0.0	0.0	0.002502297869839822	-5.494851175546646	-143.9510971633196	0.002678428346787303	48.82223455429077	0.5637750458717347
3680000	36800	76846.57503437996	0.0	0.0	0.0	0.0	0.0	0.002581388902865001	-5.1799580087661745	-160.69890714001656	0.0023429310249427774	47.101765422821046	-3.3067124287784098
3690000	36900	77059.3872756958	0.0	0.0	0.0	0.0	0.0	0.0026797761889611137	-4.916737545728683	-153.9855347841978	0.004660669141309069	90.95149576187134	1.370982687473297
3700000	37000	77272.63027215004	0.0	0.0	0.0	0.0	0.0	0.0027152468458371006	-4.6362630615234375	-168.98114171540738	0.0026286862203690796	68.06120334148407	1.910444974899292
3710000	37100	77485.54388475418	0.0	0.0	0.0	0.0	0.0	0.0027487055271922145	-4.394095835208893	-158.5415162962675	0.0017113082719681962	70.28772611618042	5.143521157503128
3720000	37200	77696.73285317421	0.0	0.0	0.0	0.0	0.0	0.0027119448955054393	-4.305432348012924	-180.3842772399187	0.001257789539770674	52.68976517677307	-2.3904974816739557
3730000	37300	77907.47409963608	0.0	0.0	0.0	0.0	0.0	0.0026432439970667473	-4.268363988995552	-156.89404364693164	0.002660659859252294	48.257616662979125	1.0269394981861115
3740000	37400	78116.08033776283	0.0	0.0	0.0	0.0	0.0	0.002574045769521035	-4.216312071442604	-176.29148912358283	0.0022632865695605756	78.75918296337127	5.380278405100107
3750000	37500	78326.08680534363	0.0	0.0	0.0	0.0	0.0	0.0025248718092916534	-4.186943994402886	-184.61139076197148	0.002649729540005681	71.84230023384094	-3.435404314994812
3760000	37600	78538.80658388138	0.0	0.0	0.0	0.0	0.0	0.002556058586866129	-4.1923138105869295	-169.73593260788917	0.001484439130889591	146.14874263763429	7.144783156216144
3770000	37700	78751.42834591866	0.0	0.0	0.0	0.0	0.0	0.0022588207561930174	-4.313671021580696	-179.456626129508	0.002163859162070069	88.66763134956359	0.17530218012630938
3780000	37800	78964.3557395935	0.0	0.0	0.0	0.0	0.0	0.0021619066658313387	-4.481844316959381	-206.11736862671376	0.0026230067143408285	49.773268699645996	3.007054739743471
3790000	37900	79175.46813583374	0.0	0.0	0.0	0.0	0.0	0.002097094484968693	-4.7378865705728535	-263.0250417327881	0.0011691710156908868	61.56742528915405	2.997112820222974
3800000	38000	79386.80499362946	0.0	0.0	0.0	0.0	0.0	0.0020321749378781535	-5.002398546814918	-274.9189886546135	0.003211315094904335	107.9565483379364	8.862029413580894
3810000	38100	79595.99872851372	0.0	0.0	0.0	0.0	0.0	0.0019684078243299157	-5.264324538588524	-283.61348785209657	0.0016491714235314975	41.53917704582214	-3.2281204259395597
3820000	38200	79806.24847793579	0.0	0.0	0.0	0.0	0.0	0.0019233991467190207	-5.483880603909492	-303.93828303360937	0.0031437874623055145	74.96951204299927	7.154720437526703
3830000	38300	80016.73497796059	0.0	0.0	0.0	0.0	0.0	0.0018855414707359159	-5.789386981129646	-352.8738536911011	0.00020312096503687517	70.66569820404052	2.082932808101177
3840000	38400	80228.41140341759	0.0	0.0	0.0	0.0	0.0	0.0018604298585414654	-6.114146000504494	-312.671418697238	0.0024515403130273786	75.51367455482483	1.2405621488392353
3850000	38500	80439.50478696823	0.0	0.0	0.0	0.0	0.0	0.0017930268825148232	-6.341741102814674	-311.7827760131359	0.0014388623085362991	112.14463115692139	-0.40266492605209353
3860000	38600	80649.10528969765	0.0	0.0	0.0	0.0	0.0	0.001802414373931242	-6.561193281531334	-312.57436944556235	0.0026835047051940626	38.00874559402466	3.387163115143776
3870000	38700	80861.0999686718	0.0	0.0	0.0	0.0	0.0	0.0017669516235473567	-6.838954489588738	-304.0333188035488	0.0018014442157621078	66.19806316375733	1.6286805880069732
3880000	38800	81073.39847826958	0.0	0.0	0.0	0.0	0.0	0.0017010159005294554	-7.089056944251061	-350.01447786915304	1.8659545728500996e-05	43.26333445072174	1.8429682940244674
3890000	38900	81283.85764956474	0.0	0.0	0.0	0.0	0.0	0.0016987818486813922	-7.271036331653595	-321.0548667945862	0.0008631430172961932	45.54051899909973	5.234329817295074
3900000	39000	81497.8091711998	0.0	0.0	0.0	0.0	0.0	0.0016741527532576584	-7.398726824760437	-305.2208063695431	0.0015506671392663675	53.23366673469543	-3.9628968977928163
3910000	39100	81710.52992844582	0.0	0.0	0.0	0.0	0.0	0.001620236283459235	-7.533947772026062	-329.40263356101514	1.0730351799336404e-05	70.23086026191712	1.583970274925232
3920000	39200	81924.0050342083	0.0	0.0	0.0	0.0	0.0	0.0016042121281352592	-7.502183917999267	-290.0019743592739	0.002316537563964343	70.40240087985993	-2.2434142434597018
3930000	39300	82135.45339560509	0.0	0.0	0.0	0.0	0.0	0.0015821992472774581	-7.439710592746734	-268.3027614423037	0.0011654781848135442	95.54635519981385	-7.714476822316646
3940000	39400	82346.27129292488	0.0	0.0	0.0	0.0	0.0	0.0016411892273899865	-7.331106670856476	-207.94483391666412	0.0005480181283967529	240.37217302322387	7.338223445415497
3950000	39500	82556.1456398964	0.0	0.0	0.0	0.0	0.0	0.0017352034627547254	-7.1902135863304135	-257.53464437973497	0.0014584010876539533	84.59794463157654	-5.833893759250641
3960000	39600	82765.06824588776	0.0	0.0	0.0	0.0	0.0	0.0017843872076045955	-6.970055220127105	-204.83936362838745	0.0014312760885508364	41.623111686706544	-0.540154584646225
3970000	39700	82974.13498091698	0.0	0.0	0.0	0.0	0.0	0.0018962749268539483	-6.725642453432084	-219.48326599025725	0.0022424498248756835	53.97930847167969	-4.705869568139315
3980000	39800	83184.57666230202	0.0	0.0	0.0	0.0	0.0	0.0019519045191409533	-6.568686172008515	-203.12262023198605	0.0017842993022054586	59.63067216873169	-3.4114286997914314
3990000	39900	83398.26977610588	0.0	0.0	0.0	0.0	0.0	0.001962622602994088	-6.414139465808868	-242.4351927405596	0.003748938880953511	37.83692975044251	-1.098505690842867
4000000	40000	83611.94214463234	0.0	0.0	0.0	0.0	0.0	0.001996421336662024	-6.294670280218124	-227.27611331641674	2.7324657778003637e-05	84.2409075164795	7.906433907598257
4010000	40100	83824.21868920326	0.0	0.0	0.0	0.0	0.0	0.0020147511128452604	-6.229017249107361	-274.84434825325013	0.0007908166707766395	40.52716148376465	-0.24408641785383225
4020000	40200	84036.22009396553	0.0	0.0	0.0	0.0	0.0	0.0019637622170266696	-6.193073421239853	-237.751922960639	0.002846486551270046	76.40274035453797	4.446996741890907
4030000	40300	84248.29587602615	0.0	0.0	0.0	0.0	0.0	0.001959620019959402	-6.155744651079178	-254.77225380396843	0.0007901595603619471	45.53195549488068	2.888834381699562
4040000	40400	84460.5467209816	0.0	0.0	0.0	0.0	0.0	0.001982285881531425	-6.117272784233093	-326.8340571151972	0.0003061105697641871	81.50786841392517	0.7709589006006717
4050000	40500	84672.60951304436	0.0	0.0	0.0	0.0	0.0	0.0019622600775328464	-6.158767551422119	-284.30281199789044	0.0014824431844752519	38.35789023756981	-2.33153371155262
4060000	40600	84885.10677599907	0.0	0.0	0.0	0.0	0.0	0.0019608741631236626	-6.198237049818039	-289.66229273223877	0.0002016685948394651	85.79136689186096	0.9306260490417481
4070000	40700	85100.14556884766	0.0	0.0	0.0	0.0	0.0	0.001879581850138493	-6.303275369405746	-263.9844465403557	0.0031207308096009266	40.79227110862732	-1.037648807168007
4080000	40800	85314.53388237953	0.0	0.0	0.0	0.0	0.0	0.0018075775894249092	-6.4209138588905335	-298.75625150871275	0.001168663147475317	107.29424621582031	-4.585404632091522
4090000	40900	85525.37041115761	0.0	0.0	0.0	0.0	0.0	0.0018048800971737365	-6.503185421705246	-251.0892939940691	0.0008659200153780435	43.09130470275879	-1.726561516970396
4100000	41000	85735.121489048	0.0	0.0	0.0	0.0	0.0	0.0017331986953649902	-6.597448127985	-234.22091406846047	0.0018440320663616519	47.172672538757325	0.06340500950813294
4110000	41100	85945.4461684227	0.0	0.0	0.0	0.0	0.0	0.0016773925019806484	-6.778490430116653	-360.5678723487854	0.0007638335440138942	28.211972026824952	-1.226907354593277
4120000	41200	86155.47378849983	0.0	0.0	0.0	0.0	0.0	0.0016351112252596068	-6.933008054256439	-300.83626064395906	0.0017473660948754222	43.139681358337405	3.8859816789627075
4130000	41300	86368.47180962563	0.0	0.0	0.0	0.0	0.0	0.0015742715648229932	-7.098520344495773	-352.50889648640157	0.001694333772626364	81.13539659500123	-0.04729172468185425
4140000	41400	86578.82623100281	0.0	0.0	0.0	0.0	0.0	0.001584073079378868	-7.264419794559479	-398.2682010335922	0.0032043623780788908	64.17679829597473	-3.617487214207649
4150000	41500	86789.57046842575	0.0	0.0	0.0	0.0	0.0	0.0015789363129224512	-7.466225406169891	-415.95041774833203	0.0007626421167689512	64.9309531211853	-4.222437052130699
4160000	41600	87004.19573259354	0.0	0.0	0.0	0.0	0.0	0.0015464975891372888	-7.679014221668243	-430.110404750824	0.0018741371887811419	41.134641819000244	-2.2862272138893602
4170000	41700	87215.09178638458	0.0	0.0	0.0	0.0	0.0	0.0015192448072193657	-7.806419979095459	-422.53814169239996	0.0021938090180529408	81.43915538787842	-8.1650994515419
4180000	41800	87423.89909172058	0.0	0.0	0.0	0.0	0.0	0.0014754705947489129	-8.044203233480454	-419.6795294837952	0.0014229641283549212	144.27270294189452	5.279029431343079
4190000	41900	87633.13414525986	0.0	0.0	0.0	0.0	0.0	0.0014618740575024277	-8.213246390819549	-396.8367886750698	0.0024050223350330644	148.9986670398712	3.8421831917762757
4200000	42000	87842.12175130844	0.0	0.0	0.0	0.0	0.0	0.001488178734369285	-8.393084380626679	-403.4709411077499	0.0013686388961301294	116.6421755695343	2.4143321573734284
4210000	42100	88052.32527279854	0.0	0.0	0.0	0.0	0.0	0.0014438782372963033	-8.525365627527236	-397.1553063583374	0.0013041962979448074	69.89566068649292	1.9246951995790005
4220000	42200	88262.16927242279	0.0	0.0	0.0	0.0	0.0	0.0013981620517079137	-8.77547652220726	-388.1207412252426	0.000888726888563006	130.98116842269897	4.364964116811752
4230000	42300	88471.9167098999	0.0	0.0	0.0	0.0	0.0	0.0013739746487917727	-8.95560657119751	-327.03037770295145	0.0003528517767469222	247.3689757347107	15.179052810370923
4240000	42400	88684.0502486229	0.0	0.0	0.0	0.0	0.0	0.0013795609051085193	-9.092421820163727	-422.5654552965164	0.0003434187079176716	337.1836066055298	9.82809911966324
4250000	42500	88896.30626130104	0.0	0.0	0.0	0.0	0.0	0.0013922822010863456	-9.226172384738922	-456.73236062812805	0.0012301744904846387	48.833231630325315	-4.1171827423572545
4260000	42600	89109.53347277641	0.0	0.0	0.0	0.0	0.0	0.0013966323686690884	-9.31106035375595	-443.10481236314774	0.0009749216428312	42.82376764297485	2.9073939329385756
4270000	42700	89322.13257360458	0.0	0.0	0.0	0.0	0.0	0.0013834558275411836	-9.383585172653198	-413.6577727549076	0.002679394341098794	57.20827551841736	-4.576432816982269
4280000	42800	89534.78672623634	0.0	0.0	0.0	0.0	0.0	0.0013904545256737037	-9.422421035289764	-400.58439162397383	0.0016113905017250839	131.87882436752318	-10.389540523290634
4290000	42900	89745.72886776924	0.0	0.0	0.0	0.0	0.0	0.0013812926625469118	-9.396526254177093	-391.15450572776797	0.0008238239656420621	108.74611703872681	4.166754584163427
4300000	43000	89956.63742780685	0.0	0.0	0.0	0.0	0.0	0.0013710736493012519	-9.38191646027565	-392.9559302310944	0.0019554575638362523	644.8425352478027	17.640349795818327
4310000	43100	90170.17791938782	0.0	0.0	0.0	0.0	0.0	0.001386551933537703	-9.36121865963936	-461.01319624900816	0.00044598805741381727	371.4189542388916	14.448559255599976
4320000	43200	90385.54392242432	0.0	0.0	0.0	0.0	0.0	0.001367426873694967	-9.405173503637315	-460.8397707409859	1.133343389351774e-06	192.40862899780274	-10.541860193014145
4330000	43300	90600.16374135017	0.0	0.0	0.0	0.0	0.0	0.0013656253719973393	-9.483550097942352	-355.18618616998197	0.0005364211836852677	58.11133276939392	5.097606438398361
4340000	43400	90813.64101338387	0.0	0.0	0.0	0.0	0.0	0.00137146855519768	-9.535745262622834	-456.32611415708067	0.0018194588146247046	232.1619526386261	11.891748311966658
4350000	43500	91026.62735271454	0.0	0.0	0.0	0.0	0.0	0.001344590757756123	-9.60542010498047	-382.7071570272446	0.0034989438448080577	104.54698820114136	-7.615165457427501
4360000	43600	91240.54899597168	0.0	0.0	0.0	0.0	0.0	0.001312068628817542	-9.584018934965133	-349.70658607411383	0.0020736654047784873	110.67611926078797	-8.32652361869812
4370000	43700	91453.82860088348	0.0	0.0	0.0	0.0	0.0	0.0013305777210198357	-9.469182205677033	-381.1258614463806	0.0005985307193853276	84.42560569763184	-1.0887913465499879
4380000	43800	91666.38294315338	0.0	0.0	0.0	0.0	0.0	0.0013217802398876302	-9.354966705322266	-336.5020551613569	0.001432955624481082	185.71917972564697	8.178646016120911
4390000	43900	91878.23629951477	0.0	0.0	0.0	0.0	0.0	0.0013207540549346958	-9.245135398864747	-346.9225944252014	0.0014154033844632839	53.8278431224823	-5.929214688539505
4400000	44000	92090.4681301117	0.0	0.0	0.0	0.0	0.0	0.0013398993658347536	-9.166048114299775	-407.81685703563693	0.0004294592816648025	116.92057454109192	6.322920164465904
4410000	44100	92302.6458773613	0.0	0.0	0.0	0.0	0.0	0.0013215790741533055	-9.147470628261566	-412.01556061840057	0.0017640721470135597	179.73431747436524	-11.859411759376526
4420000	44200	92513.25288462639	0.0	0.0	0.0	0.0	0.0	0.0013076655820923406	-9.163743625640869	-412.0745468354225	0.0013324798470012444	127.7806628894806	6.2710300540924075
4430000	44300	92723.73600816727	0.0	0.0	0.0	0.0	0.0	0.0013216478062540774	-9.159403658628463	-351.6797480318546	0.00018419842457491724	303.78636598587036	14.439817041903733
4440000	44400	92933.92075181007	0.0	0.0	0.0	0.0	0.0	0.0013073460596060612	-9.071820158481598	-414.3873362517357	0.0015060644107922326	184.14565399169922	9.051625463962555
4450000	44500	93144.25982880592	0.0	0.0	0.0	0.0	0.0	0.001307177316499292	-8.913694872617722	-337.32888303554057	0.0031099333888887845	39.48699987888336	-2.0770404034852983
4460000	44600	93354.45996761322	0.0	0.0	0.0	0.0	0.0	0.0012811074269993695	-8.833976068496703	-403.84163593769074	0.0022451419217395917	110.79164361953735	0.7175166001915931
4470000	44700	93564.64148640633	0.0	0.0	0.0	0.0	0.0	0.0013139494937640848	-8.70325501871109	-330.3571044149399	0.0013723481386085092	39.22268256187439	2.0635388004779815
4480000	44800	93775.86098980904	0.0	0.0	0.0	0.0	0.0	0.0013086047309334389	-8.552007232427597	-372.49606830549243	0.0012837401243603757	78.7273771095276	-3.7143711113929747
4490000	44900	93984.13137316704	0.0	0.0	0.0	0.0	0.0	0.001323598519884399	-8.525048086166382	-365.018460852623	0.0012634307069213197	93.57464389801025	4.147289111614227
4500000	45000	94193.54476690292	0.0	0.0	0.0	0.0	0.0	0.0012895157292805378	-8.571365714788437	-410.85843563723563	0.0028784665376820505	44.17244798660278	-4.8136780178546905
4510000	45100	94401.129144907	0.0	0.0	0.0	0.0	0.0	0.0012931111057841917	-8.65853875899315	-357.20999053120613	0.001447763851212405	72.53636070251464	-2.7266501277685165
4520000	45200	94608.41750502586	0.0	0.0	0.0	0.0	0.0	0.0012944355468353023	-8.659099462747573	-339.66468785631656	0.0017017587953678036	139.5227954864502	-2.191337537765503
4530000	45300	94815.28194832802	0.0	0.0	0.0	0.0	0.0	0.0012930041198123945	-8.629168987751006	-395.4336041173935	0.0017775591716891138	161.25328993797302	8.308700308799743
4540000	45400	95022.3776872158	0.0	0.0	0.0	0.0	0.0	0.0013165872697572922	-8.571154734134675	-342.69760490345953	0.0014544809958777112	223.180743598938	10.348311990499496
4550000	45500	95230.44838690758	0.0	0.0	0.0	0.0	0.0	0.0012843970493995585	-8.479041739463806	-299.920837105155	0.0015788755039210383	73.48054542541504	1.3006013663113116
4560000	45600	95441.10991048813	0.0	0.0	0.0	0.0	0.0	0.0013016093918995467	-8.372232243061065	-301.2763150997162	0.0015295564127839213	85.51989557266235	-5.225814288258553
4570000	45700	95650.94983577728	0.0	0.0	0.0	0.0	0.0	0.0013058938443864462	-8.275240371704102	-337.9609907786846	0.0024342639705662405	63.91831878662109	-4.727786402106285
4580000	45800	95862.14586186409	0.0	0.0	0.0	0.0	0.0	0.0012723799276282079	-8.287711063861847	-364.21978760147095	0.0018872136421376937	299.5626845741272	-7.545527200698853
4590000	45900	96071.70703268051	0.0	0.0	0.0	0.0	0.0	0.0012805174183304188	-8.316909088611602	-365.3273043965101	0.0030859828391972934	76.03314535140991	0.22567323118448257
4600000	46000	96282.09990215302	0.0	0.0	0.0	0.0	0.0	0.0012574638874648372	-8.354113801717759	-351.10544977760316	8.897584163584507e-06	81.61011507034301	4.99683202445507
4610000	46100	96490.5438709259	0.0	0.0	0.0	0.0	0.0	0.0012656300461967476	-8.415395498037338	-357.32060363197326	1.4650772575554822e-05	39.75773732185364	0.9228444486856461
4620000	46200	96700.27022504807	0.0	0.0	0.0	0.0	0.0	0.0012670982050476595	-8.402666276216507	-375.26823319232466	0.0017500484530232996	51.24317790031433	0.06171096444129944
4630000	46300	96912.31291675568	0.0	0.0	0.0	0.0	0.0	0.0012743299562571339	-8.34355388379097	-313.31367226731777	0.0026215170448616407	170.9474256515503	-11.621004185676576
4640000	46400	97126.23624110222	0.0	0.0	0.0	0.0	0.0	0.0012724078935862054	-8.255382128953933	-319.364994353652	0.0003231979997689785	61.776624584198	-2.6312100923061372
4650000	46500	97337.60031843185	0.0	0.0	0.0	0.0	0.0	0.0012629785894532689	-8.23873719549179	-350.0224500887394	0.0025759779100045137	43.424592599868774	-1.7801070523262024
4660000	46600	97549.8399105072	0.0	0.0	0.0	0.0	0.0	0.0012561340106767602	-8.228515684127808	-384.00556817436217	0.0035176790977940933	61.96373788833618	1.9864554777741432
4670000	46700	97762.41127610207	0.0	0.0	0.0	0.0	0.0	0.0012628520460712025	-8.215481137752533	-366.7466422586441	0.002324493034360952	27.51714674949646	-1.046554012298584
4680000	46800	97972.49076151848	0.0	0.0	0.0	0.0	0.0	0.0012588545820763101	-8.232755166530609	-344.79991397750376	0.0008370156034039714	183.89309619903565	1.457431664466858
4690000	46900	98181.49897313118	0.0	0.0	0.0	0.0	0.0	0.0012669354941608616	-8.364641948223113	-384.6854667663574	0.0013614673533982819	88.34580165863036	-1.5811123377084733
4700000	47000	98390.90112662315	0.0	0.0	0.0	0.0	0.0	0.0012572909689479274	-8.37112765622139	-308.3016807079315	0.000988871010299291	75.37092537879944	2.2638693886995314
4710000	47100	98601.41557693481	0.0	0.0	0.0	0.0	0.0	0.0013010130789480171	-8.327146007061005	-358.631771276474	0.0019175046065255759	84.24092693328858	-3.2866578197479246
4720000	47200	98812.65732431412	0.0	0.0	0.0	0.0	0.0	0.0012923766427556985	-8.26575498008728	-319.5679134464264	0.00048475692322388935	41.29409428596497	-1.3393210837244987
4730000	47300	99022.94336557388	0.0	0.0	0.0	0.0	0.0	0.0013044295425206655	-8.189497988939285	-291.8394510164261	0.0022814867471209295	320.53751461029054	16.64131039619446
4740000	47400	99233.27558374405	0.0	0.0	0.0	0.0	0.0	0.001311442197606084	-8.120382093906402	-295.08407341122626	0.0016179165767874729	31.46595193862915	-3.726631519794464
4750000	47500	99445.87635564804	0.0	0.0	0.0	0.0	0.0	0.0013268600281007821	-8.074918349027634	-340.2529108133316	0.0024760845915625484	129.91013254165648	4.886185083687305
4760000	47600	99662.22167921066	0.0	0.0	0.0	0.0	0.0	0.0013441236568178282	-8.069207940816879	-311.50621352398394	0.003087535605834648	92.26135414123536	1.3018180249631406
4770000	47700	99878.10778737068	0.0	0.0	0.0	0.0	0.0	0.0013270948598656106	-8.034306328058243	-322.90401957297325	0.0015621638551237944	62.00931007385254	-4.258820242881775
4780000	47800	100092.83561396599	0.0	0.0	0.0	0.0	0.0	0.00134231635411561	-7.947510699272156	-328.86055013608933	0.0014043415330558307	123.5086590576172	-10.369033479690552
4790000	47900	100308.09498977661	0.0	0.0	0.0	0.0	0.0	0.0013989713484916138	-7.8529383931159975	-323.71284169960023	0.0022205582303654165	83.57427684783936	-1.374668256342411
4800000	48000	100518.20594978333	0.0	0.0	0.0	0.0	0.0	0.0014048553184838966	-7.76399817276001	-304.63610112845896	0.003011755617050874	107.35104612350464	-7.501317157745361
4810000	48100	100728.27917313576	0.0	0.0	0.0	0.0	0.0	0.0014132913312932941	-7.710273333072663	-310.37095083165167	0.0005858366319408428	128.6258027458191	8.451640063077212
4820000	48200	100935.89369130135	0.0	0.0	0.0	0.0	0.0	0.0014024211280047893	-7.639904808044434	-329.366202188015	0.00016702892115524093	42.93468590736389	-4.469782987013459
4830000	48300	101140.73826050758	0.0	0.0	0.0	0.0	0.0	0.0014115889110544232	-7.676261435508728	-308.28466845154765	0.001957176760840262	217.1623370361328	6.913780552148819
4840000	48400	101344.85288071632	0.0	0.0	0.0	0.0	0.0	0.0013922593051975127	-7.684902525901794	-349.12036164796353	0.0016250403207504866	108.10762966156005	-8.363284430503846
4850000	48500	101550.82595658302	0.0	0.0	0.0	0.0	0.0	0.0014205333577119745	-7.6869796004295345	-321.2509792947769	0.0011788625670253298	33.10193712234497	-3.60234029866755
4860000	48600	101762.04778599739	0.0	0.0	0.0	0.0	0.0	0.0014081252902396954	-7.659260988473892	-303.7230919196606	0.0016348356491241722	69.22408731460571	-4.437649255394936
4870000	48700	101972.82425427437	0.0	0.0	0.0	0.0	0.0	0.0014370012755971402	-7.638191371202469	-269.035335701704	0.0018201194919890184	103.745717086792	-7.297745192050934
4880000	48800	102184.64846301079	0.0	0.0	0.0	0.0	0.0	0.0014436587202653753	-7.593514985799789	-301.98412778234484	0.0018515868597588187	158.18602241516112	6.913852438926697
4890000	48900	102395.0518040657	0.0	0.0	0.0	0.0	0.0	0.0014734595875197556	-7.601799536466599	-317.1338404045105	0.0009921530769730152	89.55487682342529	2.3532692712545393
4900000	49000	102606.44000315666	0.0	0.0	0.0	0.0	0.0	0.001489602331945207	-7.583100837230682	-292.4013047513962	0.0013490544576325696	84.19581302642823	4.720935048013925
4910000	49100	102816.58179879189	0.0	0.0	0.0	0.0	0.0	0.0014832021460460965	-7.595980420351029	-314.5483254652023	0.0019533986039705544	97.9368638420105	-5.887944717407226
4920000	49200	103026.45858097076	0.0	0.0	0.0	0.0	0.0	0.0014570779144996778	-7.600751197099686	-304.25639562392234	0.0001040597336990986	47.21676786899567	-2.8257457818090916
4930000	49300	103236.87096858025	0.0	0.0	0.0	0.0	0.0	0.0014729429125291062	-7.617633548021317	-261.34908459830285	0.0011686103284046232	326.0536020946503	16.037449040412902
4940000	49400	103448.74076890945	0.0	0.0	0.0	0.0	0.0	0.001467115737919812	-7.604427373170853	-300.45130656623843	0.0004434197681170082	55.88657178878784	-4.417971680164337
4950000	49500	103660.44140458107	0.0	0.0	0.0	0.0	0.0	0.0014867279705504189	-7.596378952026368	-315.05374861431125	0.000929513377494465	120.33030075073242	2.3246851426362993
4960000	49600	103873.28161454201	0.0	0.0	0.0	0.0	0.0	0.001495607212316827	-7.535991166591645	-309.94956513834	4.1824223385387145e-05	117.00258518218995	-8.026145370006562
4970000	49700	104082.47672057152	0.0	0.0	0.0	0.0	0.0	0.0015056510954018448	-7.4884658284187315	-304.60141033029555	0.000225712677389089	55.97527103424072	-3.598545499742031
4980000	49800	104290.33520746231	0.0	0.0	0.0	0.0	0.0	0.0015395611794519937	-7.456230489253998	-316.3718560686111	0.00023461818544059232	106.45758319854737	-4.890376794338226
4990000	49900	104500.62472319603	0.0	0.0	0.0	0.0	0.0	0.0015310350974468748	-7.460836396455765	-316.56738777923584	0.00012657460031212183	135.4205890274048	5.04228518858552
5000000	50000	104707.38474488258	0.0	0.0	0.0	0.0	0.0	0.0015579004704632097	-7.46847279381752	-289.66174083805083	0.00018216613638052652	37.724860172271725	-1.3898457825183868
