mean_dist	min_dist	max_dist	agent_within_SS	expert_within_SS
474.68226914693884	324.25524227849684	584.0971341931651	42.560069292673425	7.765060702991739
351.00743028332033	210.05314843523982	488.3691318434036	47.15519174145938	7.765060702991739
313.54184552602	210.0779514664767	410.4185308503575	50.32606943040802	7.765060702991739
169.66363345709027	85.17024659450236	224.4746577643059	29.793188207667498	7.765060702991739
147.76102697261277	90.91449593696501	281.1596748991695	38.13357315288447	7.765060702991739
60.68122243682882	15.672982182313644	159.11291387872606	30.593892128389484	7.765060702991739
577.7065751354962	369.8728996111789	1372.5705183954744	646.2695262005249	7.765060702991739
637.0683365606654	588.8555135454367	679.4384110437303	24.527140730586375	7.765060702991739
477.9403306297467	340.9289078415326	623.1808029718728	126.79086662037741	7.765060702991739
2033.7781807186268	2.2373880644459687	4075.746642610015	2036.2847286738713	7.765060702991739
2207.1323339289474	13.93123291383368	4075.746642610015	1934.5980900352147	7.765060702991739
4069.9860584175453	4058.5195383546384	4075.746642610015	0.3117691453623979	7.765060702991739
4069.9875645649317	4058.5341988464684	4075.746642610015	0.0	7.765060702991739
4069.9875645649317	4058.5341988464684	4075.746642610015	0.0	7.765060702991739
4069.9875645649317	4058.5341988464684	4075.746642610015	0.0	7.765060702991739
419.441606464237	359.8961849759568	481.15559786377867	20.287054721435602	7.765060702991739
350.53601447977377	280.67753875703954	440.3193821645047	20.561275051109803	7.765060702991739
260.6810215462043	209.93189974658148	321.57286408294624	24.565625462172747	7.765060702991739
241.7994211485975	148.7660009735441	316.0701724276087	37.62253704441967	7.765060702991739
252.17259508030722	121.90903401882696	1385.7982511811895	342.430722605627	7.765060702991739
468.0293157564826	10.66373453853064	1601.7973627858084	660.4807394115545	7.765060702991739
946.1851964256728	4.13358054131206	4075.746642610015	1408.8825392863716	7.765060702991739
3252.7707252170726	36.35924740413189	4075.746642610015	1308.5603958780794	7.765060702991739
4069.9875645649317	4058.5341988464684	4075.746642610015	0.0	7.765060702991739
4069.9875645649317	4058.5341988464684	4075.746642610015	0.0	7.765060702991739
4069.9875645649317	4058.5341988464684	4075.746642610015	0.0	7.765060702991739
4069.9875645649317	4058.5341988464684	4075.746642610015	0.0	7.765060702991739
3662.21202099302	32.4842910753285	4075.746642610015	734.0431118129234	7.765060702991739
838.5108680899251	220.85611368217482	4075.746642610015	1313.2056948443053	7.765060702991739
2438.2501492065935	316.1344097116298	4075.746642610015	1971.0944412248652	7.765060702991739
2438.203556631036	242.07081553843906	4075.746642610015	1969.430092874715	7.765060702991739
3252.198589029837	37.1707080704893	4075.746642610015	1310.3013172520245	7.765060702991739
2844.2196122579076	23.498583224046218	4075.746642610015	1718.641370338207	7.765060702991739
4069.9860584175453	4058.5195383546384	4075.746642610015	0.3117691453623979	7.765060702991739
3661.9123994326137	33.25062656051261	4075.746642610015	734.5823817653131	7.765060702991739
4069.9875645649317	4058.5341988464684	4075.746642610015	0.0	7.765060702991739
4069.9875645649317	4058.5341988464684	4075.746642610015	0.0	7.765060702991739
4069.9875645649317	4058.5341988464684	4075.746642610015	0.0	7.765060702991739
4069.9875645649317	4058.5341988464684	4075.746642610015	0.0	7.765060702991739
3255.53346522803	20.68021294458521	4075.746642610015	1303.1784912983844	7.765060702991739
4069.9860584175453	4058.5195383546384	4075.746642610015	0.3117691453623979	7.765060702991739
4069.9815841982854	4058.5195383546384	4075.746642610015	0.831384387633061	7.765060702991739
2844.1729394141007	175.53971730186143	4075.746642610015	1720.0173438794004	7.765060702991739
3661.4751302818772	181.56194366089335	4075.746642610015	736.3860274723845	7.765060702991739
3661.5397190507265	183.8023633324055	4075.746642610015	736.2910097509659	7.765060702991739
2029.1736394130344	156.74044390362792	4075.746642610015	2046.4148158541725	7.765060702991739
3661.3307218377936	193.8655461426088	4075.746642610015	736.7649516016107	7.765060702991739
2436.40469218437	124.2391989254805	4075.746642610015	1963.6855934205043	7.765060702991739
2844.6014368765773	148.57370927776603	4075.746642610015	1718.0348619735964	7.765060702991739
2844.457984239274	118.78460783150302	4075.746642610015	1717.5271870535805	7.765060702991739
2844.488416448775	89.45923195614863	4075.746642610015	1716.8067330182864	7.765060702991739
2436.5077384913084	69.31377087001884	4075.746642610015	1961.4153572683863	7.765060702991739
2844.840918236223	70.0951962472148	4075.746642610015	1716.0864021677087	7.765060702991739
2436.401013985049	53.88312468245104	4075.746642610015	1961.0145408898127	7.765060702991739
2436.405507223355	68.54863546314539	4075.746642610015	1961.2082433807707	7.765060702991739
2844.965406104039	53.365493832682404	4075.746642610015	1715.5421501652413	7.765060702991739
3661.4955443741856	70.05910137431749	4075.746642610015	735.4992714030788	7.765060702991739
2436.112853575348	48.50208950403241	4075.746642610015	1961.2821994136652	7.765060702991739
3253.035331186392	70.08727838559457	4075.746642610015	1307.6563303897335	7.765060702991739
2436.850952298102	50.72708469428777	4075.746642610015	1960.6816780698005	7.765060702991739
1212.0444019142128	55.45819075250368	4075.746642610015	1716.3543213344194	7.765060702991739
2028.8803794730857	74.52651665861622	4075.746642610015	2042.7814003006333	7.765060702991739
3253.0860078640535	75.47982355387731	4075.746642610015	1307.614214877483	7.765060702991739
1620.5690334551414	75.81697804051954	4075.746642610015	1961.3214649200174	7.765060702991739
2844.895621724937	75.81828791947717	4075.746642610015	1716.1801278093924	7.765060702991739
1620.3492234657033	68.94542004969168	4075.746642610015	1961.6994482873383	7.765060702991739
2844.750221079422	112.40936324480768	4075.746642610015	1716.9863033163324	7.765060702991739
2436.2402877279064	94.65606283427073	4075.746642610015	1962.4653612056675	7.765060702991739
2844.5438276934374	97.11942716358008	4075.746642610015	1716.9897320143068	7.765060702991739
2844.851231854641	125.40744719546288	4075.746642610015	1717.148826851168	7.765060702991739
2436.5133972736367	117.03479407066162	4075.746642610015	1962.7229587034085	7.765060702991739
2436.1919148601587	123.50765989228994	4075.746642610015	1963.0994598331476	7.765060702991739
2028.1567650998632	94.64335709377676	4075.746642610015	2044.0933486145273	7.765060702991739
2436.5438412194303	93.56799780169479	4075.746642610015	1962.1195234983002	7.765060702991739
3253.1635904833533	89.20112011467398	4075.746642610015	1307.588621171421	7.765060702991739
2844.7183751169623	69.712887840066	4075.746642610015	1716.1795803735408	7.765060702991739
3253.26788528561	89.19572432845804	4075.746642610015	1307.4208347828512	7.765060702991739
2028.3513117472903	69.320558986424	4075.746642610015	2043.236679163137	7.765060702991739
3661.408002086978	76.92236123541447	4075.746642610015	735.6865904704173	7.765060702991739
2028.1884689218525	90.13790112511475	4075.746642610015	2043.7177479997986	7.765060702991739
2028.3435671330515	89.1639290298529	4075.746642610015	2043.5697784074214	7.765060702991739
2028.0185773024111	75.85565051148961	4075.746642610015	2043.6721936238432	7.765060702991739
1620.0188830128493	93.37521664277125	4075.746642610015	1962.090250842281	7.765060702991739
2844.3442501257327	95.90320201778351	4075.746642610015	1717.511004919059	7.765060702991739
2844.7546589220774	115.71137405182708	4075.746642610015	1717.2682860006996	7.765060702991739
3661.3302294331575	148.95023201470312	4075.746642610015	736.3330553515436	7.765060702991739
4069.9875645649317	4058.5341988464684	4075.746642610015	0.0	7.765060702991739
3252.697560928917	148.96269695405755	4075.746642610015	1309.1650757988316	7.765060702991739
2436.440213968449	147.91508493815215	4075.746642610015	1963.280755189508	7.765060702991739
3252.519290966189	149.17307728255687	4075.746642610015	1309.4519355109398	7.765060702991739
2844.3912482261962	157.29462532254374	4075.746642610015	1718.7103944658297	7.765060702991739
3252.4567415148176	149.37559501686212	4075.746642610015	1309.5525182366835	7.765060702991739
1620.8329469098826	125.67608711512841	4075.746642610015	1964.3967588934531	7.765060702991739
1620.823903726489	123.54720311921953	4075.746642610015	1963.5503177197484	7.765060702991739
2844.2096404855893	124.2569884395887	4075.746642610015	1717.9279564737558	7.765060702991739
3661.2897698629404	117.30526997353822	4075.746642610015	736.1551862195598	7.765060702991739
2436.054450175961	117.30676742104076	4075.746642610015	1962.786224505995	7.765060702991739
2028.7512508260568	115.92789162267854	4075.746642610015	2044.3828804758407	7.765060702991739
3252.864595553985	118.58212279814813	4075.746642610015	1308.4169022144367	7.765060702991739
2436.263245357275	116.56916475157378	4075.746642610015	1962.8982599625713	7.765060702991739
3253.1935779302007	142.66757802240264	4075.746642610015	1308.383649464316	7.765060702991739
2844.6724624873223	143.22352166078204	4075.746642610015	1717.8875640845781	7.765060702991739
3253.3565711998467	102.55727780202969	4075.746642610015	1307.807983512624	7.765060702991739
3661.76688536003	93.30978809675074	4075.746642610015	735.1457553751568	7.765060702991739
2845.500408994033	67.26673271381323	4075.746642610015	1715.1811740719545	7.765060702991739
3253.1054908355895	91.53177857478428	4075.746642610015	1307.6932765171823	7.765060702991739
3253.2068959047547	68.25284975741853	4075.746642610015	1307.5188536983992	7.765060702991739
2844.6805178704385	94.37989898951619	4075.746642610015	1716.7850317084835	7.765060702991739
2436.322904016973	117.56876855399537	4075.746642610015	1963.2853576149628	7.765060702991739
4069.9875645649317	4058.5341988464684	4075.746642610015	0.0	7.765060702991739
2436.1075697433357	149.37789796315127	4075.746642610015	1964.154779453524	7.765060702991739
3661.2486389205164	175.3485101137701	4075.746642610015	736.7273679591888	7.765060702991739
2028.6938119733643	117.56435555989067	4075.746642610015	2044.9315297605658	7.765060702991739
2436.8735451021275	147.36735048458286	4075.746642610015	1963.2174381941063	7.765060702991739
2028.9010396625888	142.85923326192858	4075.746642610015	2045.0907410458271	7.765060702991739
3252.9047677089225	148.23382846901168	4075.746642610015	1309.0626872401342	7.765060702991739
2844.364451911668	117.31452365901657	4075.746642610015	1717.4370983341591	7.765060702991739
2844.524077834929	125.01275684547944	4075.746642610015	1718.252957646094	7.765060702991739
2436.556608031791	148.9814199097708	4075.746642610015	1964.7256041698085	7.765060702991739
1622.448599407021	174.5756028829138	4075.746642610015	1965.0310257204324	7.765060702991739
2844.459555883613	191.76776692197282	4075.746642610015	1719.669409141421	7.765060702991739
3252.6188909586176	210.35934355419764	4075.746642610015	1311.6015947196743	7.765060702991739
2030.1975053068227	212.42331569489536	4075.746642610015	2049.904688677984	7.765060702991739
2844.7288407983415	280.10381962764956	4075.746642610015	1723.0094323934743	7.765060702991739
2437.1373768744957	240.73055525119753	4075.746642610015	1967.7092704871502	7.765060702991739
3252.538769368412	249.82518620914794	4075.746642610015	1311.7959386536697	7.765060702991739
2844.326242251256	220.57053844054886	4075.746642610015	1721.0266279365856	7.765060702991739
2030.5911307844708	217.8323672638882	4075.746642610015	2048.5811526773	7.765060702991739
3252.845183299843	249.47004122594004	4075.746642610015	1311.5120831883705	7.765060702991739
1622.9975845102047	156.560528252303	4075.746642610015	1963.8695176777915	7.765060702991739
2030.036442109604	148.39548446530023	4075.746642610015	2045.0050392132307	7.765060702991739
2844.8882500574887	134.57602921133372	4075.746642610015	1717.1592749994647	7.765060702991739
3662.319482897401	24.718725971320115	4075.746642610015	733.8329827512591	7.765060702991739
3662.086058939848	19.944508086715967	4075.746642610015	734.2449114147518	7.765060702991739
4069.9875645649317	4058.5341988464684	4075.746642610015	0.0	7.765060702991739
4069.9875645649317	4058.5341988464684	4075.746642610015	0.0	7.765060702991739
4069.9875645649317	4058.5341988464684	4075.746642610015	0.0	7.765060702991739
4069.9875645649317	4058.5341988464684	4075.746642610015	0.0	7.765060702991739
4069.9875645649317	4058.5341988464684	4075.746642610015	0.0	7.765060702991739
4069.9875645649317	4058.5341988464684	4075.746642610015	0.0	7.765060702991739
4069.9875645649317	4058.5341988464684	4075.746642610015	0.0	7.765060702991739
3662.23336876279	22.17016482382579	4075.746642610015	733.9771081034203	7.765060702991739
4069.983068234214	4058.5195383546384	4075.746642610015	0.7274613391789283	7.765060702991739
3662.947669964999	24.392473553491108	4075.746642610015	732.6956538682169	7.765060702991739
3254.132934337273	24.392473553491108	4075.746642610015	1305.4454978863414	7.765060702991739
2848.7042004135064	24.392473553491108	4075.746642610015	1709.900214598798	7.765060702991739
3662.9525430862486	24.392473553491108	4075.746642610015	732.6953271311977	7.765060702991739
3253.7685943739643	27.21004779659661	4075.746642610015	1306.0184330609566	7.765060702991739
2439.982127400544	13.249094361111258	4075.746642610015	1956.0646148643493	7.765060702991739
2848.106343238321	0.9927945654477549	4075.746642610015	1710.6614745167294	7.765060702991739
2439.6644826269207	9.132237098046526	4075.746642610015	1956.612695757242	7.765060702991739
2436.679590460639	210.2057413221949	4075.746642610015	1966.8141166492471	7.765060702991739
1629.95564573964	316.4300590840564	4075.746642610015	1971.296024097754	7.765060702991739
2437.1066209426413	281.98669391330753	4075.746642610015	1969.5037102677077	7.765060702991739
2034.3667583091178	359.9661603595919	4075.746642610015	2055.9391291092174	7.765060702991739
2035.6983708283287	369.24027011007075	4075.746642610015	2058.1077490386547	7.765060702991739
2034.2981529673953	324.1548883458466	4075.746642610015	2055.778203056322	7.765060702991739
3252.4956657419407	316.3286468321702	4075.746642610015	1313.7671889693097	7.765060702991739
2437.56055092214	249.27833904364473	4075.746642610015	1968.4842734103356	7.765060702991739
2029.1487287204463	210.0649556355823	4075.746642610015	2047.9031377747265	7.765060702991739
3252.9190291120735	174.8644552980148	4075.746642610015	1309.3025217775516	7.765060702991739
2437.5473693423883	117.5049541963247	4075.746642610015	1961.2805068328053	7.765060702991739
2031.3241399063782	48.81745011022205	4075.746642610015	2039.757798626018	7.765060702991739
3253.3566593753953	11.67965122893176	4075.746642610015	1306.639947876878	7.765060702991739
2025.2870753203595	23.940513686464865	4075.746642610015	2044.8507850615	7.765060702991739
2433.6741033754965	26.774961054065404	4075.746642610015	1963.661570875324	7.765060702991739
2842.956073429536	27.038603927016993	4075.746642610015	1717.9189474695872	7.765060702991739
3251.9620868631546	27.038603927016993	4075.746642610015	1308.8906266434947	7.765060702991739
2845.7224706844113	11.126625549644869	4075.746642610015	1714.0031231176642	7.765060702991739
3662.8396004617516	2.66666097855587	4075.746642610015	732.8710777945851	7.765060702991739
3255.229211256063	6.148699627589613	4075.746642610015	1303.6319573717765	7.765060702991739
2848.3177953368486	1.6543834714551704	4075.746642610015	1710.3602187987167	7.765060702991739
1220.2134222927066	123.82581861204385	4075.746642610015	1715.3324176891554	7.765060702991739
2438.227117735093	301.41808932333674	4075.746642610015	1970.1642309530012	7.765060702991739
3661.0849712991403	406.8262059799335	4075.746642610015	740.6295311689871	7.765060702991739
2438.832685892102	316.3300924866639	4075.746642610015	1973.5959448870926	7.765060702991739
2034.6481084741863	316.330701973453	4075.746642610015	2055.3294800864414	7.765060702991739
2032.5232420497762	280.21347077160385	4075.746642610015	2053.0378810916386	7.765060702991739
3252.53064017095	240.98084881230417	4075.746642610015	1311.460842567955	7.765060702991739
3661.476310463364	273.2000719257098	4075.746642610015	737.5338016318706	7.765060702991739
2030.8435123290553	122.46034305726621	4075.746642610015	2042.9448142806764	7.765060702991739
2846.2615082580046	15.391942010376367	4075.746642610015	1713.3950880925452	7.765060702991739
2844.767323408041	17.985127259232335	4075.746642610015	1715.3678980061588	7.765060702991739
3662.2383532702374	14.632267276287529	4075.746642610015	733.960480807959	7.765060702991739
2033.0543770186575	8.133749779062592	4075.746642610015	2036.975689168515	7.765060702991739
3255.4685909508376	8.555075732310124	4075.746642610015	1303.246699088217	7.765060702991739
2848.2251887306315	8.592500525695339	4075.746642610015	1710.4918781522424	7.765060702991739
3255.4778514238897	8.592500525695339	4075.746642610015	1303.2319071636132	7.765060702991739
2848.086365252263	8.58608983801057	4075.746642610015	1710.685970782144	7.765060702991739
2849.1407788412143	38.600546185889314	4075.746642610015	1709.7118656637158	7.765060702991739
2032.2898610203408	203.91475970833596	4075.746642610015	2050.871998105301	7.765060702991739
2439.8876743714695	407.15503492486835	4075.746642610015	1977.1188408258975	7.765060702991739
2032.8111116654918	316.53718200010456	4075.746642610015	2054.317658034678	7.765060702991739
2438.1802031518746	334.0449865554273	4075.746642610015	1972.2610919803215	7.765060702991739
3252.6096320812158	398.8234902649496	4075.746642610015	1316.8565175394674	7.765060702991739
2033.4066023870741	316.5294142101968	4075.746642610015	2053.528964498417	7.765060702991739
3252.9649180546303	281.6492049379783	4075.746642610015	1313.0677710555851	7.765060702991739
2844.5274284390684	218.85778361025	4075.746642610015	1721.6301959956304	7.765060702991739
3253.149129948648	181.4110396215103	4075.746642610015	1309.7607307735873	7.765060702991739
2844.86140850106	125.6292175130405	4075.746642610015	1717.2285040551662	7.765060702991739
2845.399056419143	74.51183802192003	4075.746642610015	1715.502577239693	7.765060702991739
1625.338240635122	8.634743724841321	4075.746642610015	1955.9166522800247	7.765060702991739
1626.0877551492931	5.332676437808128	4075.746642610015	1955.1763689004613	7.765060702991739
2847.0745420233093	5.415069140529074	4075.746642610015	1712.1157077835178	7.765060702991739
3662.914060448891	3.3785413359146537	4075.746642610015	732.7386883298975	7.765060702991739
3664.252950644016	11.055275826873903	4075.746642610015	730.3351044132701	7.765060702991739
2850.8119341446163	2.2393763998859604	4075.746642610015	1706.8756020784865	7.765060702991739
2028.769161333222	38.043766968167134	4075.746642610015	2042.5725953460103	7.765060702991739
2436.7344476129224	27.038603927016993	4075.746642610015	1974.5319442713349	7.765060702991739
2440.172185727198	360.5112173133667	4075.746642610015	1976.8356147774218	7.765060702991739
841.5298556913474	22.065079727264994	4075.746642610015	1335.1590655973116	7.765060702991739
2845.0096512951395	324.05509096509405	4075.746642610015	1724.8524194994989	7.765060702991739
2032.6102548135793	281.5537337118443	4075.746642610015	2052.19874957199	7.765060702991739
2437.9230494676576	275.30827285424976	4075.746642610015	1968.4280303279018	7.765060702991739
2438.780864405292	279.8037514236176	4075.746642610015	1970.3602719867147	7.765060702991739
2031.0017377086763	174.8572145357953	4075.746642610015	2047.3443590763782	7.765060702991739
2437.471460623281	124.3852066965481	4075.746642610015	1963.7157345517676	7.765060702991739
2845.2950517429163	118.10126570404795	4075.746642610015	1716.6998237636803	7.765060702991739
2436.9934601045284	77.60954966875889	4075.746642610015	1961.0399792700568	7.765060702991739
3662.16471565318	72.72310309107542	4075.746642610015	734.311370976513	7.765060702991739
2846.950350332689	65.83420523587958	4075.746642610015	1713.2061553965207	7.765060702991739
2847.9992861350893	48.755319992094705	4075.746642610015	1711.3368628943779	7.765060702991739
2850.038266656362	33.72657906744665	4075.746642610015	1708.3681081324144	7.765060702991739
2849.867388369707	8.174137113672954	4075.746642610015	1708.3868090064243	7.765060702991739
2038.148104584496	24.693672323435187	4075.746642610015	2032.2524749105178	7.765060702991739
1627.457737393205	32.97126273994775	4075.746642610015	1955.0033490444737	7.765060702991739
1625.371649649389	32.97126273994775	4075.746642610015	1958.0299321626767	7.765060702991739
1222.8925601447136	212.55885452518584	4075.746642610015	1721.7818516292853	7.765060702991739
1629.3684581787818	249.82593463985393	4075.746642610015	1970.6375079366026	7.765060702991739
1221.17465729615	35.61359579048716	4075.746642610015	1725.2480484910707	7.765060702991739
1227.2866968326978	242.52312636752114	4075.746642610015	1722.8409512917624	7.765060702991739
2438.256068391815	174.02187862685955	4075.746642610015	1963.99429240577	7.765060702991739
1622.921295187081	114.46732377312523	4075.746642610015	1962.185455763111	7.765060702991739
3253.9896388339744	91.43681851587239	4075.746642610015	1306.5075750621204	7.765060702991739
2846.4581366574566	72.87965500075475	4075.746642610015	1713.9104584341287	7.765060702991739
2036.9030069593764	20.43619723241197	4075.746642610015	2033.624518539662	7.765060702991739
3256.5416321206076	9.557731578805315	4075.746642610015	1301.5589807637664	7.765060702991739
3258.218937003801	21.695976241506884	4075.746642610015	1298.9725663744994	7.765060702991739
2851.7595357356067	43.9882349091268	4075.746642610015	1706.058213533242	7.765060702991739
3254.23250962997	147.30298033620232	4075.746642610015	1311.791862560886	7.765060702991739
1218.2423778110935	10.124901833343632	4075.746642610015	1723.1042828849927	7.765060702991739
2435.673308879953	31.43768765555452	4075.746642610015	1964.9279688069466	7.765060702991739
851.0420430859283	35.61359579048716	4075.746642610015	1326.8158253908805	7.765060702991739
2036.2892284339246	281.2681343593347	4075.746642610015	2055.6891161732083	7.765060702991739
1222.5479690077761	26.60399369483875	4075.746642610015	1722.1129781810134	7.765060702991739
2437.404641085931	35.61359579048716	4075.746642610015	1960.6011166104843	7.765060702991739
2031.8262170579342	35.61359579048716	4075.746642610015	2038.7513612296261	7.765060702991739
2038.6935941405588	5.318375493497216	4075.746642610015	2031.3921822717293	7.765060702991739
1629.1094642106368	3.485116274285408	4075.746642610015	1952.914831235125	7.765060702991739
2035.4519578054387	2.5801551736984205	4075.746642610015	2034.5788235400119	7.765060702991739
1627.4795997385952	6.16825472681704	4075.746642610015	1954.5598268325898	7.765060702991739
818.7389193567369	24.627940942196293	4075.746642610015	1315.2264748568596	7.765060702991739
1637.1609345983409	353.20186149976604	4075.746642610015	1973.6434186839385	7.765060702991739
839.7747780645564	240.2492297437223	4075.746642610015	1312.9811317081908	7.765060702991739
829.9664386204581	209.4286077083087	4075.746642610015	1311.0565543337623	7.765060702991739
823.2678721638225	147.87561928951175	4075.746642610015	1309.4693359153327	7.765060702991739
1624.6673692676388	16.432870767619182	4075.746642610015	1960.2409785808911	7.765060702991739
1216.0167071372257	31.43768765555452	4075.746642610015	1716.2433588351971	7.765060702991739
406.445307995395	13.517032030048497	4075.732044031699	736.8594488978367	7.765060702991739
811.3894600410366	22.059998076753367	4075.746642610015	1305.9882921978729	7.765060702991739
1217.1087110750223	3.2713981597873056	4075.746642610015	1712.1839297675356	7.765060702991739
1629.3133824115546	9.914810395740345	4075.746642610015	1953.3544652172943	7.765060702991739
1626.8297321326431	21.127487954108624	4075.746642610015	1955.5659443579993	7.765060702991739
1217.6147158045358	116.09589206094034	4075.732044031699	1717.7747397343148	7.765060702991739
2029.9238874849361	116.98132898508557	4075.746642610015	2044.1414018682153	7.765060702991739
1623.0292119349142	117.52764042978728	4075.732044031699	1963.5379447133353	7.765060702991739
1218.9192841886309	123.87075574482547	4075.732044031699	1718.068995041724	7.765060702991739
1625.4030580437568	204.03045949244853	4075.732044031699	1965.3707162214328	7.765060702991739
2438.588123601987	217.32732159025173	4075.732044031699	1964.8593232330193	7.765060702991739
1626.6391115040215	16.670147116297034	4075.732044031699	1962.8106728977805	7.765060702991739
1223.2500454618028	14.153866012567024	4075.732044031699	1720.4904559867377	7.765060702991739
821.9505542489741	144.46162895211594	4075.732044031699	1309.3643758621563	7.765060702991739
432.9737196558199	3.4407189977332866	4075.732044031699	741.7696001419544	7.765060702991739
2035.4211244289515	5.36098701436561	4075.732044031699	2036.0936374732432	7.765060702991739
2033.662810702802	39.72857162600219	4075.746642610015	2037.3292878439065	7.765060702991739
414.75228673419446	14.08807708512737	4075.732044031699	734.6523244445603	7.765060702991739
1221.188167669714	4.774260136848086	4075.732044031699	1710.0060273819356	7.765060702991739
63.30805867779665	27.21047632984056	155.8709364035665	59.35071598861837	7.765060702991739
108.24149853544185	25.46568520327881	357.35419609771867	140.0794192282288	7.765060702991739
262.09551849480783	32.76113042412711	480.8486726439704	179.7956612851846	7.765060702991739
202.27220008009846	32.76113042412711	389.06799287560995	143.96178699494288	7.765060702991739
200.647993096762	32.76113042412711	321.45677968903794	66.25824785482394	7.765060702991739
71.81195834111594	32.76113042412711	222.61903547766318	106.14912432016172	7.765060702991739
402.2365599404838	27.21047632984056	4075.732044031699	740.0208506633548	7.765060702991739
810.6582242473049	27.21047632984056	4075.746642610015	1305.8257749714246	7.765060702991739
62.974459338150375	27.21047632984056	133.24008918732403	56.40499877841201	7.765060702991739
88.86523740884768	28.694714597292446	156.56947688945672	49.847800263176296	7.765060702991739
179.20687536548934	123.6899615253993	244.2266252783169	21.5761292773015	7.765060702991739
162.12401202645478	35.18722912863595	276.1521261333107	51.91031616519349	7.765060702991739
163.964964511119	41.74781901143418	224.4784770586763	50.87289230252593	7.765060702991739
168.18544719480082	122.90546181865258	215.1338305711746	19.16449502698237	7.765060702991739
123.15364380413688	15.144709505437467	199.1547170907959	38.42588107467912	7.765060702991739
98.00050659299758	11.823407283934362	209.99157320369045	71.39656663701722	7.765060702991739
61.25589920759168	6.42718132014473	151.04147608832454	71.58765827039869	7.765060702991739
150.647658686714	86.6346733569375	222.28300222091906	29.91467238497055	7.765060702991739
160.45377251751725	92.1943999181062	250.52188962692844	34.797403369268814	7.765060702991739
146.2047907305433	6.136651377247468	252.81988230117616	45.91079728949002	7.765060702991739
156.20584985809904	93.51951309655999	215.47365112953952	27.67147713771494	7.765060702991739
162.09527007649416	74.46694769008363	222.5611041821217	37.16257324900158	7.765060702991739
183.5682410482625	92.39198305910743	394.2067090036817	53.16461068221148	7.765060702991739
133.95623139044665	49.79813155013186	222.55152902101804	33.33112821468208	7.765060702991739
149.00574889602078	60.29196595839717	246.55728494791055	37.89549769951876	7.765060702991739
130.87389555673457	74.78228921391107	188.7453439276769	20.69289882562569	7.765060702991739
121.04886783486796	68.13892403751404	187.18014137089762	21.48207426029321	7.765060702991739
138.9195570103052	72.46690027068328	215.19459596189466	28.25103473917784	7.765060702991739
434.09387613524103	92.1800953719911	4075.732044031699	764.1771696445943	7.765060702991739
326.3826202585944	1.901947086771394	783.1982118176408	267.39526731967686	7.765060702991739
416.2670480907091	24.565227021399018	4075.732044031699	741.5567525537679	7.765060702991739
1223.0927393253342	8.259195386809894	4075.746642610015	1710.729765472961	7.765060702991739
2854.524807249736	18.30486168226926	4075.746642610015	1701.718047585918	7.765060702991739
2033.6068790987827	9.2968055358442	4075.746642610015	2036.5140624272158	7.765060702991739
2441.525105799092	29.485708496180443	4075.746642610015	1954.334253025126	7.765060702991739
3662.9140750036217	21.9801536123176	4075.746642610015	732.7573263623541	7.765060702991739
2034.6003195256296	18.528188100577008	4075.746642610015	2035.5388611005733	7.765060702991739
2851.117234004372	9.430905728792792	4075.746642610015	1706.4536948209825	7.765060702991739
300.1192236454489	51.45014469808435	783.2487354740006	260.81499273683147	7.765060702991739
585.1920538692898	91.72794702275252	783.2808344574398	259.6306142594279	7.765060702991739
310.5025900011247	66.94224549210249	729.9822850850702	213.73550925179015	7.765060702991739
406.4306083228723	114.73486850793905	783.0610376612111	229.70995447877522	7.765060702991739
145.40131468752404	35.59052459064629	480.62773823985566	74.10083345965187	7.765060702991739
332.4908036280336	18.06175250210992	783.190565563718	350.70707348406137	7.765060702991739
66.08473008726367	19.15111228702866	157.86603031474309	58.580924284471095	7.765060702991739
167.45519140219554	18.37369180848264	783.2695642655771	162.29582469512874	7.765060702991739
131.36243647998933	7.441344717830136	730.0593938543386	169.12864184468742	7.765060702991739
414.37340701041063	5.119704566697832	4075.732044031699	734.236193082454	7.765060702991739
820.821424605589	1.3504279254806923	4075.732044031699	1299.9329001396193	7.765060702991739
819.895449844729	0.9711836660683338	4075.732044031699	1300.1877073368535	7.765060702991739
817.8957569314156	2.933147004308361	4075.732044031699	1301.517812213266	7.765060702991739
42.28774567659409	11.167625101566193	104.9775220937285	34.168326247604014	7.765060702991739
371.6624538166765	13.674001706061853	783.1723723379021	399.2719922378576	7.765060702991739
691.0686848660677	24.298770781381293	783.2661720668483	142.80144018191726	7.765060702991739
426.78229275999746	28.126804076282625	678.9748238767544	206.30784379096366	7.765060702991739
1222.3561252916259	2.2305667697069436	4075.732044031699	1724.2215944498253	7.765060702991739
1244.1506827558678	2.3519470007610646	4075.732044031699	1758.4833763905615	7.765060702991739
2037.0176838834898	5.5959323962055	4075.732044031699	2062.097406465914	7.765060702991739
1626.6900029489389	2.374799043259313	4075.732044031699	1954.6763728591636	7.765060702991739
1217.731425559252	0.24720953557354353	4075.732044031699	1712.8957703732754	7.765060702991739
1626.5177441708415	2.3177451685425625	4075.732044031699	1971.9630858419355	7.765060702991739
406.3342878289194	1.7187068470056692	4075.732044031699	734.4443413735653	7.765060702991739
14.183772948377152	1.2455727090478728	72.95116200523945	30.612260968545343	7.765060702991739
680.4512574941053	10.684870414160619	783.1876506703027	140.9079027321455	7.765060702991739
110.28048204943617	2.4610557425397324	630.2581706661804	103.63975122250915	7.765060702991739
627.8730189620983	28.238554998890105	783.2430452520861	227.9858064028303	7.765060702991739
283.26025143443826	0.08108036328774668	783.1258909700872	347.5084661470538	7.765060702991739
516.8790335129256	11.548050400378163	783.1646354191834	324.66005907465853	7.765060702991739
471.2281305000528	11.905872045138583	678.9588362357134	133.929257308143	7.765060702991739
151.32658418468287	3.1696391189071265	630.2560338510251	231.42362974101965	7.765060702991739
9.839551138810862	2.415798785110253	62.613721129356854	15.708604529119995	7.765060702991739
812.9059406849349	1.5115396739835953	4075.732044031699	1302.9129509206412	7.765060702991739
813.9753287294941	9.169178624699436	4075.732044031699	1302.560870453636	7.765060702991739
812.6237332492975	1.7305215803628549	4075.732044031699	1303.1113793414083	7.765060702991739
770.5965299827677	741.6030361049783	783.5721292456036	3.322289647977441	7.765060702991739
770.4969146572294	741.5360467429753	783.5347709766784	5.301422953556104	7.765060702991739
765.2966560969002	688.9815489171813	783.568433698875	11.913821468645716	7.765060702991739
717.5477880096445	637.265364854857	783.5300553857941	25.07545576426444	7.765060702991739
582.0128785071273	482.0725298983087	678.97727383661	41.56212226205919	7.765060702991739
480.10975269492576	398.7842177356617	531.0716863936412	26.61607285012129	7.765060702991739
381.8000558710566	22.11424086801262	523.8943038489546	90.95554619880707	7.765060702991739
251.77468308535433	2.950341495111428	410.5595227012164	159.5981975677385	7.765060702991739
35.618164807967	1.8613709850734244	281.2937785956371	81.00515629299542	7.765060702991739
20.6293150380932	2.20514463936857	63.61193053261683	12.278392980581458	7.765060702991739
419.90464202864086	9.555840521026493	4075.732044031699	730.2714341961137	7.765060702991739
24.09446958891382	4.206725815730797	63.46235202803705	12.627657546704587	7.765060702991739
409.54530366748	6.145794594412737	4075.732044031699	732.3476576777101	7.765060702991739
24.490059595888656	2.888748725891901	63.46235202803705	13.681080299015372	7.765060702991739
302.3706229705556	174.27570971503457	394.2870132551822	50.71041568836536	7.765060702991739
374.17676927662126	241.32004228775196	480.80251951974975	56.2162266973264	7.765060702991739
386.1074525699159	234.61876229408267	488.27780690057847	50.3044669547996	7.765060702991739
289.08865355897757	26.897672734462397	480.8008737119017	141.23377482330957	7.765060702991739
250.57411693868679	8.831418518520442	488.3934840238327	174.8013235358705	7.765060702991739
122.64339784050246	1.9771242160461406	439.91688722118545	133.45888218618805	7.765060702991739
182.7280179678982	1.204729304748805	523.9657627199341	223.71387407074468	7.765060702991739
45.20358898946606	1.9284911425348448	488.2486845888547	88.44903802250738	7.765060702991739
13.055228092110257	1.3182861599870763	61.01007989202932	8.038224788113165	7.765060702991739
19.0004774068455	1.1860666976749255	60.78473014793843	13.927240588278902	7.765060702991739
13.434081711519035	3.0549219997495314	61.138582993477286	17.78588175706014	7.765060702991739
141.9297886589297	1.3455288840017214	531.0279081672277	197.67126217615652	7.765060702991739
314.59783771237215	6.23886938300181	583.7780584348202	262.1616822979891	7.765060702991739
350.20071369589886	7.211119710817385	575.6326104624311	203.32185065899338	7.765060702991739
45.30710847056334	1.1331657538124766	523.7820963102066	95.0169113593825	7.765060702991739
16.010793702561756	2.301858348228454	55.59111488045283	14.795285879784638	7.765060702991739
19.601179312694914	3.5954389844676045	64.19584563817125	14.576790430177255	7.765060702991739
21.603455450793213	7.777249518471795	60.36444687931054	14.859067892530916	7.765060702991739
27.030304458380893	4.273975796467156	63.402527107841706	8.44327441024217	7.765060702991739
12.146369495489676	1.4391771472245716	54.66156632847151	11.37322150200593	7.765060702991739
76.80626007662862	1.837519733035042	448.6222529660501	134.6602879632652	7.765060702991739
129.12208016256756	2.0378727717879515	480.7982471226941	190.2232845983424	7.765060702991739
11.141884027893498	2.3571026594030218	55.68395990666559	12.955486756233352	7.765060702991739
18.796459667486623	1.5136651227135494	61.61507655822027	12.743511023179584	7.765060702991739
21.173783740353546	2.5254691857097757	61.404922271239926	10.679802493630296	7.765060702991739
23.611702998798854	3.5837574584720215	66.89774323748416	13.204350243886648	7.765060702991739
29.805838348455417	11.125693981304337	65.11952113299597	9.701592139252359	7.765060702991739
23.7690498207273	10.166120617824685	58.13842312190548	4.797148544379064	7.765060702991739
728.0637010132916	637.7398995542922	783.4016096513786	26.844629418418556	7.765060702991739
500.08269788786276	1.2909206344750837	730.0077639838676	222.5340786234379	7.765060702991739
11.386890199711766	0.2819412843621385	52.870080157128896	14.825195833746474	7.765060702991739
20.541573911703065	2.4052391306594263	57.72965652315642	12.262391802381778	7.765060702991739
30.767367366036293	9.37063893653299	61.51510296385471	7.590655660377754	7.765060702991739
31.721521628554946	9.334422885352298	66.97109142182624	9.281244754440086	7.765060702991739
29.63130139479808	9.37063893653299	69.30247691614737	12.462267093848409	7.765060702991739
27.76372620470602	9.37063893653299	66.97109142182624	11.108802256179548	7.765060702991739
26.409294864258026	9.549819526656023	62.2322599803251	10.461817215470884	7.765060702991739
754.3447258697272	687.8667547940827	783.4035921489518	24.90706538840246	7.765060702991739
676.5658736771844	588.2925106632215	783.109271127028	28.185291430378765	7.765060702991739
592.1327618091883	445.96280577837024	672.0578714353469	40.765842079756204	7.765060702991739
326.9936085481422	2.8161677390140576	630.3007009215482	254.92669009205315	7.765060702991739
15.357460935049842	0.9244405670018755	61.32783494915801	17.275176200439326	7.765060702991739
26.221747311187563	9.59045128332508	66.82192306710306	9.88370937105196	7.765060702991739
28.790395552729112	14.354896839440773	73.0045119685935	17.037811155406104	7.765060702991739
31.80597691531261	14.354896839440773	69.41627248446271	9.807730881829608	7.765060702991739
33.167937191808285	12.646530063360169	72.71087305170546	17.028545054497922	7.765060702991739
6.272277999360405	0.5749492233262439	43.55018104514971	10.26650112368265	7.765060702991739
596.4370131650519	497.6777700323901	671.9927622776402	36.26359774939283	7.765060702991739
574.5206183787562	482.26254719121675	678.9638490190658	46.58180717572352	7.765060702991739
394.2432843536331	18.890892154209133	531.1240542588638	148.6193328071517	7.765060702991739
177.78673652223202	1.4355841084369745	530.9170877032095	201.09309577913788	7.765060702991739
88.55551510031891	0.3414850914518114	439.804492990312	127.68250535748284	7.765060702991739
4.606318200250256	0.8101387366570216	51.95278785108264	11.601068256804382	7.765060702991739
97.3397784955946	0.9987058349579538	488.20026197030944	141.57498646496182	7.765060702991739
48.57320616909779	0.5670249239556336	421.5623703253946	73.0994322482059	7.765060702991739
88.19458969234653	3.0947780847119053	357.2436594671123	103.34566152313724	7.765060702991739
172.87216680611056	0.9338528683400413	530.8735817272797	205.69557583405367	7.765060702991739
414.00207702312207	0.576193371364369	622.740103261556	162.71571100585544	7.765060702991739
279.8469450284517	1.7631903850925126	523.8814702826133	214.31679492049966	7.765060702991739
123.00794177344366	1.4554838032473014	569.2247197718085	157.15405125264593	7.765060702991739
220.38931166933943	0.5019522548906461	622.6385280285683	209.26057931859174	7.765060702991739
102.02219173521306	0.9511803398364368	530.8827592440634	149.85470156615366	7.765060702991739
64.14104342905273	7.0646913576115615	480.58998907612414	81.10206662383433	7.765060702991739
59.354741349313805	1.8786330548022556	530.8845218889468	92.20306387793389	7.765060702991739
105.12390226961156	1.6636408715953892	539.5589566880769	158.44375752684667	7.765060702991739
71.37223049943634	1.3650134636770896	575.6841921233348	98.73465272680153	7.765060702991739
328.5130497437902	1.6068411766393775	630.1989847909454	242.58138104219324	7.765060702991739
233.00023535768798	1.089257702339371	729.8661207967999	258.6515036279429	7.765060702991739
52.52743700541153	1.2592665076727452	488.272837078024	84.84963570332144	7.765060702991739
123.13365626633725	0.9663351792229201	630.355317951566	177.99932942631207	7.765060702991739
58.705697966322454	1.1333659989722278	530.8823504657659	92.27050381428609	7.765060702991739
199.42216634502256	3.1938463430468524	530.798529474977	201.70676160275593	7.765060702991739
12.405493389444496	0.9729546916652352	49.342844368550104	12.059171898595354	7.765060702991739
56.43404004757406	1.6725616394288108	448.05712375551195	75.9788524233771	7.765060702991739
394.86074835971533	13.085250643181512	622.6819041097269	146.77172429061642	7.765060702991739
339.5071441647251	7.1572269710602034	630.468908184482	190.92239820902228	7.765060702991739
118.61313967122537	1.252635582990139	575.6801320341738	167.4888273158054	7.765060702991739
119.85749523949956	7.164687715425488	530.8599266805883	149.26980217819911	7.765060702991739
150.92496187461688	5.106339407445356	575.6836731807701	163.00305016643625	7.765060702991739
443.55568462637166	10.030549937031747	630.1329175792699	104.98792847472544	7.765060702991739
308.27097101786563	7.219388599274599	678.9391491067828	277.9195001280463	7.765060702991739
218.69445146321786	2.360121328590612	729.9250057902783	288.8777839486571	7.765060702991739
107.46418546232387	1.3362713483903819	530.7576052079423	146.1783645141592	7.765060702991739
9.750769177869454	1.126164224926487	49.46425624088239	11.278857531901629	7.765060702991739
9.948721095224933	1.1247526303733402	69.89253673331784	13.425341097604932	7.765060702991739
10.868014697673814	1.3844456914313625	43.14311925493832	10.98994399023539	7.765060702991739
69.73213948399776	0.5548841606907821	678.9132041050271	119.51974535054542	7.765060702991739
8.728443082601173	1.591188151828421	35.42226390338243	10.359143723657533	7.765060702991739
10.040617403367913	1.6712651246514614	48.97276955354816	12.232956673154083	7.765060702991739
8.880885260431697	1.8818117286834193	41.831898836348145	10.620653222867167	7.765060702991739
9.351888850221567	1.132804360693353	51.25048657808602	11.83160644034162	7.765060702991739
21.027430931025815	2.0940603776094076	60.05159909892111	10.471566345339358	7.765060702991739
60.06821915767307	1.061260102322316	394.00430322776765	65.26667127164515	7.765060702991739
44.22961098524279	7.7475372964473825	106.18604750105128	18.94005070223782	7.765060702991739
317.51406415315637	22.41490042941062	488.227388148887	106.38597482961325	7.765060702991739
323.49588841500065	13.20275403201442	678.9655075422168	289.05000134415417	7.765060702991739
134.4588148134148	7.1663058307420044	539.5334344968182	155.31844694157044	7.765060702991739
148.1212037061809	2.498757879246192	623.0636988601783	152.23486683513576	7.765060702991739
24.227519660328166	1.731200988220555	64.49632918095033	14.411207706351439	7.765060702991739
20.516666630324988	7.053670700149151	59.397839863527004	12.248529565065144	7.765060702991739
50.51027219532756	1.0567086866650595	250.39291128423343	41.03431506798116	7.765060702991739
42.00745843520083	1.643182396325211	126.41259491861855	18.483421552042905	7.765060702991739
42.72610375045463	8.071945255189513	82.69187568813514	13.620932048377222	7.765060702991739
34.12544210745457	7.231729912509152	65.13243598364099	10.875849608670867	7.765060702991739
57.693667045104654	15.362768003588787	87.57627654902872	12.97729411253403	7.765060702991739
56.5610930094675	16.542412553938224	95.48260234012578	16.381105486509096	7.765060702991739
77.81118303033547	23.414357081267426	151.15578659773365	32.60718306199145	7.765060702991739
201.05799093456756	29.09267138163908	392.7269376629009	91.55848351018493	7.765060702991739
239.3840906051957	7.456299638395138	439.8982834363198	163.9360118001461	7.765060702991739
138.59691455377902	7.215097888695896	439.733086847237	134.13379376210426	7.765060702991739
89.15223742280938	7.1683684421225395	439.7196970687726	68.81046627841052	7.765060702991739
372.58833491320127	7.296520479671178	783.1854447310437	318.77349186172864	7.765060702991739
54.699160642984886	1.3169178464027669	349.95566167550965	59.59271164229826	7.765060702991739
110.27714827565931	1.3103621166424	575.6203656781544	131.05968290264414	7.765060702991739
77.52441108067582	1.5459301528402039	630.4731752702962	108.40115575254826	7.765060702991739
21.167398769444596	0.7000772662584555	63.6442713013745	11.211606040582282	7.765060702991739
40.12139569871148	2.2621693448502445	105.80957685282613	22.62078725539365	7.765060702991739
16.356276870597497	1.7252864587521186	58.61974034150566	11.494686871745966	7.765060702991739
23.946321032276597	1.6917552037076211	67.60202064210668	15.413250071787164	7.765060702991739
18.652861091741045	1.4439971871992598	60.96086273764824	12.699542019312585	7.765060702991739
18.557146387561364	1.1675902845136938	63.84745660619969	13.165476109467619	7.765060702991739
16.59129453596326	0.5288790867223451	50.944649664155456	11.800602711779629	7.765060702991739
22.31169766490891	0.9980563523448828	63.421040736228065	15.636910584324912	7.765060702991739
26.044112463862348	1.4110092089703477	60.92012769268993	11.252248899742543	7.765060702991739
315.6356084965655	11.081987416934341	783.0975695302325	331.62912821885476	7.765060702991739
140.2684767032614	1.8453056932539809	783.0598988359826	191.59930444809984	7.765060702991739
19.84930601356705	1.358102109102743	49.807667468058014	12.483309013248675	7.765060702991739
21.005885221448175	1.9290271168162487	45.77269652091464	9.99052958373755	7.765060702991739
31.86301307496255	1.3732394880168912	70.09176863435916	13.292705292449124	7.765060702991739
117.70863333477395	8.145186830934648	729.9097281134048	120.34340450927463	7.765060702991739
39.53072315638734	1.6509928427849594	86.08659641463748	16.506805762343056	7.765060702991739
30.138838501857844	1.664881298348995	63.381078793002686	12.552237075747183	7.765060702991739
114.2301497965679	8.18494910835064	783.1307657585654	131.90203052875222	7.765060702991739
82.49043237089994	7.217722645581975	448.1890668359441	71.68760553284334	7.765060702991739
51.537495231887945	7.619861169702878	127.36529763925114	21.671176583403803	7.765060702991739
131.2848529623005	16.532756418752697	783.058458229605	128.64271947892607	7.765060702991739
115.46335067398297	12.700311351228503	480.7704657307192	125.35424072892458	7.765060702991739
48.147667673931856	14.944683328171967	80.67741598435434	7.273408218728366	7.765060702991739
97.68452924339043	15.839292647459343	281.1231124509195	72.39910004320456	7.765060702991739
127.22869888887662	10.841447240896425	320.93803016918537	80.47966956721685	7.765060702991739
131.47485057202184	13.202151568058502	401.2001552765127	93.00845530411308	7.765060702991739
74.37087596276223	21.592076065757656	131.72323384976806	26.516025190983008	7.765060702991739
104.85921880553745	16.788949237802115	238.4798257074141	56.43752207035419	7.765060702991739
275.2700885605893	23.087735274370427	622.6487720679606	139.13172411120462	7.765060702991739
108.74651967271423	24.249958481879855	244.1299771492568	40.47952733811169	7.765060702991739
68.43129561513109	24.29801285286628	126.22871979467095	21.435126595067725	7.765060702991739
193.94971454303672	43.34730038497667	357.1390908307821	96.60098968317669	7.765060702991739
290.89623835266275	39.27092662460645	730.1752287758576	221.43832749433741	7.765060702991739
170.92349477041105	31.65993569144183	364.9588871035278	102.86754215135065	7.765060702991739
214.87245965956222	21.830581546030665	622.7398291061049	165.79827897423064	7.765060702991739
53.732705493701324	17.166477692697992	100.93479179339005	14.867733629446715	7.765060702991739
55.022266790504005	22.71274598683459	86.07125021708134	11.858766271185795	7.765060702991739
69.62810265052701	13.290016621258737	155.89654658472355	23.342735712872656	7.765060702991739
74.73989173770046	16.141285062240996	186.78377064585075	34.31815332159506	7.765060702991739
65.33114943763883	15.6142132604376	126.20380233149214	22.301842665814096	7.765060702991739
66.44759082131468	19.1224464780013	132.35755402751911	17.65772387165086	7.765060702991739
64.34562328978086	22.101263050618286	104.85509587368267	17.0808125110836	7.765060702991739
59.100540346839495	23.994268769622654	87.76224526399001	13.438180546943078	7.765060702991739
76.63199144610094	26.03445473422269	132.9168034283553	19.135644909981345	7.765060702991739
73.44306722256187	26.975694067747764	112.79141497784903	15.268330286850167	7.765060702991739
118.08675053051721	41.676786437960864	315.85306021525827	44.832410645441534	7.765060702991739
163.58802900396745	47.189513954827476	394.0181464090056	74.4677594910543	7.765060702991739
89.99778581552425	26.48509369829547	180.94884802196793	28.074309899303593	7.765060702991739
92.3661080840956	24.420736999249375	314.53248071749255	47.543983769652804	7.765060702991739
124.1549535279356	30.53672559506406	238.50750525001916	52.24223602483138	7.765060702991739
90.03037768413101	24.41098126852466	127.42971724388536	19.025773650025073	7.765060702991739
86.46360206908462	23.64607862283362	164.34603975872565	30.39198147972288	7.765060702991739
130.92205280420447	40.691430292009336	480.70225319114246	83.09424744473868	7.765060702991739
76.56318372793737	25.371557448624884	112.73338364805126	16.523173063118353	7.765060702991739
82.09515583194523	22.800037820993833	182.5441996956232	24.912685015073443	7.765060702991739
69.32668079240113	27.001642703643387	100.85882156560152	13.767136407443363	7.765060702991739
90.08417268279639	40.0389528943298	187.062627936935	20.727471582567127	7.765060702991739
79.27754794036532	31.097153098773195	132.87668008730952	23.12169619445706	7.765060702991739
80.25675272955755	42.53960644870044	112.7745830900049	14.589412325565343	7.765060702991739
85.46477972133573	29.00601492079146	155.82003888707533	29.171904700587287	7.765060702991739
91.27005018613612	43.15505698928349	132.94527286458154	15.308107083068185	7.765060702991739
95.8371563044394	44.75620126804541	180.93343905852757	26.444863531805034	7.765060702991739
93.66150287680237	46.87809293917099	127.60917313507791	17.261376669029307	7.765060702991739
104.13011377750995	48.420505699882554	180.94216373595464	27.20808904026726	7.765060702991739
94.1561426867682	45.69088937457304	132.89956741000537	20.08391567556678	7.765060702991739
109.18437281750055	46.567169933083036	222.2697344936714	28.64281951806213	7.765060702991739
101.64466257711342	45.47032922596454	155.76356598601376	19.596502667697738	7.765060702991739
103.97568914529079	42.17455840503436	182.5844098525413	27.02870807135351	7.765060702991739
95.5008354891381	46.73159771818272	133.0939981515655	20.40124239743628	7.765060702991739
113.31776149853985	47.69125943497851	164.33634836621405	23.517504894950072	7.765060702991739
107.14061687077583	49.10939492418919	155.77072278936748	22.465771532873905	7.765060702991739
104.96554720992042	59.84377642110137	178.88518351870482	22.307362305242613	7.765060702991739
109.46983787861349	63.571358359247704	196.55066922287685	22.29459704657308	7.765060702991739
93.3868292386758	47.6560192174342	127.44867881903019	10.438910001730981	7.765060702991739
114.70769540547207	46.5975255909926	208.57678940075758	33.91392494980572	7.765060702991739
113.90752415526808	66.03795053174524	157.54890589096559	17.315850445448202	7.765060702991739
108.25080428289313	61.66981319849987	162.62921127552798	18.97638977104237	7.765060702991739
109.57747028306221	47.27735639975362	182.77995093840994	26.81514040439015	7.765060702991739
114.48435843997039	68.10270787247927	151.36618342736435	19.36215278880602	7.765060702991739
126.99970879889031	50.7419637026649	188.54462882157677	29.847149485566824	7.765060702991739
112.87710166958682	58.1985615230638	155.83653867765082	22.554759513433105	7.765060702991739
111.2837948596784	45.23227702149416	162.67077732997964	25.48649153077547	7.765060702991739
100.54939451876264	43.50520245648752	151.02343848769473	19.728779937472673	7.765060702991739
101.28500945906413	58.19844180470654	133.0314406188211	15.381463634073157	7.765060702991739
112.1101050313463	64.18225035257623	191.01765269279727	24.812524471595417	7.765060702991739
92.93366188100427	47.68060896697016	135.52091667979082	15.123413948667462	7.765060702991739
118.83722226061336	66.85682178925515	156.08342750291484	19.262919075017447	7.765060702991739
108.46507982948653	62.714349867867305	188.4025436237541	24.46661913968054	7.765060702991739
98.98340038398092	48.86341038653466	164.41583823979568	18.542197093960603	7.765060702991739
98.94923130727324	46.93304595951848	135.14588025926656	20.084161640005735	7.765060702991739
94.75266115224471	38.363892789563444	156.07042478182365	22.846605697560676	7.765060702991739
94.98890936735513	38.34497960182168	155.76401887147176	19.802938992845608	7.765060702991739
97.34107202818024	45.83868818057718	135.617728926677	16.15467498277735	7.765060702991739
100.59911369114984	49.10871903557546	142.96535727049246	16.354381020945624	7.765060702991739
97.64336082143662	50.96203747092928	177.24749618170364	22.36837177217831	7.765060702991739
104.97516539960208	66.59976333597656	133.4503522079719	17.30377124131657	7.765060702991739
94.7052237849315	48.4760148644158	133.36396401420518	11.073400139105766	7.765060702991739
101.15955509026217	59.51784815533344	135.2202008680897	15.139851203834933	7.765060702991739
93.4246082555056	50.57501381197091	133.20637077604988	14.988292454587064	7.765060702991739
95.24907503837478	48.82745473618302	135.52851633490044	15.294304760422062	7.765060702991739
101.20058959017318	62.557453663818684	157.63009651897121	15.647155905149551	7.765060702991739
97.29323814914108	46.32269813765419	160.8960091152185	25.19920983315765	7.765060702991739
102.52582935707142	50.77475866884176	155.95185963225916	18.036292589727616	7.765060702991739
105.41616697163829	52.3103537558033	155.69773725090604	19.539655264587815	7.765060702991739
102.9111703594116	49.81074051799041	151.2163238828359	18.594932086458055	7.765060702991739
93.88777323375552	50.98336574377922	128.10634759386687	15.989459494476867	7.765060702991739
97.22521688182329	52.310008610798164	158.0144824503891	17.582913131201895	7.765060702991739
111.52353432838524	62.44438758993489	187.16144460254955	24.084054020443368	7.765060702991739
126.45334806810077	50.57822719978623	181.2966477496187	22.38677212211838	7.765060702991739
105.35286577912953	66.86996069725986	135.71947163440865	14.186341059319815	7.765060702991739
102.50785319899452	48.236736091483046	151.20828536060264	18.98678650166009	7.765060702991739
99.27891481460794	50.57041114277147	133.36321192375414	16.28386972452226	7.765060702991739
115.94141132478025	46.780022394987114	181.36033851788787	23.8625035141987	7.765060702991739
106.7910604683221	56.63752703872134	157.94519407829358	20.890010388039492	7.765060702991739
106.5072310933829	59.52755975065504	155.95835823127882	18.732920946047493	7.765060702991739
100.58180806580567	62.558932499823136	133.04882182188527	14.26256125734603	7.765060702991739
110.33535635278342	49.467569563877554	155.80600609995068	18.20820354723455	7.765060702991739
101.69773187262503	50.212116980119646	135.62153362942527	16.8072756647722	7.765060702991739
99.24235071036362	52.30876419382101	141.4066478560124	16.008720501175997	7.765060702991739
103.42870825447716	48.28045791179188	156.1658384093089	22.938251079170147	7.765060702991739
105.55215024709035	49.47891260709714	157.638998416215	20.0869713967652	7.765060702991739
113.50820857432117	66.61395977689621	164.51574439066607	20.858190272682382	7.765060702991739
99.67969725955959	65.64757303080128	141.03563855985468	12.352762865537624	7.765060702991739
100.14534677079565	50.58109864647873	156.0189389069742	15.776734259002703	7.765060702991739
120.63260249927544	64.61410893883738	181.18241073169983	24.815545619056657	7.765060702991739
102.6352045748409	49.138483183680925	157.76222350684438	20.643008242692463	7.765060702991739
106.9647712800372	66.88791299523454	164.57656353952834	17.49884213881334	7.765060702991739
95.75360570069628	52.32539774356026	157.88523553248157	20.37227868213964	7.765060702991739
96.1624167862729	46.79632227912448	130.27045081374496	15.535692471070757	7.765060702991739
118.10678543982725	49.84522987487471	187.05043004745133	31.322202457996344	7.765060702991739
100.54697955421207	63.70469908649508	135.3340628545056	13.59089650446569	7.765060702991739
99.80783785400827	51.43611873363574	151.6214918398638	15.953566448899661	7.765060702991739
108.18119230731699	68.13953797870268	153.7969535926834	17.683499094236662	7.765060702991739
96.93536781515603	53.2799007869797	133.2994857430257	15.174357812345182	7.765060702991739
100.9857646189006	48.269817984427235	141.6151450013151	19.62742020938843	7.765060702991739
103.7288539431072	51.88014851005184	147.20440549201822	17.775338409293617	7.765060702991739
107.30374203741411	67.19173325328966	133.4706069017877	14.109717709367558	7.765060702991739
105.29236632359512	53.75779468474343	158.0323245994709	16.981629868645364	7.765060702991739
103.52296227685873	68.16636228047416	135.6401036377536	11.810541684311099	7.765060702991739
106.79963687552474	66.11667242045186	155.97179893422822	20.12793877318044	7.765060702991739
109.97795323442936	68.10008385049738	164.47632143864163	17.990511861052333	7.765060702991739
106.85281811861334	68.51350353043938	136.17244329004333	14.033891829892088	7.765060702991739
106.32834821801751	72.57728603052294	143.37906752828502	13.389510589844031	7.765060702991739
116.2350451060786	77.2929904469868	156.17291970724162	14.898376457451581	7.765060702991739
101.76662258308737	55.47367205859518	135.7348514883563	16.751908939510834	7.765060702991739
107.1806081470175	66.92363178803403	140.99901316252937	15.371332174473542	7.765060702991739
113.70684317897174	68.51104321103628	158.2913394253227	15.66421571658918	7.765060702991739
115.72121088705921	58.900104529353534	167.7337312041105	26.58440481726485	7.765060702991739
114.5784673951608	68.17458786147418	163.1075672350107	19.49080589017076	7.765060702991739
113.84031523500443	49.49889870270955	182.97485413524535	22.056901439189478	7.765060702991739
115.92104727960391	53.789191458391485	158.48773413195133	18.415316768861132	7.765060702991739
106.4770680611345	67.21073911617441	141.32921000321235	15.650168127112554	7.765060702991739
113.92399925899983	69.84129539142698	157.89069949144186	18.80720101181939	7.765060702991739
109.46874558103409	63.12608137241011	162.9442232624504	19.5601915055125	7.765060702991739
117.68791698061123	67.50811719668748	164.72463110602752	21.227120993041545	7.765060702991739
124.55367472603658	68.1657789799969	181.37613510321682	30.928306340531872	7.765060702991739
117.18804314501568	69.24733183755443	143.47069794140427	14.364307550412596	7.765060702991739
115.60791883597476	67.81768880674822	163.10147987558855	17.6125128969771	7.765060702991739
104.04496194597576	55.09247174970725	141.42691784938182	17.169069744358488	7.765060702991739
121.51781826288132	52.81504917870279	187.22760158383005	26.552854831655157	7.765060702991739
116.88952139239413	68.16608381974716	156.10573673552815	11.985716503470332	7.765060702991739
117.49298160378794	73.90005957902032	164.8009492677081	18.041115585600203	7.765060702991739
111.2694248123202	55.8627361042847	156.25252544594974	19.71092027550927	7.765060702991739
116.28005414754182	72.2098374435254	181.06460091141406	18.704906236819134	7.765060702991739
116.38379275230507	67.52327154385355	162.8076603465512	15.739800164374381	7.765060702991739
121.82607026751765	67.21180269126549	181.20141975732912	26.691003057466865	7.765060702991739
102.81742428721668	54.07749972742255	133.89836371515827	16.354115855220133	7.765060702991739
104.76750988094378	51.030597410552744	133.16952091223163	16.650675768647275	7.765060702991739
105.46688856248365	66.64623950283942	143.00669733057157	14.877715708024997	7.765060702991739
105.58701186513777	56.27575169939174	156.2561164856259	20.000429799591707	7.765060702991739
113.74592723966052	66.92108679124962	157.95503693848002	18.56384259102768	7.765060702991739
107.44032052937645	51.028332406939306	151.40316412844584	20.64866053262658	7.765060702991739
113.25027708603336	64.85631359686379	164.52963554442732	22.165659094286656	7.765060702991739
126.25160432883816	66.91689825864457	164.58842086843163	23.825911638126144	7.765060702991739
121.30127504839223	76.77171282304506	157.89040928098785	11.742875444380749	7.765060702991739
112.95347016783789	52.810353608168896	164.52612759966772	22.92440266922739	7.765060702991739
103.11553985319458	52.34778072591451	135.73376694155337	17.76590318508609	7.765060702991739
124.43679166676702	67.51980415205529	164.5308481046473	18.971350202309168	7.765060702991739
105.29411376585483	67.51063371442208	155.965930125932	16.596163615403174	7.765060702991739
115.66247959145426	73.9029992717655	156.10950901846442	15.56475736491679	7.765060702991739
107.59399469972287	69.62514305155305	135.64821209552997	13.846371362602355	7.765060702991739
104.96480115840626	66.13249044703647	133.39387826113017	14.692173052241543	7.765060702991739
123.99408712672869	63.43343930174129	182.97309900623847	20.67137658164038	7.765060702991739
120.61579799483818	67.2052213935924	186.97605282833666	23.302073320820945	7.765060702991739
117.88943107438739	68.52195234991211	163.19744463790997	19.84309397324652	7.765060702991739
112.12680101050758	68.87614987504936	151.27922649421535	17.352471198832593	7.765060702991739
102.25054477001736	68.16072100046914	133.23514737093444	13.440240230710327	7.765060702991739
126.98839890640846	66.93407128945326	181.19916045437776	18.857800450590922	7.765060702991739
119.88023187440196	67.51481780325742	183.04645763841108	24.794483767261415	7.765060702991739
127.42277438325655	85.19010142244613	164.72586430944864	17.400786821915666	7.765060702991739
119.34649775531784	66.65380397500797	215.30535103861575	25.453692845058523	7.765060702991739
116.51270123873681	66.13838924084901	183.04679984173387	21.013929468557375	7.765060702991739
123.5615390981494	68.17592843140076	157.89275614364652	15.640083879418148	7.765060702991739
120.39676581797241	68.89404780077251	164.59335078257132	19.500938464455135	7.765060702991739
109.77407414921413	67.53484762644054	162.80671492463108	21.034839483087886	7.765060702991739
109.05769094661129	74.46997843911838	151.7235447772179	15.839320384413323	7.765060702991739
115.81246583561537	68.88393877591031	182.75384545130999	20.707826513283806	7.765060702991739
117.59244095960028	66.6575199604427	164.8904918927445	23.625855078200917	7.765060702991739
113.00053741554211	73.32738553369852	141.34414538543214	15.071656688790801	7.765060702991739
128.91402086749778	88.05480046662147	164.5955337628888	15.684996514839039	7.765060702991739
126.68504008748558	67.21268958459564	191.55625317075913	20.60652456072497	7.765060702991739
122.48496599362899	72.57888092261916	157.96842797891372	19.659423061087757	7.765060702991739
128.11085993177713	74.19302113760092	157.65828771568084	21.64342334709656	7.765060702991739
123.91486639610542	67.84067728622222	181.1994819607194	21.253230447019185	7.765060702991739
117.0076058395575	73.63490342836288	164.37215325061374	16.939420268380754	7.765060702991739
121.07672657515478	73.64334136272176	162.75128292842018	19.288753715237938	7.765060702991739
128.6686515785258	67.5195738841652	222.37702005655808	24.450918144451684	7.765060702991739
122.17662574645333	67.5286397015582	164.80452039699972	20.169028448755284	7.765060702991739
129.5700477805703	67.52490615471797	188.46787596559827	21.735412168085766	7.765060702991739
128.74194995881547	75.42963451459475	196.70132902433332	22.431939097534364	7.765060702991739
123.15326479192659	72.22991035219852	189.08710307469724	20.22756883310741	7.765060702991739
112.27680912422568	68.90093030607586	162.55529313626258	17.943989317035296	7.765060702991739
124.21198915216664	70.94285751545722	162.94884806499985	19.100352131081067	7.765060702991739
128.04509276895283	87.63618602465496	181.37390995384982	20.178177295296027	7.765060702991739
114.85730465162766	66.91655702090034	143.38663757966918	13.606832109385328	7.765060702991739
122.89766039721702	74.79241831153105	162.81102134242562	18.122209631488932	7.765060702991739
112.47116691214117	66.64667927967359	215.40852344074872	23.53178971298579	7.765060702991739
115.51412426803135	67.84830270861713	160.75377598031073	19.05235388351611	7.765060702991739
119.41024641745713	70.36628719388536	157.83859563528816	18.96272737320057	7.765060702991739
117.07336714965155	68.17435047970987	183.0512579981826	21.172720506173693	7.765060702991739
105.34262123183	59.959910952918534	133.57416630254113	16.4480036807206	7.765060702991739
114.90297464739388	69.26132975990691	153.54588103139014	14.633595691835868	7.765060702991739
119.39467469913406	77.59757430868389	182.76171341004306	17.73080252283872	7.765060702991739
121.6920454773505	66.64285507735129	188.8527883679003	26.633158548752856	7.765060702991739
117.9627199113683	74.47503874099438	156.037857992583	14.466198298400286	7.765060702991739
114.52370563963264	52.34026305572178	162.58304645917366	24.30374679892548	7.765060702991739
115.37491769316226	68.52891417070525	158.03820918005837	18.046057096428566	7.765060702991739
113.46150023568121	74.19290190118326	188.6707514535083	18.254128286834543	7.765060702991739
126.14431963693625	55.488106564203875	188.93246433378818	29.198974482533277	7.765060702991739
124.07223123032193	69.25765138094759	164.65745817929394	16.453477073305766	7.765060702991739
117.89169465995623	66.93027835390915	157.84214632679343	21.432886723383504	7.765060702991739
115.96194051991702	70.03842920270706	164.9764759549692	18.914497885892708	7.765060702991739
131.20848195450912	68.17259758446265	196.5747423038028	29.757797116299752	7.765060702991739
124.30493687951642	74.1960497394337	160.77378977360584	17.44630402602572	7.765060702991739
116.37700741829156	67.835743567842	183.2010586862053	21.42213274964663	7.765060702991739
122.65990055908853	76.33234743527589	167.74067181627882	15.880667001946781	7.765060702991739
125.52396254536004	68.18386852878463	183.20509119957796	25.69080927581888	7.765060702991739
115.43937279136485	68.87551303371247	162.65576457452437	18.4832718011428	7.765060702991739
124.39762548428911	72.23370080397551	158.1174322321463	18.127838459406192	7.765060702991739
124.39396325539872	75.10255728619187	157.89708091492716	17.02156024876235	7.765060702991739
118.92503456287336	67.2269693752921	181.5209687634101	23.935648935377166	7.765060702991739
114.34722170986713	73.67201852735818	143.3861027638368	15.105178753520132	7.765060702991739
124.16898469201892	68.1693594809464	183.11941156290789	21.45036015662506	7.765060702991739
114.27409257941997	67.22248791969983	156.1793807615882	17.111108055464065	7.765060702991739
119.49078013100905	73.90535383745981	164.80967130306166	19.15240111289892	7.765060702991739
112.7146881864058	53.31490629653251	158.03788469868815	27.82774882546449	7.765060702991739
114.82747747524665	70.38802498654208	156.2622462231567	18.216927349672282	7.765060702991739
112.70677018169593	68.89233927392237	143.47771488499393	15.564794938541059	7.765060702991739
116.14680080199759	68.52425938346995	151.194281879668	15.902613927545346	7.765060702991739
117.29629535881826	66.9225302151747	164.43472340511474	22.024033827548312	7.765060702991739
131.94718863589165	75.77932092990598	182.75991081388167	20.711386107459937	7.765060702991739
119.1415125542949	68.52189321194581	155.98376297418855	15.501328578090398	7.765060702991739
127.12784063223708	70.65345206766453	188.66615352503686	23.315850279278113	7.765060702991739
116.51784803541773	66.92235656741198	158.3956937300171	13.604176332731248	7.765060702991739
122.6268921676693	61.9733601718315	164.5916849349861	24.1917758830775	7.765060702991739
122.78215560078574	68.87403701193965	173.48507789205243	18.747950067588267	7.765060702991739
117.80698683172399	52.82751748883151	214.23439751257794	30.28544095152546	7.765060702991739
126.68874530947454	73.90836400219193	164.59677345544776	16.519972192645284	7.765060702991739
107.44684111578957	69.63336998593624	141.0539030112661	14.275181536470091	7.765060702991739
118.4890100578821	66.65884274320356	156.0352347467121	15.881076853977214	7.765060702991739
131.7869666649946	88.06214825548508	187.23517305194017	19.03350868983932	7.765060702991739
113.58243276053848	68.17528787666419	164.53108822833693	18.082519551219686	7.765060702991739
114.28890813327538	68.16987905827006	163.0227192238717	17.8013739852696	7.765060702991739
114.36738979780414	68.17737718949144	156.18902695454094	18.723634035881247	7.765060702991739
116.57851282865644	70.03260715414605	164.5957411991614	15.92537732481082	7.765060702991739
127.30691504844184	78.82503488230304	188.46646023659508	18.838891975520447	7.765060702991739
131.91115816875848	78.16577310433505	181.38128944505792	24.520967535039613	7.765060702991739
118.65570545976476	67.85559419578303	213.9435966749006	24.229250637693006	7.765060702991739
123.39728074774891	88.58523919303562	164.73455358645896	10.239393543160444	7.765060702991739
120.40475578464827	53.332327321599514	157.83382009571923	16.469277055002305	7.765060702991739
