steps	episodes	average_discriminator_loss	average_rewards	average_value	average_entropy	average_value_loss	average_policy_loss	n_updates
12800	100	-0.15819909289984116	-0.7230182159692049	-37.31737568092346	0.20782790576666593	100.98146129608155	-0.024042224055156113	1920
25600	200	0.027203322212561033	-0.5696973912417889	2.7249561423659325	0.001809233707968815	4.704116427898407	-0.002533789174631238	4000
38400	300	-0.06564690551240346	-0.27478593658353834	24.401957662582397	0.0030593072706014937	24.876236476898193	-0.0004313963279128075	5920
51200	400	-0.34711635747039693	0.08483334489166737	55.63708187866211	0.005132344567948166	94.21526405334473	-0.006113267503678799	8000
64000	500	-0.5471111947824248	0.4477905607632091	81.15639194488526	0.007811069897696143	134.85030288696288	0.002449059085920453	9920
76800	600	0.0811238579080382	0.8768299766878287	137.84417243945597	0.21332389163671428	797.3107052612305	-0.03627329735085368	12000
89600	700	-0.044188125304834104	1.0333101801231674	97.51989976930618	0.15196304027079305	313.6904280090332	-0.029939440730959176	13920
102400	800	-0.11677709383447654	1.1532371375337243	107.8282444114685	0.15192403793203085	549.8109085083008	-0.030253977179527283	16000
115200	900	-0.07058551933024136	1.2544565304914224	97.18044885501266	0.18285413719659777	343.0684637451172	-0.03552721650339663	17920
128000	1000	-0.0788726187394932	1.3067756402790547	97.52946731948853	0.14070666035234125	425.8315191650391	-0.022144088950008155	20000
140800	1100	-0.09854495847073849	1.354373967370195	97.25445818328858	0.1511974827466657	478.82819610595703	-0.022720068357884884	21920
153600	1200	-0.09381462743139127	1.4050150511910517	102.1689319267273	0.14131315103372571	526.6362742614746	-0.02136101484298706	24000
166400	1300	-0.1134423334246385	1.4419507434200725	97.27164095306397	0.1404166758981608	493.5232969665527	-0.024968279525637627	25920
179200	1400	-0.11986260701983702	1.472446611119168	94.53947918891907	0.10306912122272982	379.6294401550293	-0.015041340293828398	28000
192000	1500	-0.13859725558967328	1.504102579273164	91.40350266456603	0.13778513969055606	401.8324887084961	-0.027629202902317046	29920
204800	1600	-0.15876992304518353	1.5411943941004573	111.26049046325683	0.1052017285771451	611.672580871582	-0.016754557695239782	32000
217600	1700	-0.15892422943597193	1.5788432960134913	90.71988287401199	0.14570498312191887	384.8368801879883	-0.026152435913681982	33920
230400	1800	-0.18163337876822333	1.6079951915641626	104.83599278640747	0.1078528076224808	379.46587005615237	-0.014808870311826467	36000
243200	1900	-0.16867609494028146	1.6356348391732334	99.28244431996346	0.13157126351369228	369.98043685913086	-0.02575536837801337	37920
256000	2000	-0.16600726698630025	1.6568399471193551	102.2876005859375	0.10002368409346894	356.5541345214844	-0.015624355133622885	40000
268800	2100	-0.19144114130618983	1.6744895207887616	97.51503384017944	0.11457495841875476	172.54709457397462	-0.024090845193713902	41920
281600	2200	-0.20458985252981074	1.687883279878985	106.04406737136841	0.06764312407927447	422.6707322692871	-0.008717487445101141	44000
294400	2300	-0.21806280634342692	1.7072414163019807	103.94062012481689	0.0897567823637895	291.9500634765625	-0.017838142327964306	45920
307200	2400	-0.22745482833310962	1.7193752025688689	97.71109753799439	0.07309979249795313	434.98921829223633	-0.015478692594915628	48000
320000	2500	-0.24546245617745444	1.736392455139699	99.43030610084534	0.07160286751726126	396.7707830810547	-0.013779934411868453	49920
332800	2600	-0.24740220014494843	1.751506893737958	94.71869298478961	0.09447522640182078	310.7885375976563	-0.023095759451389312	52000
345600	2700	-0.2439960422925651	1.7594290797651169	78.18113261127472	0.086093841339653	295.8191368103027	-0.02073348969221115	53920
358400	2800	-0.24036344750085845	1.768677728442209	91.3356359500885	0.0872443081871525	110.22002433776855	-0.02454263240098953	56000
371200	2900	-0.24469456695881672	1.775787128855922	98.00973969173431	0.07185807425817788	221.3427734375	-0.01606320194900036	57920
384000	3000	-0.2651440431459341	1.785009343713522	96.44995621871948	0.0799916013706752	260.82032676696775	-0.022159754056483506	60000
396800	3100	-0.2874521534908563	1.7969726095462184	106.52779217720031	0.06665959950877709	409.5829016113281	-0.016312298364937305	61920
409600	3200	-0.2775299083348364	1.8092165284696966	94.22965259695053	0.08140496346519495	263.48262535095216	-0.018148506097495555	64000
422400	3300	-0.30186639380222186	1.8184488131529064	102.97266698265075	0.06426904031316623	488.37789474487306	-0.012521712640300393	65920
435200	3400	-0.31852862366451884	1.8327763713896275	108.60904327011109	0.06233659153949752	339.6167887878418	-0.012589294370263815	68000
448000	3500	-0.31700780547061	1.8444933705202367	92.7001540312767	0.08239061672770447	249.53341888427735	-0.023714657034724952	69920
460800	3600	-0.3131120644367766	1.856870551581184	107.72080961799621	0.06996623937974533	269.1363278961182	-0.014066190533339977	72000
473600	3700	-0.29249764087819496	1.865554654180552	95.73194641381502	0.07518237339877251	261.21118576049804	-0.016055272202938797	73920
486400	3800	-0.31870175241446125	1.8680747335286516	96.71267740631103	0.063357495081033	194.74985260009765	-0.015442475387826561	76000
499200	3900	-0.308529599549016	1.8732644424255502	101.12511987686158	0.059313693971786964	244.00844741821288	-0.014587752018123866	77920
512000	4000	-0.3230252339951694	1.8787245847657323	89.4269792087078	0.10868518884864867	272.3066251373291	-0.02168081727810204	80000
524800	4100	-0.3304037848394364	1.8787230827801977	85.13024990844727	0.09241366473244983	221.16474769592284	-0.022525487244129182	81920
537600	4200	-0.2951854083479848	1.8758198381108897	84.08746295928955	0.07920599612329479	276.08487258911134	-0.018222460187971593	84000
550400	4300	-0.3044952150350437	1.872308482844348	97.12959190177918	0.062414345836611325	365.99599487304687	-0.008704273225739599	85920
563200	4400	-0.270644282635767	1.8684206741032274	76.73342475223541	0.08398620219215915	198.97459197998046	-0.015414730552583933	88000
576000	4500	-0.23526976938312874	1.8645221692347547	82.78743898391724	0.06952012502728064	315.1699656677246	-0.01782692363485694	89920
588800	4600	-0.23401680033258163	1.8651316480597724	91.08428289413452	0.09199529020671879	352.61074935913086	-0.01956221170723438	92000
601600	4700	-0.2508434833602514	1.8661689004421336	94.2185529499054	0.08571031765841053	298.9559378051758	-0.015040522087365388	93920
614400	4800	-0.2342857933002524	1.86747284328565	96.36506056594848	0.10477769255753495	230.7788957977295	-0.021857301294803618	96000
627200	4900	-0.25245206264243464	1.8665060751152291	83.29847726917266	0.0817892611512317	224.44869064331056	-0.014906927589327096	97920
640000	5000	-0.24808574991952628	1.8672433290064334	85.41100369644165	0.0804210434990834	271.23465240478515	-0.018606128692626952	100000
652800	5100	-0.25551037495047785	1.8705960229167853	101.74443118095398	0.05457249531253316	233.19470260620116	-0.009859841167926788	101920
665600	5200	-0.2536633411485236	1.8744225221012647	102.3111438331604	0.06863573070793728	327.4056413269043	-0.011828005965799093	104000
678400	5300	-0.2629700129055418	1.8764644696959647	94.28620146179199	0.08688178740310133	268.9625714111328	-0.01947622813284397	105920
691200	5400	-0.2903530869630631	1.8755840576633258	85.76240367889405	0.08415664156690567	302.23540649414065	-0.016479123905301093	108000
704000	5500	-0.2653938854536973	1.874560586018203	75.0457824048996	0.10501980690842687	180.9937900543213	-0.018938850685954092	109920
716800	5600	-0.27631593716773206	1.8698981311970524	88.26163923358918	0.0692389889436528	161.18885322570802	-0.013811044469475746	112000
729600	5700	-0.283395428708056	1.870499401578282	93.18713894462586	0.06680993002414674	229.50025833129882	-0.014441428622230888	113920
742400	5800	-0.22296890388242901	1.871625329507836	96.89892439079284	0.06097256445702021	234.69233596801757	-0.008884449210017919	116000
755200	5900	-0.2990967555930838	1.8741064859020904	94.3008310136795	0.05998535422880361	274.56860069274904	-0.00848583146929741	117920
768000	6000	-0.30002267273026517	1.8791559951752423	98.37181861114502	0.07306958224681943	201.33949020385742	-0.010559512535110116	120000
780800	6100	-0.25168135247798634	1.8856554282902498	103.33984947586059	0.08804384368673564	215.60214164733887	-0.016995776388794185	121920
793600	6200	-0.30234874174627474	1.8908281412095793	109.57914441680909	0.09009915001863088	324.6459147644043	-0.020964783113449813	124000
806400	6300	-0.28602275568130425	1.8942303973779064	93.75236699819565	0.0694703177586971	197.4062358856201	-0.019226390086114407	125920
819200	6400	-0.33202009776933117	1.8962581279547885	85.21845145261288	0.08810800455124121	193.6556530761719	-0.02280723547562957	128000
832000	6500	-0.3201489087957889	1.8986645736983918	100.61799826145172	0.05931432831109097	194.00475357055663	-0.014996670112013817	129920
844800	6600	-0.2829398596091196	1.9038412726693081	98.68982140541077	0.08034519892193859	228.2413991546631	-0.01648627863265574	132000
857600	6700	-0.3048123965500854	1.908680558885618	97.76724339413643	0.06841783595264722	166.58806564331056	-0.013905423767864704	133920
870400	6800	-0.3245465308604762	1.912398770806544	97.84863937282562	0.06726679590725114	196.85747817993163	-0.011907606907188893	136000
883200	6900	-0.3392706906287931	1.9159432074007536	99.34160826301574	0.08232255188779368	361.779857711792	-0.009508541226387024	137920
896000	7000	-0.32619164245110005	1.9180815024759088	92.4946681137085	0.08494645673390791	237.69030754089354	-0.0139420326333493	140000
908800	7100	-0.3402014671687502	1.9197949391181803	96.85957250785827	0.09077429241994017	278.35981185913084	-0.02124997994862497	141920
921600	7200	-0.33191732401330953	1.92388189855963	102.53812372779846	0.07800364285449488	300.0859733581543	-0.018424421958625318	144000
934400	7300	-0.35103177603986113	1.9297269442600704	116.6354960012436	0.05155835556324983	86.49845102310181	-0.012905051494017243	145920
947200	7400	-0.362104017523583	1.9371685139915427	109.10628898048401	0.10518472791617148	449.55756591796876	-0.01833849525079131	148000
960000	7500	-0.3251728311763145	1.94097382419026	102.99570672416687	0.08331125875056682	310.4369932556152	-0.019344338774681093	149920
972800	7600	-0.36276330417674035	1.9434419315465188	100.47173678779602	0.06154943093035757	279.01595306396484	-0.013297615200281143	152000
985600	7700	-0.36531586888246237	1.9481514669730176	108.86355372571946	0.0574564804516208	220.27548221588134	-0.0127205216512084	153920
998400	7800	-0.3396048263660632	1.955086771131326	112.0055081332922	0.07730675212356554	302.2445622253418	-0.01630848990753293	156000
1011200	7900	-0.3289880154626444	1.9604467521662226	105.79351181173324	0.06637194440698872	180.2181231689453	-0.011397039322182535	157920
1024000	8000	-0.37109740915894507	1.9665996453501284	112.24476714420318	0.06757199321838082	76.29811765670776	-0.012845052196644247	160000
1036800	8100	-0.38877078984072433	2.005783467825502	107.90217919695377	0.07021238029138499	105.31083255767822	-0.0181021380610764	161920
1049600	8200	-0.3454517614580691	2.0394927921444177	92.43477362728119	0.07961872534084023	148.93065895080565	-0.013127255048602819	164000
1062400	8300	-0.36426467187609524	2.0626600875258445	108.8895201048553	0.07937113872791457	200.0642763519287	-0.009265536461025476	165920
1075200	8400	-0.37132346590911036	2.079740480184555	111.08828230285644	0.07364377777261538	150.99183151245117	-0.01402114437893033	168000
1088000	8500	-0.3706508478033356	2.0855495686531067	110.87210400295258	0.08753741323331081	162.90732749938965	-0.01376777509227395	169920
1100800	8600	-0.3762121718702838	2.0794392986297607	110.65008026123047	0.09187244357320862	290.79766830444333	-0.018572978377342224	172000
1113600	8700	-0.37911382376914843	2.0832234196662904	107.71191040325165	0.07499983907717657	179.7912368774414	-0.018588149920105934	173920
1126400	8800	-0.34275711500318723	2.0895435192584992	99.23247419643403	0.1105796191065039	261.6758432006836	-0.022691327538341285	176000
1139200	8900	-0.37866256888140926	2.091491601705551	109.62718172574043	0.06842913824459691	355.73573654174805	-0.011895424975082279	177920
1152000	9000	-0.37162184141972104	2.1011978299617766	102.57803319692611	0.1034640081190921	359.4105807495117	-0.018766979267820717	180000
1164800	9100	-0.35713627137453297	2.1076384822130203	115.80389846587181	0.0756301735242597	263.4345544433594	-0.015360216889530421	181920
1177600	9200	-0.3813682019589469	2.1150296174287795	107.7686613459587	0.10139305902421442	221.08838233947753	-0.019471935611218214	184000
1190400	9300	-0.43483729458926246	2.1223742582798004	111.62020324730874	0.09556026728781038	279.8028779602051	-0.012552053164690734	185920
1203200	9400	-0.3996769235301763	2.132098727107048	111.65743243598938	0.08234026128039554	358.9653782653809	-0.013503920305520296	188000
1216000	9500	-0.4299919239263982	2.1410257058143616	126.29460687756539	0.07068602593619172	326.00585388183595	-0.019215432964265346	189920
1228800	9600	-0.42040971776423974	2.1501798070669174	126.8079097251892	0.07266325228024881	396.3511897277832	-0.012240228597074748	192000
1241600	9700	-0.39201008389680647	2.155978996396065	113.13528021131457	0.10761171884446764	359.47547592163085	-0.017789380308240652	193920
1254400	9800	-0.41479597305273636	2.1617014771699905	117.93756556582451	0.08531063435441165	204.7435439300537	-0.01616659466177225	196000
1267200	9900	-0.4168749224981293	2.1685049983263016	124.49779432868958	0.08221638513148422	353.3869418334961	-0.012939819833263755	197920
1280000	10000	-0.400923965705093	2.1773398205041885	122.04598839652539	0.07973092843347956	186.63746337890626	-0.018004580195993186	200000
1292800	10100	-0.41842730066226796	2.1873272576332092	144.89379172611237	0.06513915670032377	496.83166793823244	-0.00769990561529994	201920
1305600	10200	-0.40120328351063655	2.199082000732422	115.71673749542236	0.102742261162565	398.69064758300783	-0.024594496563076974	204000
1318400	10300	-0.4045768666663207	2.206166916847229	127.80291520309449	0.09422673341274906	397.16451217651365	-0.015956726381555198	205920
1331200	10400	-0.41859556051390245	2.2173738622665407	128.5503979115486	0.06956526367697441	161.02395725250244	-0.011399858333170414	208000
1344000	10500	-0.42432282175961883	2.227329511642456	133.67586984829606	0.07951260203489045	281.83810409545896	-0.010796523969620466	209920
1356800	10600	-0.43026374250650407	2.239237894654274	135.59744396018982	0.09703744061901876	257.63635818481447	-0.022355721383355558	212000
1369600	10700	-0.44885318922111767	2.250812439441681	118.19866450452804	0.10882685647775427	433.6601240539551	-0.014057028070092202	213920
1382400	10800	-0.4294125401331112	2.2625043375492098	124.57976091480255	0.09635167095999245	141.4308863067627	-0.01716481365263462	216000
1395200	10900	-0.445737242187839	2.274474888563156	136.99842845535278	0.09019873770512896	163.3755620956421	-0.014061594326049089	217920
1408000	11000	-0.40978027518442833	2.28861294400692	126.69945326530933	0.10776828945469129	713.9309661865234	-0.021079535288736226	220000
1420800	11100	-0.44027099626511335	2.298682455420494	140.00296999904512	0.06144965549354956	274.5141526794434	-0.008660089354962111	221920
1433600	11200	-0.44420907298661766	2.311530967950821	130.12207046550512	0.09141083128125928	290.40510307312013	-0.01088234963826835	224000
1446400	11300	-0.40447573286434635	2.325205484390259	149.01862656354905	0.07234350354613105	340.7823526000977	-0.011332378033548593	225920
1459200	11400	-0.409957556146197	2.3378334481716156	142.53512503242493	0.09063902382503938	447.0165843200684	-0.015407912898808718	228000
1472000	11500	-0.45968578361114487	2.3496687109470367	149.6593690505028	0.07338795686086237	438.5647639465332	-0.0102404520008713	229920
1484800	11600	-0.4333629699102603	2.3613927359580993	141.9314790172577	0.10166957652728217	479.8188917541504	-0.01478003516793251	232000
1497600	11700	-0.44474458912340925	2.3747278888225556	131.02877057743072	0.10049126227855905	525.0856977844238	-0.013442276921123266	233920
1510400	11800	-0.4405888290144503	2.389196525931358	134.21751122379303	0.10017470830156722	350.4307861328125	-0.01579606695100665	236000
1523200	11900	-0.4717166294353083	2.4010061435699463	140.1570294647217	0.0854483775666253	537.1846148681641	-0.01284124756231904	237920
1536000	12000	-0.4746265154075809	2.4168361471891404	140.0276078338623	0.09776064426227171	685.7574951171875	-0.010831633703783155	240000
1548800	12100	-0.4587713287770748	2.432062771201134	137.21714598464965	0.08286100807204391	518.835396270752	-0.012502246983349324	241920
1561600	12200	-0.4668372592153028	2.4517296928167345	155.72463187408448	0.0817918621793117	557.696205444336	-0.011509863883256912	244000
1574400	12300	-0.4826366341561079	2.47082181763649	131.2055634918213	0.1282600565292368	402.1342141723633	-0.016962971817702056	245920
1587200	12400	-0.4682807408859953	2.4873903987407684	146.95878040122986	0.07452731590758427	581.4622576904297	-0.008037126343697309	248000
1600000	12500	-0.4612127760746516	2.505351005911827	138.799004486084	0.0890503663350996	769.795919494629	-0.016174264699220658	249920
1612800	12600	-0.47614826964074747	2.5249230456352234	155.3486743450165	0.08494180820014188	554.5148577880859	-0.011937087047845124	252000
1625600	12700	-0.49186549366870896	2.5412700675725937	135.6578754262924	0.10193683681304677	725.2108222961426	-0.01294613439589739	253920
1638400	12800	-0.4700877141500823	2.5607160046100614	169.2782209968567	0.07593187984688302	754.1974365234375	-0.016638368405401706	256000
1651200	12900	-0.5462410358753986	2.5801495969295503	161.74924435853958	0.06779394200624347	327.574049911499	-0.013473520958796144	257920
1664000	13000	-0.5202604908347129	2.6001964064836502	146.89699229335784	0.08555356024054203	451.3116081237793	-0.014922910667955876	260000
1676800	13100	-0.47209480398707093	2.617147066116333	155.15482199668884	0.09674608264304374	514.1372094726562	-0.015201575197279453	261920
1689600	13200	-0.48464941171230747	2.6356367357969286	162.44224843215943	0.07622334142036918	914.3328308105469	-0.01107402715831995	264000
1702400	13300	-0.476122348816134	2.6558643182516097	169.64990077209472	0.08671893053583161	1070.1060470581056	-0.007465912066400051	265920
1715200	13400	-0.44824649319052695	2.6785825979709625	175.26157311248778	0.0705144574294241	717.0781166076661	-0.006530715627595782	268000
1728000	13500	-0.4443589029959403	2.701203503489494	181.16072250175475	0.07807769561486375	819.4009329223633	-0.006908331708982587	269920
1740800	13600	-0.5168141680816188	2.7277617349624634	176.38433166503907	0.05925757330067723	579.9664849853516	-0.003924221266061068	272000
1753600	13700	-0.49894622966088353	2.7504103190898896	181.55459866523742	0.05415188655578665	1099.4331341552734	-0.005822100462391972	273920
1766400	13800	-0.5060383196151815	2.775435743689537	183.31251898574828	0.06181617619025581	869.2656582641602	-0.007247371580451727	276000
1779200	13900	-0.5182343137376011	2.798313630461693	183.20134104156494	0.07144532182039269	875.0271514892578	-0.010286960392259062	277920
1792000	14000	-0.47771107419067993	2.821552837729454	189.0328710422516	0.05549999531727516	714.6729229736328	-0.008242041915655135	280000
1804800	14100	-0.4982970130876638	2.8395895329713823	176.71137258529663	0.07005017789899967	757.1687832641602	-0.004177246317267418	281920
1817600	14200	-0.4602251702356152	2.8616821970939634	176.1167689461112	0.08510265242101482	1019.1109030151367	-0.014221096523106097	284000
1830400	14300	-0.479557988201268	2.8821775096654894	162.46088079071046	0.09727008967339447	744.6075079345703	-0.014446574039757252	285920
1843200	14400	-0.4424403787800111	2.901108570098877	148.42339385986327	0.09613056780946996	682.3168969726562	-0.012868310464546085	288000
1856000	14500	-0.4757952676038258	2.918765587568283	165.32621516036988	0.08237341840930287	682.5019906616211	-0.009092868510633708	289920
1868800	14600	-0.4783051227671094	2.938230801105499	175.4536065437794	0.0762501029994875	1044.7844143676757	-0.009143111817538739	292000
1881600	14700	-0.5015443439092487	2.9582477922439576	173.162019405365	0.09072179155583943	772.9551669311523	-0.01140136193484068	293920
1894400	14800	-0.5221090171425603	2.9803601310253143	169.37034628486634	0.089644380080937	917.0083825683594	-0.012724075634032488	296000
1907200	14900	-0.5021496778847649	3.00103218460083	194.3219910297394	0.061893147193548395	820.5608053588867	-0.006496552955359221	297920
1920000	15000	-0.5025754187228159	3.0261431607007983	201.07956465530395	0.057267491663290884	733.4652767944336	-0.00817579485476017	300000
1932800	15100	-0.4872447067014873	3.051379349589348	177.81485663223268	0.08086079374484309	766.5903665161132	-0.012700077397748828	301920
1945600	15200	-0.5282539224755018	3.0773050392866135	207.92871105194092	0.06056411079503795	621.220313873291	-0.008213371280580759	304000
1958400	15300	-0.5347975738882087	3.097159592270851	178.02752093315124	0.08308820942213296	953.1701196289063	-0.011120618488639593	305920
1971200	15400	-0.5656039701318368	3.1171258858442306	183.74095943832398	0.07164137042076263	1097.2068673706056	-0.010155464299023151	308000
1984000	15500	-0.49221348142111676	3.1386473640203474	181.64237455177306	0.08477826778115907	1016.5636279296875	-0.012875724378973245	309920
1996800	15600	-0.5043798218737356	3.1630029680728913	191.111046084404	0.06770675456868623	844.0590240478516	-0.011362958252429962	312000
2009600	15700	-0.5151552203302272	3.1824308512210844	191.96775925827026	0.07237830628273874	775.9738177490234	-0.01060389531776309	313920
2022400	15800	-0.5250790900518186	3.2046083166599275	177.86793645858765	0.09108275353167815	1036.5829006958008	-0.013855235241353512	316000
2035200	15900	-0.474915852077771	3.2255079736709593	192.20284312438966	0.08374748467343059	1026.8966067504882	-0.008668391657993197	317920
2048000	16000	-0.48886435049632565	3.246481178998947	190.41957121658325	0.07236897012722371	729.8354655456543	-0.005210947114974261	320000
2060800	16100	-0.5330807623402215	3.2654762320518493	195.70487758636474	0.09136097063590924	789.5322171020508	-0.012558867111802102	321920
2073600	16200	-0.48736663308925926	3.289316032409668	206.00172211790084	0.0725968355106713	779.262890625	-0.009580547185614706	324000
2086400	16300	-0.45590632410161197	3.3102397859096526	169.45043604326247	0.09181391790894033	340.77979278564453	-0.011822637375444174	325920
2099200	16400	-0.5280407891920768	3.333263826131821	202.0800761642456	0.0760416396162694	959.2813458251953	-0.01173454187810421	328000
2112000	16500	-0.4978537128372118	3.3539756298065186	174.28912121009827	0.1156969166033747	941.3462088012695	-0.017381823863834144	329920
2124800	16600	-0.5384780541071669	3.3752949845790865	206.39110278987886	0.06047543179404214	615.7940292358398	-0.007839356120675801	332000
2137600	16700	-0.5252163297371008	3.398540757417679	204.5626145057678	0.07070409117662958	1265.7628198242187	-0.010813113376498222	333920
2150400	16800	-0.5593983191088774	3.4240184986591338	187.77946964263916	0.08479319429845143	1459.4536737060546	-0.012130474206060171	336000
2163200	16900	-0.5860629579667002	3.448529175758362	194.3785345478058	0.09686712027802369	774.4526889038086	-0.013596176160499454	337920
2176000	17000	-0.5592964468998834	3.4720824604034424	195.60291183567048	0.08839739769794579	693.499421081543	-0.008585410295054316	340000
2188800	17100	-0.5493029711311683	3.496069988012314	198.92058049011231	0.0885413189904734	1154.9999267578125	-0.01019104571081698	341920
2201600	17200	-0.5433565772320144	3.518237814426422	185.22218514806033	0.10210020398116415	805.41494140625	-0.010389280775561928	344000
2214400	17300	-0.533351949932985	3.5391651468276977	196.59452733659745	0.08697363116141739	873.8889367675781	-0.00835222593974322	345920
2227200	17400	-0.5272392383432016	3.5597582097053526	183.0342575569153	0.08813350208255225	757.416828918457	-0.010627544485032558	348000
2240000	17500	-0.5816449794927612	3.576392052650452	195.38470182609558	0.08583237804727124	700.0208987426757	-0.009958814345300198	349920
2252800	17600	-0.5237538302326575	3.5950811796188353	187.2781766934395	0.09160260033927063	750.0516918945312	-0.011885182820260526	352000
2265600	17700	-0.49427926385309545	3.6127324361801145	190.1206250952035	0.0872633987673935	461.89131454467775	-0.008137581972405314	353920
2278400	17800	-0.4879019565968774	3.636449058532715	205.35538780403138	0.08664019319775622	505.0212075805664	-0.008841398395597935	356000
2291200	17900	-0.4752977855703793	3.653712908029556	171.87204700851441	0.12836822133362824	701.2693765258789	-0.013979271324351429	357920
2304000	18000	-0.4728934402242303	3.6713595561981203	183.14337371635438	0.09674427366242892	500.89405502319335	-0.01379665307700634	360000
2316800	18100	-0.49819571121409534	3.6876803965568543	187.61495148658753	0.10468051715580648	601.9092765808106	-0.010682933013886214	361920
2329600	18200	-0.4951470711329021	3.705481632947922	191.6974791690111	0.10235186117900423	693.8355993652344	-0.006108184130862355	364000
2342400	18300	-0.5380600677742623	3.7228201146125794	194.55926616621016	0.08984001389382192	554.8462753295898	-0.0067045943345874544	365920
2355200	18400	-0.5055430062515661	3.74150537776947	187.2276664018631	0.10903521426820721	885.602399597168	-0.013043336495757103	368000
2368000	18500	-0.511927467877511	3.7577244970798493	191.94544407063722	0.10007108084962334	672.9191871643067	-0.00836783304810524	369920
2380800	18600	-0.46617059414694084	3.7750699710845947	177.50909495544434	0.11210251835421528	736.5352133178711	-0.011855523977428674	372000
2393600	18700	-0.5055770589597524	3.792129221200943	188.9855010008812	0.10608020026225855	578.6538705444336	-0.006401576567441225	373920
2406400	18800	-0.4997178996577859	3.812355826616287	175.8122370958328	0.1286597018277546	1240.2258834838867	-0.01213809427805245	376000
2419200	18900	-0.5142594226328656	3.8293895175457	208.2231406183243	0.09131551807300523	964.3875451660156	-0.010918983109295368	377920
2432000	19000	-0.5198569967639632	3.8455529181957244	181.8506063578129	0.12274295411630992	785.4037469482422	-0.011519162822514773	380000
2444800	19100	-0.5408953804420308	3.860323949813843	200.27852785110474	0.09290054686310888	806.6328256225586	-0.013378863334655761	381920
2457600	19200	-0.4976609869468957	3.87553803563118	201.4628459751606	0.08931503608714902	478.50429458618163	-0.008860095543786884	384000
2470400	19300	-0.5104661175608635	3.8886225736141204	203.9972818558216	0.08719385130336901	507.3146434020996	-0.006657357476651669	385920
2483200	19400	-0.49744062662729993	3.9031448340415955	209.09030316483975	0.08475586169943986	652.2359770202637	-0.009421961307525635	388000
2496000	19500	-0.5223295349320397	3.917131049633026	206.80660686540602	0.0992475970811424	766.7638745117188	-0.006425629537552595	389920
2508800	19600	-0.5166328877005726	3.9313650488853455	186.38620711803435	0.13257529348957992	759.3448370361328	-0.011899224892258644	392000
2521600	19700	-0.5250558593976311	3.9403141613006594	178.9936751432419	0.11426131992192859	511.07617950439453	-0.013993054050952197	393920
2534400	19800	-0.5514270030283369	3.9530974287986753	171.25710535550118	0.11906525290157202	552.2264590454101	-0.012291211932897568	396000
2547200	19900	-0.49856156525481493	3.965614628314972	203.5904206390381	0.08076841180161456	1026.741609802246	-0.006388888200744986	397920
2560000	20000	-0.5210689284047112	3.978419438123703	185.33256645584106	0.09506413350930727	791.3282443237305	-0.00859759371727705	400000
2572800	20100	-0.5237783978926018	3.9924580359458925	191.58322844600679	0.10226827619433627	1397.197817993164	-0.005343644712120295	401920
2585600	20200	-0.5297324514519424	4.0068291268348695	205.76845141553878	0.09369806892842923	698.3818113708496	-0.01052311085164547	404000
2598400	20300	-0.5259590722573921	4.022139594316482	213.4693598549366	0.09176273253511445	925.8683183288574	-0.011222679112106561	405920
2611200	20400	-0.5227575049004517	4.04115242266655	191.19837906551362	0.12150104653775208	933.6536907958985	-0.011822306057438255	408000
2624000	20500	-0.5108758400306106	4.0553609623909	197.25247342926264	0.10059402034170309	596.4350199890137	-0.009768027504906058	409920
2636800	20600	-0.5222327041099779	4.070374324798584	214.5452613887787	0.07813867667597287	988.4209429931641	-0.00566510422155261	412000
2649600	20700	-0.5356116757793352	4.0847085549831395	204.43963514328004	0.10816322567323687	774.2657818603516	-0.007606198750436306	413920
2662400	20800	-0.5543673100583255	4.096390360355377	190.3290838559866	0.10807440385066767	495.52182830810546	-0.009122607847675681	416000
2675200	20900	-0.5295992158036679	4.109600206136704	199.13211176872252	0.10296050025312069	739.3728543090821	-0.006230161972343922	417920
2688000	21000	-0.5180992899900302	4.121895610809326	192.33092440795897	0.11705702212660402	1013.5975695800781	-0.011210249699652196	420000
2700800	21100	-0.5289627108257264	4.130565458774567	196.7228051595688	0.10001217284794515	802.0059959411622	-0.00500677090138197	421920
2713600	21200	-0.5289628670304082	4.1429623622894285	212.81301287078858	0.0970829551882344	616.9224627685547	-0.012051437087357043	424000
2726400	21300	-0.5578431390943006	4.151204251289368	193.31538197231293	0.10130576202920392	670.4775204467774	-0.010385313918814063	425920
2739200	21400	-0.5519560713474638	4.162878613471985	206.98505510258676	0.09980119554508067	530.7208065795899	-0.005126270204782486	428000
2752000	21500	-0.5700307980305516	4.173924581289292	189.03008682763576	0.10250180953199677	621.3671478271484	-0.006823267731815577	429920
2764800	21600	-0.531461143813096	4.185990564107895	194.06083368206023	0.11220679617049412	716.7468682861328	-0.012029436826705932	432000
2777600	21700	-0.5488656569654122	4.195502804994583	206.1201362259388	0.10024565976072805	1057.9822280883789	-0.0052809717878699305	433920
2790400	21800	-0.5462773510473781	4.204701963186264	215.8918434906006	0.08804661714026403	488.2163984680176	-0.00373407207429409	436000
2803200	21900	-0.5556469853981398	4.212553651809692	195.32617741155624	0.11168836623242412	834.6363653564454	-0.005988921858370304	437920
2816000	22000	-0.5196659872881136	4.220594147443771	219.66318046951295	0.08543375149312567	647.3234205627441	-0.00997015580534935	440000
2828800	22100	-0.5359066227944568	4.231243404388428	212.09050746870042	0.1016300270422149	669.3462237548828	-0.004629004867747426	441920
2841600	22200	-0.5322770854542032	4.241001027822494	209.73867750453948	0.09966954326262115	928.0914361572266	-0.002544363420456648	444000
2854400	22300	-0.5170668450542726	4.2518962395191195	221.11000420016052	0.08815082974613611	712.947258605957	-0.006626683156937361	445920
2867200	22400	-0.5330562127353623	4.268349846839905	206.77914143252372	0.10503831673117763	1282.6095581054688	-0.003340844614431262	448000
2880000	22500	-0.538421543146018	4.281997646331787	216.03703873157502	0.09950201416938448	932.677341003418	-0.007833463475108146	449920
2892800	22600	-0.5560217816769145	4.293684042453766	189.9120836188793	0.12416941779276248	901.069780883789	-0.0046615819633007045	452000
2905600	22700	-0.5112608459331095	4.302152398109436	198.9701674925089	0.1022453312841004	962.9971691894531	-0.00731071338057518	453920
2918400	22800	-0.5694441823386587	4.312440233707428	204.94261040878297	0.09113800374777153	375.7229187774658	-0.0032519210129976273	456000
2931200	22900	-0.5402242409558967	4.322408976078034	207.0029076051712	0.10026216943397084	1023.5741531372071	-0.006193827129900456	457920
2944000	23000	-0.5370480723096989	4.33089018535614	204.0864825706482	0.11074341080742872	666.7192614746094	-0.00943693010136485	460000
2956800	23100	-0.531407374579925	4.3375901491642	211.4872252883911	0.10329863482799183	846.6811080932617	-0.008305509816855192	461920
2969600	23200	-0.5538913202895783	4.343283487558365	192.20290934342145	0.11933185581438384	738.6900540161133	-0.008116367422044277	464000
2982400	23300	-0.5663967249281704	4.351033612251282	208.05370781373978	0.1050162821891417	650.4167346191406	-0.005394028127193451	465920
2995200	23400	-0.5750650730878115	4.360986532688141	214.82214579200743	0.08650899143117971	496.50197021484377	-0.005938200559467077	468000
3008000	23500	-0.566228565659374	4.369463908672333	204.981808467865	0.1173657934833883	454.25686920166015	-0.0064979146979749205	469920
3020800	23600	-0.560160642765928	4.376025537490845	207.17306222629549	0.118446923197761	1017.3471545410156	-0.007843976337462664	472000
3033600	23700	-0.5275513794743456	4.385393223762512	216.71405149459838	0.10854227390662477	709.8665753173829	-0.007950102975592017	473920
3046400	23800	-0.5579499785392545	4.391082460403442	198.70709606456757	0.11351196635247902	454.2187203979492	-0.00787027183920145	476000
3059200	23900	-0.5370573802827857	4.396206731796265	191.7385221335888	0.11372017194342043	865.7956625366211	-0.004674135828390717	477920
3072000	24000	-0.5477106713284738	4.4028003408908845	178.04440050192179	0.13069694326364065	1031.1438891601563	-0.009394689090549945	480000
3084800	24100	-0.5459733088808134	4.410386132001877	193.66532965564727	0.11056875732272226	1055.2449090576172	-0.005149439610540867	481920
3097600	24200	-0.5436230567041784	4.420330468654632	213.66554439115524	0.11263637511915534	816.3814141845703	-0.006613834779709577	484000
3110400	24300	-0.5544102768930607	4.429440224409103	204.1810634689331	0.10890682697889577	590.2121524047851	-0.003909422708675265	485920
3123200	24400	-0.5645278166797943	4.436193378210068	194.88986337280272	0.12641975561888227	693.2864514160157	-0.010217919815331697	488000
3136000	24500	-0.5398118373015895	4.4413088452816005	215.87722132968904	0.09128864154319584	794.4766067504883	-0.0022528551332652567	489920
3148800	24600	-0.5670286718290299	4.448929041147232	194.44239037498832	0.11252953320903561	847.3615435791015	-0.001980174612253904	492000
3161600	24700	-0.5509789295871742	4.45533770108223	196.81001832044126	0.11286670557970176	1255.1293640136719	-0.0029385089688003063	493920
3174400	24800	-0.5637288781832903	4.4569294893741604	203.25259673309327	0.09852690990970603	1096.8444592285157	-0.007087554382160306	496000
3187200	24900	-0.5943851335407234	4.462466905355454	222.4808552713394	0.08551013476945635	859.4985745239258	-0.007035590345039964	497920
3200000	25000	-0.5512082906034775	4.469776454687119	197.3330179719925	0.12554768916753692	997.6268283081055	-0.008201380427926779	500000
3212800	25100	-0.5681835299516097	4.473726917982101	211.784639721632	0.09732469142779474	739.6992156982421	-0.005802218578755855	501920
3225600	25200	-0.5629275823542849	4.480498357534408	225.6836293487549	0.09864737086550286	911.0722274780273	-0.004642607700079679	504000
3238400	25300	-0.5986328381681815	4.484269209623337	183.53568005108832	0.13038112295017487	1005.2159219360351	-0.004883475191891193	505920
3251200	25400	-0.565444814234972	4.485249163389206	205.0968110599518	0.11234045510025123	929.6815048217774	-0.005859791617840528	508000
3264000	25500	-0.5798285459764302	4.490193246126175	196.24253191184997	0.12648315277279068	1437.7939422607421	-0.005385190919041633	509920
3276800	25600	-0.5879501650137827	4.4930784332752225	202.9056469244957	0.09756377452660586	1109.187716369629	-0.005232624895870686	512000
3289600	25700	-0.5976694272388704	4.498836438894272	197.83455609989167	0.10308595790876171	1126.7407049560547	-0.0022529794275760653	513920
3302400	25800	-0.5586086374032311	4.50366592669487	210.4717634552121	0.0961632510602434	1760.5949688720702	-0.0025059086829423904	516000
3315200	25900	-0.5890917317555286	4.510752050638199	219.38283323860168	0.08903067510047503	1493.8798876953124	-0.0017709075286984443	517920
3328000	26000	-0.5732606516880915	4.518707674980163	239.52707562065123	0.0675885947954489	1305.7977215576173	-0.0038966061919927597	520000
3340800	26100	-0.5727706221737899	4.525254193782806	222.98074571704865	0.08620665994856688	1024.8747845458984	-0.002541824458166957	521920
3353600	26200	-0.5676252608085052	4.532812992572785	233.07285490751266	0.07569833372302488	950.8645977783203	-0.0022012346237897874	524000
3366400	26300	-0.5907813592697494	4.541440151691437	238.41814080822468	0.07565952127383602	1297.8828192138672	-0.0038257042691111566	525920
3379200	26400	-0.5652944354317151	4.549374493598938	237.68921618890764	0.06854644331171698	1280.9009838867187	-0.0013487742748111487	528000
3392000	26500	-0.5746581591702997	4.554493973255157	215.12321380329132	0.09510902975110992	1350.5250616455078	-0.0028736361674964427	529920
3404800	26600	-0.573510333201848	4.561707072257995	218.50965483474732	0.08516972050418434	1381.9253463745117	-0.002815741840749979	532000
3417600	26700	-0.5746687331493012	4.568591087818146	217.27983714962005	0.11152959025917777	1673.6993981933595	-0.004074526336044073	533920
3430400	26800	-0.5734597505601123	4.575474639892578	200.23219466781617	0.12310551173790589	799.9990155029296	-0.007428253889083862	536000
3443200	26900	-0.5684852346074767	4.5816754965782165	186.1319569363743	0.14633956992632807	1458.412860107422	-0.004523899778723717	537920
3456000	27000	-0.5751432164688595	4.588667335510254	199.78652082824706	0.11649207650492105	1688.525298461914	-0.001034554000943899	540000
3468800	27100	-0.5885219726031646	4.5980246658325195	225.3630976331234	0.10375252174127274	843.5970727539062	0.0012495298124849796	541920
3481600	27200	-0.5384207077976316	4.604084975719452	201.8531437664032	0.11549583751866103	1864.6890014648438	-0.0029473845195025204	544000
3494400	27300	-0.579249634323176	4.610833990573883	217.33571147441864	0.09796295671450696	1501.2566094970703	-0.004371967567130923	545920
3507200	27400	-0.5642996780374088	4.616652901649475	222.87364963150026	0.0997521694249902	1431.212006225586	-0.002382713295519352	548000
3520000	27500	-0.5978516168547794	4.623049030303955	220.89844936990738	0.11147275864894901	978.5691513061523	-0.003237595781683922	549920
3532800	27600	-0.5757506290604361	4.631561693429947	218.2969213619232	0.1211086599385169	1908.3472845458984	-0.0056261843629181385	552000
3545600	27700	-0.5298091891556979	4.643499970197678	234.2019920654297	0.10578379643271318	1054.9804516601562	-0.002709169667214155	553920
3558400	27800	-0.588149664035067	4.654606186151504	200.9617998409271	0.12618961959024713	1704.8305548095702	-0.002964877523481846	556000
3571200	27900	-0.570745880109258	4.661538904666901	201.13451445961	0.10648948447374615	1590.026953125	-0.0006426013074815274	557920
3584000	28000	-0.5615036546429619	4.669643747806549	234.88470615386962	0.08484895161118629	1395.2884906005859	-0.0035403036046773194	560000
3596800	28100	-0.563334277654998	4.67593115234375	210.42005333709716	0.11457315146231986	1418.3736450195313	-0.002284285146743059	561920
3609600	28200	-0.5739892489602789	4.682905045032501	215.96702981567384	0.1023079192671349	1504.628380126953	-0.0022174583747982977	564000
3622400	28300	-0.5593398083182983	4.688346857070923	240.48275572586059	0.09070326703450723	947.2551190185546	-0.0015033948235213756	565920
3635200	28400	-0.5861692436346784	4.694964859008789	235.88439764022826	0.07101082470297262	1439.0924737548828	-0.000891674654558301	568000
3648000	28500	-0.6172969876821153	4.703411604404449	245.62256591796876	0.06438356970888721	2151.3796997070312	-0.002628833227790892	569920
3660800	28600	-0.593159394132439	4.7093103098869324	251.2567391281128	0.07270132510270619	1368.9977575683595	0.0011614260263741016	572000
3673600	28700	-0.5642404035720974	4.715776819229126	231.26121489715575	0.1088104452809932	1746.191796875	-0.004684745240956545	573920
3686400	28800	-0.584170218963176	4.725282007694244	226.2826660118103	0.09251034919755373	2057.157462158203	-0.0033911923971027135	576000
3699200	28900	-0.5929939218810759	4.731463393688202	207.28157865226268	0.115694827993665	2224.68931640625	-0.003907773327082396	577920
3712000	29000	-0.6150446971263737	4.740388154029846	211.54937143754958	0.1096129709461967	2407.14470703125	-0.004305832609534263	580000
3724800	29100	-0.5764265673281624	4.750377627849579	234.81525049209594	0.08322959582979077	1961.84693359375	-0.003569414857774973	581920
3737600	29200	-0.5910894340798258	4.757592067718506	237.30389096450807	0.09943634641157183	1878.9325378417968	-0.0008303718455135822	584000
3750400	29300	-0.5870832584602759	4.76533868598938	217.28251772117613	0.1009688826101891	1852.0666876220703	-0.0020705531584098934	585920
3763200	29400	-0.5734501981423237	4.77098792552948	236.47076850509643	0.08485269798379179	1622.6782879638672	0.003064148183912039	588000
3776000	29500	-0.5850398727809079	4.774049287796021	227.27987937927247	0.10299525542163059	1218.9573504638672	-0.004772319309413433	589920
3788800	29600	-0.5880761568252929	4.777439141750336	238.89193826293945	0.07346375444939891	1257.4676431274413	-0.0031257439311593773	592000
3801600	29700	-0.6326877675289289	4.781382406711578	233.54982655334473	0.05671912746697233	1593.0030209350587	0.0021824298426508905	593920
3814400	29800	-0.618313637976069	4.7880563311576845	253.07296862220764	0.06054388372229676	1958.8216625976563	9.123298339545727e-05	596000
3827200	29900	-0.5910023117163219	4.79306833076477	250.4720994027853	0.0791601317224017	2006.6040832519532	-0.0048033098503947255	597920
3840000	30000	-0.5996660613473505	4.799063887119293	229.37583588182926	0.10208957870352078	1897.0411053466796	-0.0014259584434330463	600000
