steps	episodes	average_discriminator_loss	average_rewards	average_value	average_entropy	average_value_loss	average_policy_loss	n_updates
12288	12	0.21776346862316132	-3.5611384386817613	-80.4135104598999	0.6450125540196896	263.88645820617677	-0.05178479949012399	1920
24576	24	0.19120221585035324	-4.944466813157002	-290.30379914855956	0.5979210302233696	1148.6704110717774	-0.06790224029682576	3840
36864	36	0.18358038862546286	-5.4585516610079345	-416.03113732910157	0.5760641329884529	1867.4595288085939	-0.06192326322197914	5760
49152	48	0.20312510803341866	-5.627510579302907	-475.9759195251465	0.5638376012146473	2151.054125366211	-0.059835848193615676	7680
61440	60	0.20978941023349762	-5.716417115430037	-510.45876208496094	0.5367032073587179	2353.037164916992	-0.05368216598406434	9600
73728	72	0.2085485210021337	-5.765426550888353	-525.5173915100098	0.4995708670243621	2329.3343701171875	-0.04683110069483518	11520
86016	84	0.20851377149422964	-5.826210630436738	-535.6000487670898	0.48972103925887495	2476.3363229370116	-0.04892331784591079	13440
98304	96	0.21507292613387108	-5.8818737824137015	-544.5346477050781	0.48831897516548634	2469.3276635742186	-0.04703401213977486	15360
110592	108	0.2225403686364492	-5.904733989801672	-545.6751845397949	0.4833988669924438	2641.731665344238	-0.058802703730762004	17280
122880	120	0.22408073395490646	-5.919276281942924	-541.8321913146973	0.4761112275486812	2349.920234375	-0.0478421151265502	19200
135168	132	0.22657150797771686	-5.930982976926096	-551.173980834961	0.4919315497772768	2436.4795169067384	-0.05280616089701653	21120
147456	144	0.23034815531637934	-5.955127249782284	-553.1247085876465	0.48237262106407436	2441.142850341797	-0.04451182752847672	23040
159744	156	0.2325154978495378	-5.985956018360762	-572.0366875610351	0.49039914582669736	2876.5499270629884	-0.05187559395097196	24960
172032	168	0.2398864704938162	-6.013289823950756	-572.0780246887207	0.4728149493923411	2530.318533935547	-0.03062832306139171	26880
184320	180	0.26225885881317984	-6.028223162723912	-537.5389940490722	0.4246049304995686	2602.804146118164	-0.04479366717394442	28800
196608	192	0.28280900480846566	-6.044486977625638	-556.5265237426757	0.44955627982784063	2542.322453613281	-0.03894681366160512	30720
208896	204	0.3280291247601603	-5.964776570160015	-525.4778153076172	0.36448603752814235	1891.9880917358398	-0.03300044365227223	32640
221184	216	0.3494892368714015	-5.907909373856253	-509.5375917663574	0.4977893031076528	2083.0250355529784	-0.04131285401061177	34560
233472	228	0.3737409548801288	-5.877835146559958	-380.6864875793457	0.13251759890536777	1302.6843516540528	-0.033722780011594296	36480
245760	240	0.3721085404356321	-5.496450200056036	-178.02152195739745	0.013719140400644392	90.04189414024353	-0.004149206196889282	38400
258048	252	0.36482421817287564	-5.081413664869846	6.670771568775177	5.183295529695897e-05	31.265555341243743	0.0030485083162784575	40320
270336	264	0.3585372172070272	-4.834055628175989	392.1771162261963	0.47720723266433923	485.1479945373535	-0.06907483889721334	42240
282624	276	0.3584464198869208	-4.803959461549918	-2.1691417073011396	0.5250300357902888	81.44917881011963	-0.08410822629928588	44160
294912	288	0.3591065713100963	-4.617989780484802	-32.23962326812744	0.0017698265790932054	4.759989545047283	-0.003048646878451109	46080
307200	300	0.352485174536705	-4.309608165721099	109.80882748413086	1.858688315207635e-05	167.5282619857788	0.008609028737992049	48000
319488	312	0.3456129618944266	-4.031488771908558	184.29744441223144	2.419518314623476e-07	325.19616422176364	0.001549439113587141	49920
331776	324	0.3387897180186378	-3.782473963259915	214.93955479431153	2.1434715761672886e-08	404.63823307037353	0.0035148058366030453	51840
344064	336	0.3322309278661296	-3.56296448081377	221.5273928527832	2.217138042694078e-06	402.9093089866638	0.0022016141004860402	53760
356352	348	0.3347591706391039	-3.3754597949399345	230.73767707824706	0.008639533851971463	284.29080080986023	-0.009603240434080363	55680
368640	360	0.33088980731036927	-3.3464861796134047	93.46653220367432	0.5007823100425303	18.468525590896608	-0.08626757675781846	57600
380928	372	0.3276617605519551	-3.39789497523859	-138.34573935699464	0.4497772436204541	339.5142853164673	-0.043282421063631775	59520
393216	384	0.3302905815653503	-3.443273795691008	-250.26853273010255	0.3732822719144751	773.8463053894043	-0.04131993037648499	61440
405504	396	0.3424479216337204	-3.4334854169776947	-358.2963416137695	0.5015930612189695	681.4935386657714	-0.037858678549528124	63360
417792	408	0.3482931830427226	-3.4414335587883698	-334.78198162841795	0.45712140944693236	774.526809387207	-0.03521577397361398	65280
430080	420	0.35254620781966617	-3.384635823610283	-156.2257000579834	0.0011638809254891384	99.00755441665649	-0.023567835222929715	67200
442368	432	0.34823484001336275	-3.224379670219841	8.288457711160182	3.9613527773779935e-05	25.094049094319345	0.005094122616574168	69120
454656	444	0.3432370624295226	-3.0682999147353947	106.77407740020752	2.189573702595888e-05	136.2724073767662	0.00332854550331831	71040
466944	456	0.3376746852146952	-2.923944176746565	158.9098613586426	4.335678489243653e-06	232.01529623985292	0.0026052627339959145	72960
479232	468	0.3325163560290622	-2.791839428882823	182.45614559936524	3.103013904528821e-06	268.69539699554446	-0.0024517242051661013	74880
491520	480	0.33039505233367283	-2.6661690815662342	186.66002651977539	0.0011589192193092001	289.19653428554534	-0.004655263349413872	76800
503808	492	0.3281007989393017	-2.5486042494090593	188.82573696899414	0.001106737415569489	302.8235151910782	0.0012151625007390976	78720
516096	504	0.32918147730921943	-2.45059197212732	191.67684564208983	0.01037062780027701	199.73571441173553	-0.004198287148028612	80640
528384	516	0.3344367147647133	-2.416277731285077	174.2729870452881	0.004211597795532538	63.93408485412598	-0.05623573262244463	82560
540672	528	0.33702384917573497	-2.4412634708551746	-44.62257231473923	0.33500776747466465	117.18596357345581	-0.05668797619640827	84480
552960	540	0.33860324566011074	-2.391527418019595	-1.3770521802902222	0.009058302968421505	16.397443199157713	-0.00589493690058589	86400
565248	552	0.3357156502163928	-2.298216837201861	80.16739145660401	7.159205056376538e-05	76.77900149583816	-0.001123912800103426	88320
577536	564	0.33200685531957774	-2.2096517569524177	118.66950417327881	0.0007057057536536067	137.73492459774016	0.0035009788908064365	90240
589824	576	0.3281990544249614	-2.1287155417828925	133.76993775939943	0.0008426422436192673	152.7163580739498	0.0021660102531313894	92160
602112	588	0.3270993384779716	-2.0495207278805525	190.61299884033204	0.030861100314086416	244.8416911125183	0.006753609143197536	94080
614400	600	0.32926304280757906	-1.9839299664398033	180.65760655212404	0.03748877049482978	218.8513154602051	-0.007925885040313005	96000
626688	612	0.33347756313342675	-1.9385400954025243	123.36522261810303	0.08271065822802173	105.99773215293884	-0.013410758944228291	97920
638976	624	0.33799410191101903	-1.9325201960328298	52.22550988006592	0.21824375197713994	12.510530672073365	-0.0686538161803037	99840
651264	636	0.3429150778167653	-1.941875900674916	-108.48689861297608	0.3694400583431096	125.2891873550415	-0.02958683455362916	101760
663552	648	0.34384256104628247	-1.9268386387898597	-91.58532943725587	0.002512075174244966	42.55268175959587	-0.0012785769253969193	103680
675840	660	0.3436354280421228	-1.8841757010329854	-29.885384229660033	0.004815672654471601	7.295379315316677	-0.005537205878645182	105600
688128	672	0.3407513908154908	-1.8332960550628958	8.192761916160583	0.0005175606573492453	3.108327896296978	0.005137964067980647	107520
700416	684	0.33752823355253675	-1.7837969428963132	42.18311014175415	0.003848505318129773	18.81118173480034	0.003997794203460216	109440
712704	696	0.336080696476602	-1.7371938127553326	108.24978633880615	0.028662025748247624	85.45845536231995	-0.004963154122233391	111360
724992	708	0.3384165953276521	-1.6982271177957287	112.56047075653076	0.07262059838549459	104.15376064300537	-0.0031335040554404258	113280
737280	720	0.33953146677878165	-1.7170906270543733	22.314535180449486	0.2675290126496034	9.74351261138916	-0.0647610831167549	115200
749568	732	0.3403471492515887	-1.744434155238782	-98.42329298400878	0.10011004923694805	181.42185342788696	-0.033286648876965044	117120
761856	744	0.34241496787596776	-1.7649420914790963	-169.70061933898927	0.04380978132624551	272.17845357894896	-0.008532786089926959	119040
774144	756	0.3444085542960142	-1.759695290100007	-172.31397241210936	0.07247596130940047	217.14128856658937	-0.0078094790503382685	120960
786432	768	0.3460072885112216	-1.739352170843631	-127.04251170349121	0.03412149282198044	108.15453812122345	-0.0026748289167881014	122880
798720	780	0.3493756952194067	-1.7262061085456457	-52.05694444656372	0.2029365238782176	64.56418075561524	-0.043750593122094866	124800
811008	792	0.35144930423209164	-1.7548204290144371	-160.39227893066408	0.18811526736641887	325.65040130615233	-0.04363445146009326	126720
823296	804	0.35421142182243404	-1.7760419468974593	-210.82473498535157	0.14461092480266352	579.8460725021363	-0.026036261608824135	128640
835584	816	0.3581344112023419	-1.7759941255345064	-209.3126414337158	0.11773567785312557	277.6951385307312	-0.017006922326982022	130560
847872	828	0.3613946910785592	-1.7554020549436122	-138.9908977050781	0.12124621973472104	96.75495667457581	-0.015433328980579973	132480
860160	840	0.3671007534577733	-1.731851405934209	-62.04259716796875	0.2662540588504506	33.74807417869568	-0.02821564263664186	134400
872448	852	0.3696714959374056	-1.753920421528984	-126.02718378448486	0.27056652794644404	255.95755304336546	-0.06394530550576746	136320
884736	864	0.3748966994246951	-1.7700835219756872	-172.8708307952881	0.13831910231227343	368.20220497131345	-0.02398421773687005	138240
897024	876	0.3800778495802727	-1.7640448690617465	-170.4485720977783	0.1277531909404699	197.7303154373169	-0.020745225325226782	140160
909312	888	0.385251290424987	-1.7338770740069784	-90.29042120361328	0.20079320789772587	34.52107836723328	-0.03275745027698576	142080
921600	900	0.39074730694293974	-1.7360371965169907	-67.44967756271362	0.40546330898806626	110.74793446540832	-0.07719027150422335	144000
933888	912	0.3966266147530915	-1.7498967840352602	-202.86994171142578	0.560148671835661	294.42779724121095	-0.03092198897153139	145920
946176	924	0.4012599642271603	-1.7446666681792313	-158.94711918640138	0.1433444068774796	126.93332440853119	-0.01022736420854926	147840
958464	936	0.4061722587953266	-1.7122639047666492	-61.29120025634766	0.18959874672052218	13.806891281604766	-0.036641401471570134	149760
970752	948	0.41255979151916905	-1.6854055766566394	-1.2709542655944823	0.2409802965584022	2.4930811560153963	-0.05072700789198279	151680
983040	960	0.4184272004291415	-1.6922666985541581	-54.53322650527954	0.3706293547300156	77.51798137187957	-0.0427406301535666	153600
995328	972	0.42369974916609227	-1.710891893248499	-148.36366470336915	0.27116246695108565	337.8014443206787	-0.04528226297348738	155520
1007616	984	0.4305649608737085	-1.7134798303609942	-178.85079690551757	0.24171481122708063	225.46243829727172	-0.01504745963960886	157440
1019904	996	0.4377453390015177	-1.7107613449355206	-153.52737786865234	0.3235236701448448	184.17546915054322	-0.021900970935821534	159360
1032192	1008	0.4435033614318522	-1.7278650070703219	-191.27800016784667	0.3449416023958474	487.7545848846436	-0.041549634803086516	161280
1044480	1020	0.45068781662221047	-1.7264840657804525	-184.91394633483887	0.2673893976059844	243.55446826934815	-0.02863683070987463	163200
1056768	1032	0.4578721653236899	-1.718944940571637	-154.2540495300293	0.3780465323038807	164.9317425251007	-0.03281695796176791	165120
1069056	1044	0.46267969974841194	-1.7326376302260549	-171.7789257507324	0.2979656599236187	269.25705554962155	-0.03500553989782929	167040
1081344	1056	0.4698032170647021	-1.7330611570540704	-169.30392901611327	0.26977196417952654	250.9810991668701	-0.029928934015333652	168960
1093632	1068	0.47675645334667033	-1.7218386677097293	-128.19493828582765	0.30420235719761696	122.28115594863891	-0.02595449885353446	170880
1105920	1080	0.48268144202453117	-1.7295583536227543	-152.77361723327635	0.4284768537553027	246.18459957122803	-0.04194371936377138	172800
1118208	1092	0.48834587786442196	-1.7384539965963188	-197.45085899353026	0.37047208953165683	288.734852142334	-0.022505710013210774	174720
1130496	1104	0.49497559736820235	-1.7416657543052798	-175.27423503112794	0.32017530634370633	274.58247236251833	-0.022375031374394894	176640
1142784	1116	0.5006549798993654	-1.7499341790607754	-193.0849354095459	0.30138564837211745	333.05060842514035	-0.025793421119451522	178560
1155072	1128	0.5067438712039738	-1.7431891552099945	-175.9818716278076	0.3022178676862386	177.1103978872299	-0.01462958755902946	180480
1167360	1140	0.5127659902760857	-1.7347830975264833	-111.6876866607666	0.36867723797284996	127.17536006450653	-0.02644373510032892	182400
1179648	1152	0.516522014565352	-1.7468147991846006	-196.0800365447998	0.5477811690215021	311.2942112541199	-0.044684118372388185	184320
1191936	1164	0.5226054562838217	-1.7521907449587923	-185.02591229248046	0.3144285034739296	286.96473781585695	-0.018966057104989886	186240
1204224	1176	0.5285473229224179	-1.7502746028559548	-179.1817547454834	0.33337102219741793	230.90525764465332	-0.03174820384010672	188160
1216512	1188	0.5330286546287312	-1.757225852823418	-176.22823556518554	0.38870011287671513	315.9895838356018	-0.03813466090708971	190080
1228800	1200	0.5370618808766207	-1.7686389682690302	-206.25560633850097	0.3673964225323871	396.92429676055906	-0.03281864987686276	192000
1241088	1212	0.5418521516492264	-1.7763988411072458	-222.28141773986817	0.3354953702928033	404.173404045105	-0.04333535281941295	193920
1253376	1224	0.5462493536616463	-1.7831623170500488	-215.26427799987792	0.3149375567719544	356.61406383514407	-0.01284150207415223	195840
1265664	1236	0.5490242752538915	-1.791998069841885	-213.140783203125	0.26831111880793107	396.17983045578	-0.02404691057279706	197760
1277952	1248	0.5527700654302652	-1.7937535030337481	-191.31099057006836	0.3336589905939181	322.05080633163453	-0.05080748467706144	199680
1290240	1260	0.5566012596800214	-1.8015480857046824	-208.3525267791748	0.3360363862559316	403.6445892143249	-0.03160429492592812	201600
1302528	1272	0.559770220340048	-1.8054876726753306	-206.41206266784667	0.2759228507257649	336.7097728729248	-0.02467501139268279	203520
1314816	1284	0.5632261184981308	-1.8110550328207164	-193.7289560699463	0.22843774083486643	304.3388269138336	-0.018112742323428393	205440
1327104	1296	0.5671339188185003	-1.794855634716374	-128.74592309570312	0.23636374912259633	98.91278252601623	-0.025579052716493605	207360
1339392	1308	0.5713681571800774	-1.783282434243128	-73.91693376159668	0.3146054520407051	57.629594268798826	-0.0258962756767869	209280
1351680	1320	0.5732126498312661	-1.7960678220472552	-133.7306713256836	0.4106922631686903	333.3288950920105	-0.05615221512503922	211200
1363968	1332	0.5776004900892934	-1.7980238958835244	-168.59696031188966	0.2774365663996141	240.34996519088745	-0.018160935398191212	213120
1376256	1344	0.5819971741044095	-1.7991068825081347	-174.30853079223633	0.2757510439493635	222.60825952529908	-0.0204640138708055	215040
1388544	1356	0.5861942766778236	-1.7931197681917554	-140.19242520141603	0.29432260967878393	152.53227733135225	-0.019115505572408438	216960
1400832	1368	0.5893498779824603	-1.794085913996773	-137.59411768341064	0.5247467555832118	199.12885957717896	-0.040435599219053986	218880
1413120	1380	0.5930084118376607	-1.8018719611608465	-178.24960348510743	0.30419438187463677	309.31617107391355	-0.027384755043312906	220800
1425408	1392	0.5960348233494951	-1.8074213102588366	-200.91290827941896	0.31367740869053523	307.97358364105224	-0.015490140523761511	222720
1437696	1404	0.6000274629080058	-1.8054946026528662	-173.58636738586426	0.3077986403287505	264.84318400382995	-0.02603944022208452	224640
1449984	1416	0.6029737454097149	-1.8125958072895048	-187.39922412109374	0.32735196805431044	334.9066335105896	-0.029355629803612827	226560
1462272	1428	0.6068811338572275	-1.8173396000299467	-210.52605961608887	0.29052202226675583	310.58379905700684	-0.017091484162956475	228480
1474560	1440	0.6108427380936013	-1.809936919539339	-163.23744639587403	0.29960623798466984	189.41292125701904	-0.028496133685111998	230400
1486848	1452	0.6144306490982859	-1.8073540184410808	-133.388259765625	0.3503113307107706	171.59771703720094	-0.02033260343596339	232320
1499136	1464	0.6172551337242778	-1.8168142308262203	-187.0232548828125	0.3373567198062083	320.9367734527588	-0.014004846690222622	234240
1511424	1476	0.6202010490141587	-1.8260879513976698	-216.18390547180175	0.29981171204140994	398.36659809112547	-0.022580862659960985	236160
1523712	1488	0.6239366017442237	-1.8276891994179898	-214.57397903442381	0.3130187287571607	360.29397197723387	-0.023215070478618146	238080
1536000	1500	0.6274196321566899	-1.8259480162262915	-185.45521057128906	0.33546100330573975	245.23425819396974	-0.015910860933363438	240000
1548288	1512	0.6302781668368471	-1.833380078887025	-200.9215008392334	0.3551874182207976	370.06473329544065	-0.02538821700960398	241920
1560576	1524	0.6331928727899011	-1.84184618796811	-224.45491862487793	0.3363755434640334	458.7388567733765	-0.023936915919184686	243840
1572864	1536	0.6363832210578645	-1.847840130076899	-226.7457417907715	0.3507126495692064	413.88143463134764	-0.019552146662026645	245760
1585152	1548	0.6390036603662087	-1.8554689536684552	-238.8178953857422	0.35652993292163593	506.2745026016235	-0.028661637427285315	247680
1597440	1560	0.6416517196939542	-1.8633936934555189	-250.9131420288086	0.3719391362746246	546.4360832977295	-0.02673221169039607	249600
1609728	1572	0.6439347212930369	-1.872650358569986	-264.1145340423584	0.3930803800006397	569.296862564087	-0.01953686658293009	251520
1622016	1584	0.6460546028207649	-1.8814269976144788	-261.84379930114744	0.3734160980158486	568.1065549087524	-0.018265104778110983	253440
1634304	1596	0.6485899367502758	-1.8892588475555705	-262.9793534088135	0.3675060532353818	578.7404981231689	-0.017152252830564974	255360
1646592	1608	0.650961737764712	-1.8973527064926885	-265.18155293273924	0.3984804054242559	571.3903450012207	-0.02591648057103157	257280
1658880	1620	0.6524951152227543	-1.9072734459498781	-271.9106863861084	0.43805315318296195	636.7202597045898	-0.030618492271751164	259200
1671168	1632	0.6545737551196533	-1.9163187073689758	-283.30918624877927	0.41324387896060943	605.1289250183105	-0.023074868097901345	261120
1683456	1644	0.6576150448725462	-1.9206339945141997	-272.6758617858887	0.37294560903985985	525.1774656486512	-0.02665967447683215	263040
1695744	1656	0.6608668250810121	-1.9171986969160861	-206.97410900878907	0.3239068163644988	275.6946198654175	-0.011310400292277336	264960
1708032	1668	0.6637840944585754	-1.916871074917648	-171.47733935546876	0.3795152899373788	270.82533548355104	-0.024821585286408664	266880
1720320	1680	0.6658799757914884	-1.9250461652697552	-216.81569776916504	0.41583093237190044	417.2214505386353	-0.02981707751750946	268800
1732608	1692	0.6683088034109584	-1.9325885339232765	-240.32604679870605	0.39444468795182186	474.87803745269775	-0.021681949077174068	270720
1744896	1704	0.6710628548488371	-1.939125405843129	-246.62543583679198	0.3567738861828111	559.6463190841674	-0.034054775424301624	272640
1757184	1716	0.6738211636568283	-1.9449146572491784	-248.2929878540039	0.370583544496214	491.7105794334412	-0.02143526026047766	274560
1769472	1728	0.6755694588646293	-1.9517198746368565	-248.3980226287842	0.32860132955177684	547.349172744751	-0.020434170234948396	276480
1781760	1740	0.6783928544014349	-1.9532907023340806	-230.02520974731445	0.36166119589080337	471.3807470321655	-0.033210645476356146	278400
1794048	1752	0.6811489257706355	-1.952528651769711	-199.18673071289064	0.33892269287630916	331.05777877807617	-0.019769462198019026	280320
1806336	1764	0.6837411601594786	-1.9546016087573943	-195.4542226715088	0.34194670560001394	322.8521886825562	-0.017830362860113382	282240
1818624	1776	0.6862740416314688	-1.9582606460563503	-210.0553328857422	0.35521658646280413	377.54627193450926	-0.01929007835686207	284160
1830912	1788	0.6884689694082977	-1.962700347022322	-221.0416434173584	0.374316397579154	403.3639841461182	-0.019534635040909052	286080
1843200	1800	0.6904380696680811	-1.9689848447342713	-235.62100347900392	0.3997862888951786	492.26146949768065	-0.02603118397295475	288000
1855488	1812	0.6919346437614748	-1.9757082897010227	-250.0551647644043	0.4206862946357578	487.6229295349121	-0.01735248217359185	289920
1867776	1824	0.6938247965942872	-1.9821855685134466	-263.7133356933594	0.411625497805886	586.7812646484375	-0.02244602620601654	291840
1880064	1836	0.6959030267524823	-1.9883180815637242	-266.3515029602051	0.39630671832244846	642.3876998901367	-0.024417440127581357	293760
1892352	1848	0.6982967330070285	-1.993326901147763	-259.6236280822754	0.3634532206682488	571.4823743820191	-0.031780358497053386	295680
1904640	1860	0.7003179194145305	-1.9971494503399376	-249.34038162231445	0.43187668004073204	478.9938472938538	-0.01766626298427582	297600
1916928	1872	0.7023088498056954	-2.0026483294259534	-250.31832765197754	0.37628542143886445	487.8541089630127	-0.012690697256475687	299520
1929216	1884	0.7039495551219158	-2.0090223242491168	-259.41931224060056	0.39173399495799094	635.6663029098511	-0.01725469686090946	301440
1941504	1896	0.7055837737419938	-2.014764856987236	-275.4618825073242	0.44082820492144675	624.318186302185	-0.026043496765196322	303360
1953792	1908	0.7077353552015072	-2.019754756468522	-261.71277563476565	0.37412885982822625	565.7501052856445	-0.02123446460813284	305280
1966080	1920	0.7096897181433935	-2.0246128408083073	-254.8376208190918	0.3446339323683642	511.1194482803345	-0.014273006897419692	307200
1978368	1932	0.7119014252355134	-2.0291107039489855	-250.08886328125	0.36253412074176594	476.5784295272827	-0.011870694626122714	309120
1990656	1944	0.7139858011416937	-2.033074810472413	-249.17265565490723	0.35886493102868555	545.4589883995056	-0.02911739028058946	311040
2002944	1956	0.7157455592859986	-2.0381045017719024	-253.3378998565674	0.3825205962667242	503.6946298980713	-0.010871042124927044	312960
2015232	1968	0.7169704992414975	-2.0440919368217387	-261.74344902038575	0.38958124511921777	583.3678303146362	-0.02115308288484812	314880
2027520	1980	0.7176149144618198	-2.0510211239408966	-277.14278009033205	0.4344077866561711	644.4689233970643	-0.02690698305144906	316800
2039808	1992	0.7181362699133804	-2.0572504789445056	-281.2565172729492	0.43901437453925607	696.6020708465576	-0.03286329511553049	318720
2052096	2004	0.7187516856157851	-2.063390727811112	-278.54488844299317	0.41451132066734137	659.1990279388427	-0.01738669862039387	320640
2064384	2016	0.720274434232759	-2.068550243071975	-266.2448467102051	0.3729521062644199	581.3956878662109	-0.018666233494877817	322560
2076672	2028	0.7223260367704332	-2.0731023950189997	-260.1274596557617	0.35248253258829937	519.7153577232361	-0.007927634362131357	324480
2088960	2040	0.7242123304921038	-2.0772086819451228	-260.05913484191893	0.3555347399445018	545.9690202522278	-0.02371744753792882	326400
2101248	2052	0.7257063891048785	-2.08234160248241	-258.7470562591553	0.38996665286878124	591.5804326820373	-0.03166070031002164	328320
2113536	2064	0.7268339133597621	-2.0879955798127625	-265.5641275177002	0.37427419737400486	632.7811823272705	-0.03501358207315206	330240
2125824	2076	0.7277916338230144	-2.093753360183138	-268.93162367248533	0.4071432945569977	625.4149555969238	-0.021821068599820137	332160
2138112	2088	0.7292196384392022	-2.0974804882773723	-262.8959137878418	0.3936796413017437	646.1076572036743	-0.034484317749738695	334080
2150400	2100	0.7301580793800808	-2.1032971907087736	-257.5455858001709	0.31979650764062534	486.22547019958495	-0.0217451455257833	336000
2162688	2112	0.7319681530705455	-2.0979257068371004	-224.41068780517577	0.4839465698322747	390.7452660560608	-0.027685419451445342	337920
2174976	2124	0.7340412491515083	-2.0931804623952917	-159.10528100585938	0.31282251942151923	194.3032394218445	-0.0273427551984787	339840
2187264	2136	0.7360455379559753	-2.0858480167271716	-122.52785917663574	0.36010947001492605	108.07121844291687	-0.015881130136549473	341760
2199552	2148	0.7366795909748841	-2.089147859043138	-152.12223039245606	0.45874444241588935	212.44782839775087	-0.027536954404786228	343680
2211840	2160	0.7388457769872966	-2.0899180041833056	-177.65240536499024	0.33613106384151614	254.32018495559691	-0.021206868831068277	345600
2224128	2172	0.7407677073999005	-2.0880143998489196	-158.02751113891603	0.3482284764809883	220.22838829994203	-0.016081755263730884	347520
2236416	2184	0.740951049049477	-2.0885517008111374	-187.67231788635254	0.4971298093306832	483.94399635314943	-0.04107008993625641	349440
2248704	2196	0.7425672509902597	-2.0912067147959124	-179.36486346435547	0.3033124777489575	265.85764268875124	-0.010375834610313177	351360
2260992	2208	0.7441478297384321	-2.079472736131562	-126.20071192169189	0.3124796510929591	81.74389185905457	-0.022199547616764903	353280
2273280	2220	0.7460127507512634	-2.068295107298606	-49.24864715576172	0.3375753400367685	28.342046284675597	-0.030943969171494244	355200
2285568	2232	0.7474007520250522	-2.069882743955193	-100.8385445098877	0.36573012674413624	154.69502973079682	-0.02989893834106624	357120
2297856	2244	0.7489408350511456	-2.0747965608927657	-175.22482089233398	0.36579656708589753	296.32893558502195	-0.020362907666713	359040
2310144	2256	0.7505308859155956	-2.0790043594381697	-213.8503946533203	0.36684130820888095	388.6179758834839	-0.014633051622658967	360960
2322432	2268	0.7521850425993114	-2.08137534520666	-217.45761180114746	0.3600852429328952	403.48559722900393	-0.01435124272480607	362880
2334720	2280	0.7538965463899729	-2.082045285599796	-215.46824200439454	0.36145626292354427	369.73023971557615	-0.019283115612342954	364800
2347008	2292	0.7551378022365753	-2.08546537781105	-220.2476696472168	0.39518206323380584	443.0058401679993	-0.029030210878700016	366720
2359296	2304	0.756314429997777	-2.0897441807125383	-236.2681498565674	0.3747871333602816	530.3734784698486	-0.01291680134832859	368640
2371584	2316	0.7575379932534098	-2.094208020478847	-247.68361616516114	0.3734031370161101	614.8776672363281	-0.030610460937023163	370560
2383872	2328	0.7589605693606167	-2.0970994548110413	-250.5102501678467	0.37617826126609	513.9380807876587	-0.01938731912523508	372480
2396160	2340	0.7603171276485818	-2.0997503527846093	-242.68724417114257	0.360998749544844	477.7681161880493	-0.016462175510823726	374400
2408448	2352	0.7614309539650979	-2.103462213827741	-253.2309640197754	0.4027545868773013	539.5406609535218	-0.01989231496118009	376320
2420736	2364	0.7623961255483821	-2.1077736080222325	-258.015399017334	0.37363499372825026	586.8164199829101	-0.028976100999861955	378240
2433024	2376	0.7634535128068843	-2.1118828012711472	-262.2386851348877	0.38803049383033067	560.8461822128296	-0.016211992679163813	380160
2445312	2388	0.7644818080979177	-2.1162461769865386	-270.17682862854	0.3889832777939737	615.5082194519043	-0.02262390183284879	382080
2457600	2400	0.7653079006324212	-2.1204864182695746	-271.80920573425294	0.4001581575404853	620.8204669570923	-0.028116467371582986	384000
2469888	2412	0.766253560262533	-2.124627140883486	-266.66177867126464	0.41187085093278436	607.4819382095337	-0.02502516461536288	385920
2482176	2424	0.7669199098504023	-2.1291987131358963	-269.7933811950684	0.3982550053410232	567.0259990310669	-0.011547835636883974	387840
2494464	2436	0.7676493656899541	-2.1337377718345483	-269.7233808441162	0.3938113557836041	587.974893913269	-0.010561784785240889	389760
2506752	2448	0.768282782237709	-2.138096446171403	-273.19436822509766	0.3927995842592791	599.2824895477295	-0.01383113868534565	391680
2519040	2460	0.7688436212820735	-2.142342676246554	-276.38162112426755	0.4233476302959025	648.7309058952331	-0.02192562310025096	393600
2531328	2472	0.7692317348516103	-2.146791991545641	-296.52635224914553	0.45692565610911695	623.5169211959839	-0.015192731283605099	395520
2543616	2484	0.7698259038097809	-2.151127191617389	-278.2017528381348	0.399544462420512	670.8770960617065	-0.026791572151705623	397440
2555904	2496	0.7703761552245572	-2.155398240324874	-274.50403747558596	0.4023065664032474	637.2106934738159	-0.0189708611741662	399360
2568192	2508	0.7710866791447194	-2.159475509309027	-276.5456388244629	0.3992228698695544	601.234075717926	-0.012511433642357588	401280
2580480	2520	0.7716341271523446	-2.16387279550471	-276.92537197875976	0.40894787102611735	592.7776944732666	-0.011276919580996036	403200
2592768	2532	0.7721168490429814	-2.168464863152018	-283.8846216430664	0.4027203788757324	669.140997543335	-0.025806789342314004	405120
2605056	2544	0.7727289972299675	-2.1728565642879634	-279.89701110839843	0.39638787987176327	684.893332862854	-0.020971856154501436	407040
2617344	2556	0.7734777713092467	-2.1771641880716888	-278.546650970459	0.4002705306056887	682.3032219314575	-0.0220751575846225	408960
2629632	2568	0.7742764366053718	-2.1811522849461187	-279.96253674316404	0.3869862614194863	681.1874345397949	-0.02607253775000572	410880
2641920	2580	0.775144309336825	-2.185377052830633	-279.0351315002441	0.4003418496316299	653.8562550735473	-0.013927901182323694	412800
2654208	2592	0.7758342879651873	-2.1893871447393374	-283.1478726196289	0.3946820846078917	680.3886953735351	-0.020299524143338202	414720
2666496	2604	0.7764149985051558	-2.193498347269317	-283.47086822509766	0.40819582566944884	630.3603519439697	-0.011590252807363867	416640
2678784	2616	0.7768762169308984	-2.1975207112456134	-283.9352292175293	0.4133079261686653	628.8376807785035	-0.009858154002577066	418560
2691072	2628	0.7772344759292618	-2.201263876141388	-282.75986068725587	0.4008927710619755	641.4862830352783	-0.013023246992379427	420480
2703360	2640	0.777485213880286	-2.204973197942882	-277.6965026550293	0.41817270291829484	608.3955835151672	-0.014256130401045085	422400
2715648	2652	0.7780647361665111	-2.2083519449623283	-266.5243981323242	0.40307573768123983	636.8832439041138	-0.02554512383416295	424320
2727936	2664	0.7786656479622509	-2.212005979182931	-271.06348796081545	0.41005732207372786	620.0096361923218	-0.014695662092417478	426240
2740224	2676	0.779403037665849	-2.2153149989888807	-270.30514402770996	0.40753118735039606	625.4047487258911	-0.022429830972105266	428160
2752512	2688	0.7801538556148964	-2.218853270956537	-270.8126201477051	0.40195017733145505	569.6912722206116	-0.00765147221274674	430080
2764800	2700	0.780788920212675	-2.2222839046959524	-277.1572221374512	0.4159402588158846	605.6550365447998	-0.014374478049576282	432000
2777088	2712	0.7813252869301137	-2.226142129242684	-272.4434985809326	0.39755049150343985	625.857382850647	-0.016195352133363487	433920
2789376	2724	0.7818836442218128	-2.2298707061073855	-275.55094549560545	0.42817683149222285	595.9000924301148	-0.01077232388779521	435840
2801664	2736	0.7822310414971315	-2.233643822034287	-285.5032683410644	0.41882257227599623	649.6664907836914	-0.017714153164997696	437760
2813952	2748	0.7830077528823411	-2.236727202183728	-273.33049627685546	0.4070138539597392	644.692086982727	-0.0193994702398777	439680
2826240	2760	0.7838122013902319	-2.2401142803331218	-274.7137196960449	0.40434590518288316	594.5095769882203	-0.006628705775365233	441600
2838528	2772	0.7846781328686044	-2.2433274162645636	-273.084174621582	0.40389711909368636	606.8379932403565	-0.014142479393631219	443520
2850816	2784	0.785473924536986	-2.246734545373454	-277.00456387329103	0.4065214923005551	678.554984664917	-0.02106971472501755	445440
2863104	2796	0.7864367173337118	-2.249678305002497	-270.99097225952147	0.40363331797486174	591.786642780304	-0.013933400847017765	447360
2875392	2808	0.7875007045617131	-2.252617461272539	-266.36524008178714	0.4033750755339861	569.9215316390992	-0.008147946819663047	449280
2887680	2820	0.7884328675819627	-2.255647849244006	-269.67176541137695	0.3984585377725307	632.1753052139283	-0.017933282423764466	451200
2899968	2832	0.7892957648188718	-2.2585868022725575	-269.7395026855469	0.39887729451619086	668.4140668106079	-0.028286474142223596	453120
2912256	2844	0.790272168825615	-2.2615358838405455	-268.6567379608154	0.3776088620158844	654.277112236023	-0.019292411897331475	455040
2924544	2856	0.7912088352299872	-2.2641362545057	-266.47693632507327	0.41186519668065014	596.1234401321411	-0.015062577109783887	456960
2936832	2868	0.792130397141728	-2.2668932078294506	-264.1468025817871	0.41104271082696503	570.2573622131348	-0.01833139605820179	458880
2949120	2880	0.7930293705107437	-2.269389269635495	-261.1475436553955	0.40848264420684427	606.8527117729187	-0.024678261019289494	460800
2961408	2892	0.793930692894495	-2.271889539067099	-264.61789044189453	0.39316237840708346	563.4727531814575	-0.012147387620061637	462720
2973696	2904	0.7948481838934678	-2.2740719570129206	-260.2354012756348	0.4153428181773052	579.2128191375732	-0.020595762636512516	464640
2985984	2916	0.7956172696561317	-2.2763745571053566	-259.58150230407716	0.40098136827442793	561.808590927124	-0.0147880719602108	466560
2998272	2928	0.7966175821350246	-2.278348176419491	-256.9411804046631	0.387755093252752	559.5710556411743	-0.02143490477465093	468480
3010560	2940	0.7976932773176505	-2.280226357990787	-251.4426229095459	0.3844441822916269	564.5891401290894	-0.02051678664982319	470400
3022848	2952	0.7986155120216734	-2.2821316863321837	-254.71662489318848	0.40870406036172063	542.9236003112793	-0.01278872050344944	472320
3035136	2964	0.7995195357624175	-2.284423291974785	-253.1068613586426	0.39746686892397703	566.6474127578736	-0.016102347038686276	474240
3047424	2976	0.8003913963073364	-2.2866410063980247	-258.174490234375	0.3940174946342595	603.8307981872558	-0.017962235603481532	476160
3059712	2988	0.801445516018344	-2.288043459944696	-248.67140815734862	0.38590820201626047	545.2726378631592	-0.019634223207831383	478080
3072000	3000	0.8024305556019147	-2.2889102194011213	-241.6476000213623	0.36440444372966885	479.12012310028075	-0.027034873692318797	480000
3084288	3012	0.8035048549749937	-2.289299508222783	-227.50862371826173	0.3548886917596683	430.9552124786377	-0.015602981094270945	481920
3096576	3024	0.8046033036495958	-2.28811821598737	-217.8808978881836	0.36265691905934366	391.0855778121948	-0.023494032714515924	483840
3108864	3036	0.8058107269336426	-2.284600755020642	-182.50758082580566	0.37714438695460556	265.49172436237336	-0.027328591495752334	485760
3121152	3048	0.806929204974744	-2.2798796381869812	-145.93512644958497	0.3666907685473561	142.03776421546937	-0.009946249797940255	487680
3133440	3060	0.8079845921860801	-2.2772431307855774	-134.56269740295411	0.38971063605556266	158.98437370300292	-0.015084375850856304	489600
3145728	3072	0.8089039309609992	-2.277213040399753	-161.42594618225098	0.3817699061741587	249.0820192050934	-0.013568289717659355	491520
3158016	3084	0.8098296721196515	-2.2781731095624034	-189.42401406860353	0.37631475263647735	336.4428174781799	-0.01669281454756856	493440
3170304	3096	0.8107733502599004	-2.2786850451518244	-208.89733638000487	0.4092685579163954	402.7160489654541	-0.026028604023158552	495360
3182592	3108	0.811633409776436	-2.2797476434972297	-218.38846070861817	0.39117136572068556	415.32094263076783	-0.015082753356546163	497280
3194880	3120	0.8126301365976151	-2.2792519132009685	-205.92452214050292	0.36106664027413354	391.9747512817383	-0.0274510102532804	499200
3207168	3132	0.8135631855762782	-2.2781684209579556	-195.89865739440918	0.36186237247113606	316.1984253120422	-0.01089541742578149	501120
3219456	3144	0.8145148016455519	-2.277185740029918	-195.96635458374024	0.3703657599373255	315.8544977664948	-0.021981462836265564	503040
3231744	3156	0.8154188468013577	-2.275669783816516	-179.69501902770998	0.36965284424414857	269.9109830760956	-0.010154474806040526	504960
3244032	3168	0.8162906194914772	-2.275746629667478	-188.83876756286622	0.3982592432163656	307.7400788116455	-0.00536529328674078	506880
3256320	3180	0.8169182397472033	-2.2764580627376176	-205.25145472717284	0.38950487983739	397.996997013092	-0.02211754774674773	508800
3268608	3192	0.8178453398565003	-2.2767187255086907	-213.49863967895507	0.39372366486862304	387.3042309951782	-0.01933497058227658	510720
3280896	3204	0.8187364282716675	-2.2768507783351173	-209.31301541137697	0.361365924658603	367.6989196205139	-0.010434216968715191	512640
3293184	3216	0.8196487823566098	-2.2757637596860603	-199.04836943054198	0.37868043685518205	348.80516901016233	-0.022788573019206525	514560
3305472	3228	0.8205304971008643	-2.2745811742496165	-191.5871566925049	0.397005298163509	301.65387784957886	-0.01264202108606696	516480
3317760	3240	0.8213739129680174	-2.2745386183721785	-187.8354644165039	0.38489072779146954	348.62315839767456	-0.024477482065558432	518400
3330048	3252	0.822260312873499	-2.2739443542644255	-198.19211657714843	0.3819457067293115	315.9518322467804	-0.011617469657212496	520320
3342336	3264	0.8231493146432673	-2.2733366312367806	-194.85015130615236	0.3888941796682775	311.92514205932616	-0.012877709586173297	522240
3354624	3276	0.8239819487700095	-2.27235037442274	-192.60349435424806	0.3491031084482675	296.67624627113344	-0.015141866207122802	524160
3366912	3288	0.8247899769322715	-2.271533266008988	-186.01734730529785	0.36817414198699405	287.84731031417846	-0.012407933324575425	526080
3379200	3300	0.8255142735893076	-2.271680704292023	-194.61753259277344	0.38994263189658523	350.57168270111083	-0.019199193604290486	528000
3391488	3312	0.8261865770651234	-2.2716269491393355	-210.19362425231932	0.42362118344707417	319.03033281326293	-0.0036805108934640884	529920
3403776	3324	0.8269248199699588	-2.2721682548540882	-208.69534060668946	0.40298977677326187	365.0595004463196	-0.015893711913377045	531840
3416064	3336	0.8276347390932145	-2.272336927651287	-205.6061975708008	0.3405605567157909	362.00784162521364	-0.013409610167145728	533760
3428352	3348	0.8284067491085014	-2.270348723474868	-188.6885037384033	0.3312927462735679	286.10914365768434	-0.012375023318454623	535680
3440640	3360	0.8290524813568309	-2.2692228382275927	-179.4306312561035	0.40296343301981685	281.7695148944855	-0.014251729846000672	537600
3452928	3372	0.8296890456233867	-2.2697022733049885	-199.61859719848633	0.4084091053819284	359.1355548477173	-0.020349789801985027	539520
3465216	3384	0.8304597082466381	-2.269025687322056	-191.65379762268066	0.38236307994113305	279.4839750862122	-0.002544553689658642	541440
3477504	3396	0.8312774379381161	-2.26633656204835	-170.99319635009766	0.37818641529191516	234.49500891685486	-0.009247741047292948	543360
3489792	3408	0.83209213231441	-2.2630315058265635	-157.81292565917968	0.37916103917302096	175.10502382278443	-0.013184389527887107	545280
3502080	3420	0.8328164134980642	-2.258877916024094	-122.51095017242432	0.3360727112352615	119.10146541595459	-0.004061265084892511	547200
3514368	3432	0.8335620129615555	-2.253486295063526	-106.2701284866333	0.35963851820561105	78.21830874919891	-0.010841815769672393	549120
3526656	3444	0.8343717518341528	-2.2511951453404007	-109.69089250183106	0.37645818338298703	117.08376145362854	-0.010034063570201398	551040
3538944	3456	0.835201826998619	-2.24895360494136	-126.37567597198486	0.3971860943781212	151.8726293182373	-0.014452025648206473	552960
3551232	3468	0.8359896231446987	-2.246198442645345	-136.42117156982422	0.3851411738730967	152.1077093029022	-0.01488305939361453	554880
3563520	3480	0.8367828850944837	-2.244932609531044	-142.9878651123047	0.34158947115893534	188.4685580253601	-0.011463350830599666	556800
3575808	3492	0.83735595633279	-2.2430909613375674	-165.87112184143066	0.4450534938997589	213.15941930770873	-0.007483593644574285	558720
3588096	3504	0.8380377291442325	-2.2400249008123323	-155.19217578125	0.37161747649288734	144.78401870727538	-0.01539303177036345	560640
3600384	3516	0.8385196765026541	-2.2327296139250707	-90.76107973480225	0.30651753399753945	42.21813981771469	-0.004589110491797328	562560
3612672	3528	0.8390125668947659	-2.22207184045527	-17.97117994260788	0.3603717350647785	6.562088210582733	-0.017109179589897393	564480
3624960	3540	0.839762379506887	-2.2125169291755573	21.498369205474855	0.36388636311562733	11.258076763153076	-0.024104948602616787	566400
3637248	3552	0.84073445054929	-2.2049428812639267	26.24608755874634	0.3673722317471402	4.740455644130707	-0.023138168258592485	568320
3649536	3564	0.8416490884106836	-2.203004760381282	-33.17288673591614	0.40013044591574	30.604252791404726	-0.01943011741153896	570240
3661824	3576	0.842586488948439	-2.201742459871958	-103.11194931030273	0.36542409630911427	84.63808430671692	-0.01225737695582211	572160
3674112	3588	0.8430442264679416	-2.19467497158509	-72.48548553466797	0.3464035707844887	21.577592852115632	-0.0057282023876905445	574080
3686400	3600	0.8435267971787188	-2.1839769195930825	-5.565140255689621	0.32902793809212744	7.5922123193740845	-0.013185975663363934	576000
3698688	3612	0.8444487114054288	-2.1755484960816496	32.29388137054443	0.3698791864686646	8.863290514945984	-0.010613763220608235	577920
3710976	3624	0.8453541032427194	-2.1719930840133963	-9.45972411632538	0.3995565221183933	10.302154908180237	-0.010796974068507553	579840
3723264	3636	0.8460323835658555	-2.172725648614112	-90.80877699279785	0.3893381228838116	115.47474945068359	-0.008898446094244719	581760
3735552	3648	0.8468583992339278	-2.1697337337638856	-117.00805612182617	0.34611881972756237	102.7031139755249	-0.0014188069943338632	583680
3747840	3660	0.8471098694156428	-2.1618845774461337	-75.02308786773682	0.32739411396649665	17.69151095032692	-0.02094072762876749	585600
3760128	3672	0.8474293337051385	-2.1510131571052318	7.058583545684814	0.33265375503292305	10.3014124917984	-0.02268847431987524	587520
3772416	3684	0.8480171784677671	-2.1407489659108956	46.86430799102783	0.3573267263593152	32.18934986114502	-0.012500975001603364	589440
3784704	3696	0.8489054488058472	-2.1333802023950916	49.318936756134036	0.36367130641802214	16.295547671318054	-0.021755096223205327	591360
3796992	3708	0.8498397804676137	-2.12854415765424	7.820678021907806	0.39071144102094696	2.600823528766632	-0.013839058252051473	593280
3809280	3720	0.8505510536733494	-2.1283422859966437	-62.287041522979735	0.4336701144776307	67.76000266075134	-0.012685781056061387	595200
3821568	3732	0.8512160962193981	-2.127653829813291	-106.79208572387695	0.32553410913422703	132.71442541122437	-0.010388051401823759	597120
3833856	3744	0.8517818616018591	-2.1224962938139136	-92.30253412628174	0.32241877932148055	62.38427824497223	-0.0031044956762343646	599040
3846144	3756	0.8517752698720834	-2.1138046353587265	-41.217686164855955	0.30852432946208863	4.918012121915817	-0.023966105096042155	600960
3858432	3768	0.8518867697843574	-2.1030418453520587	28.474172409057616	0.3292516863225028	18.771485486030578	-0.016203043144196273	602880
3870720	3780	0.8522336888092535	-2.0930828149553644	60.97361814498901	0.35073887373600154	42.19209603309631	-0.0060584966465830805	604800
3883008	3792	0.8527886362172632	-2.084058222785309	70.30517855072021	0.35217298751836645	42.40905542850494	-0.01658332595601678	606720
3895296	3804	0.8534685735728839	-2.0755051296913347	67.97575569915772	0.3633878815690987	45.89141165733337	-0.016207265397533775	608640
3907584	3816	0.8543188861987125	-2.0698825431796304	40.98106395721435	0.3981355228116736	7.524751877784729	-0.025408872105181217	610560
3919872	3828	0.8549495866461857	-2.0688447087512682	-27.99876834487915	0.4695642707012594	34.6848178768158	-0.025471751084551214	612480
3932160	3840	0.8555968867770086	-2.0661494791236086	-86.53240132141113	0.3673756323996931	42.22599695205688	-0.01070544045418501	614400
3944448	3852	0.8561313389524864	-2.0602793334901084	-62.357996978759765	0.3370932399283629	17.163788893222808	-0.01603567847982049	616320
3956736	3864	0.8564756116665915	-2.0515630206683224	-8.664143441677094	0.33414988679206	4.203737936019897	-0.012833232171833514	618240
3969024	3876	0.8569936741401044	-2.0429401287945494	29.019423606872557	0.3676214831818361	14.48299256324768	-0.015443342495709658	620160
3981312	3888	0.8577066317905859	-2.0351043143980356	40.500990421295164	0.36007246897812	17.570506608486177	-0.010890304427593946	622080
3993600	3900	0.8585217237625367	-2.0305417261864895	16.198358333587645	0.39611394377425313	2.5449452662467955	-0.018463602513074873	624000
4005888	3912	0.8591888823788346	-2.030390071528364	-57.38430401611328	0.4591243097521365	58.5994198179245	-0.017966070622205736	625920
4018176	3924	0.8596897192838603	-2.031472142489587	-119.86135908508301	0.3666410290217027	150.22175762176514	-0.010941320676356553	627840
4030464	3936	0.8603395013577813	-2.027138426267671	-107.05804739379883	0.3472318699797615	81.31322406053543	-0.01825833197683096	629760
4042752	3948	0.8610447498591355	-2.022114592999703	-77.37059545898437	0.3621801625234075	40.82474732637405	-0.009540107138454913	631680
4055040	3960	0.8617230507611024	-2.0175025644063047	-64.38373317718506	0.3724469937069807	27.770373853445054	-0.009150313772261142	633600
4067328	3972	0.8624239319190758	-2.0123618017218083	-43.72186655426025	0.39472619915381074	18.40335551023483	-0.01003568097949028	635520
4079616	3984	0.8631745851692186	-2.0109510626008054	-76.30834767913818	0.42125828282535077	66.241315908432	-0.0014764064271003009	637440
4091904	3996	0.8637927712292762	-2.0110346799207344	-115.4174806060791	0.4019027919238433	143.3911588859558	-0.010666521852836014	639360
4104192	4008	0.8656810144037008	-2.008328376468271	-146.3303812789917	0.4298951204540208	146.27055258750914	-0.013267614003270865	641280
4116480	4020	0.868542570233345	-1.993440496917814	-121.21972760772705	0.38939810865651814	114.32308970928192	-0.012442398518323898	643200
4128768	4032	0.8713776193410158	-1.976952726777643	-103.41925464630127	0.3723604088430293	78.6588136601448	0.002189484443515539	645120
4141056	4044	0.8740175760090351	-1.9613419232331217	-101.16399375152588	0.38439613051433114	83.91740144729614	-0.011954364031553269	647040
4153344	4056	0.8766651283502579	-1.945802471693605	-92.29050373077392	0.3767374740457162	72.3519685935974	-0.007215055581182242	648960
4165632	4068	0.8792936642169953	-1.929950122948736	-83.240003074646	0.3886376894209534	61.57335993289948	-0.009378066826611757	650880
4177920	4080	0.8820394919067621	-1.9138632155619562	-79.37891242980957	0.3639352619866841	45.7386692237854	-0.003647036701440811	652800
4190208	4092	0.8846603393703699	-1.8975466378293933	-73.6112486038208	0.38971652964223175	53.119787640571595	-0.018011780437082053	654720
4202496	4104	0.8871701534241437	-1.8833835059963167	-88.26575287628174	0.3955894704645034	79.11856526851653	-0.006185302212834358	656640
4214784	4116	0.8897206999063492	-1.8715819737277926	-131.49086639404297	0.43549891787022355	174.67590222358703	-0.008525539524853229	658560
4227072	4128	0.8922525666356087	-1.8605020784698427	-165.40212928771973	0.421082055054605	249.52668678283692	-0.0021237348206341266	660480
4239360	4140	0.8946637704074383	-1.8491168100200595	-183.4859397277832	0.3975705411252566	304.8446290397644	-0.007370666079223156	662400
4251648	4152	0.8972420268058777	-1.8354163636527956	-179.71798596191405	0.3672043163748458	236.03196389198303	-0.0014300928078591823	664320
4263936	4164	0.8996686982661486	-1.8205203295312822	-155.4004096069336	0.3968178599504754	204.819171667099	-0.009423866476863623	666240
4276224	4176	0.9018292882889509	-1.8053139447532593	-140.02682902526857	0.38196155360597184	137.77128219604492	0.006193296182900667	668160
4288512	4188	0.903138881072402	-1.7899760245643557	-129.42568213653564	0.37568186821136623	118.3059040927887	-0.0090409030392766	670080
4300800	4200	0.9038199804276228	-1.7753897086940706	-108.38414842224121	0.4027197548579425	89.74977797985076	-0.01079254610463977	672000
4313088	4212	0.9044220101088285	-1.7667644211016595	-102.25867985534668	0.40173066159151494	98.73024540424348	-0.0033470930717885493	673920
4325376	4224	0.9054856397360563	-1.7550403624735773	-127.29280007934571	0.4258501646760851	152.08013083457948	-0.00809380019083619	675840
4337664	4236	0.9072682338505983	-1.7599700068198145	-161.5139779815674	0.421146186566446	272.2654520893097	-0.014716998655349017	677760
4349952	4248	0.90980564288795	-1.7763793560229242	-181.81254113769532	0.4144654623437673	277.33611509323123	-0.005223712716251612	679680
4362240	4260	0.9124311191141605	-1.792816699858755	-186.1891124420166	0.39982463540136814	271.17496202468874	0.0008000412676483393	681600
4374528	4272	0.9147288939356804	-1.7842665828429163	-177.05152833557128	0.3916460784408264	267.2214464378357	-0.0014086751826107502	683520
4386816	4284	0.9168849942088128	-1.7826115976534784	-193.0190538482666	0.4239423601403832	291.6464094543457	-0.004460401311516762	685440
4399104	4296	0.9195530453026295	-1.7977889484129845	-189.1191679382324	0.3956998485112563	261.1661845397949	0.0006810940057039261	687360
4411392	4308	0.9223093405216932	-1.8127875882349909	-182.4642140045166	0.4048530554366298	282.1285783100128	-0.008580626286566258	689280
4423680	4320	0.9251470417678356	-1.8267171975336969	-176.0513632659912	0.39679433293303007	262.05922083854676	-0.00424277551472187	691200
4435968	4332	0.927996830239892	-1.8393557161055505	-171.65432427978516	0.4113404285754077	243.59249034881591	-0.005047637755051255	693120
4448256	4344	0.9302851132005453	-1.8533504384718835	-178.3800748901367	0.38446884086262434	256.555295085907	-0.005224014222621917	695040
4460544	4356	0.9327305544614792	-1.8571409731768072	-178.12776356506347	0.4215184661555104	273.61667160987855	-0.0040914019383490085	696960
4472832	4368	0.9354477145075798	-1.848429607000202	-188.30856507873534	0.3813252353887074	313.271620349884	-0.00813559789210558	698880
4485120	4380	0.9376591724455356	-1.8402573924921453	-190.145587890625	0.40881104564480486	296.9575574207306	0.0013819117657840252	700800
4497408	4392	0.9389947811961175	-1.8347832098864019	-192.7360296020508	0.4037969774426892	319.19387288093566	-0.007686177771538496	702720
4509696	4404	0.9406236675381661	-1.8317583287619055	-197.0052166595459	0.4107449042983353	336.3109906101227	-0.008526964876800776	704640
4521984	4416	0.9420802704393864	-1.8283970690630376	-196.13337936401368	0.41281060731131586	312.0106929588318	-0.0003205482941120863	706560
4534272	4428	0.9446184161156416	-1.8408038855455815	-192.72521371459962	0.3991650729794055	290.47506684303283	-0.0038410155661404133	708480
4546560	4440	0.9474151798337698	-1.8543583746813237	-186.0691680908203	0.38515686441166325	287.1221319580078	-0.0045295972935855385	710400
4558848	4452	0.950280816629529	-1.867822513666004	-184.07242218017578	0.40050636390503497	295.80614594459536	-0.006611245311796665	712320
4571136	4464	0.9531744388639927	-1.8815475645922124	-191.09309616088868	0.39920586725417523	311.9605443286896	-0.006598598398268223	714240
4583424	4476	0.9557674432098866	-1.894596498336643	-198.7763879699707	0.4036816730145365	323.82548579216	-0.001317603513598442	716160
4595712	4488	0.9583730478882789	-1.9076782292984427	-197.1741541748047	0.4069674432305619	345.4007658576965	-0.012698657233268023	718080
4608000	4500	0.9606303778886796	-1.9206945495270193	-196.43885191345214	0.3942257320082281	319.29819189071657	-0.004343867562711239	720000
4620288	4512	0.9626361139416695	-1.9263748066388071	-189.9874632873535	0.3717545722653158	299.1003729248047	-0.009386779386550187	721920
4632576	4524	0.96459549883008	-1.9218039700947702	-185.98408207702636	0.4036925215329975	289.5747402477264	-0.006245443895459175	723840
4644864	4536	0.9662969267070294	-1.9226436278782786	-184.43089723205566	0.40756005462445316	295.0411903476715	-0.004421775341033936	725760
4657152	4548	0.9688718788772821	-1.9351877732239664	-191.7547398071289	0.39807369460817427	286.9674954032898	0.0003663130383938551	727680
4669440	4560	0.9716755345463752	-1.94732358693704	-195.26568724060058	0.393302541884128	281.12999351024627	0.007902906630188227	729600
4681728	4572	0.9744282366782426	-1.9592687078677118	-196.10947454833985	0.4014252709764987	311.47403940200803	0.0035277904570102693	731520
4694016	4584	0.9770648501962423	-1.9718627887926996	-201.39807614135742	0.39344594180677084	369.243742351532	-0.008845992796123027	733440
4706304	4596	0.9791658059209585	-1.9835252226553857	-213.56571141052245	0.4107917622849345	360.8350106430054	0.0011134590767323971	735360
4718592	4608	0.9808810813874006	-1.9924254138357937	-219.7512719268799	0.4327186137828976	389.75409381866456	-0.00013356281444430352	737280
4730880	4620	0.9823260339349509	-1.99805448262766	-218.45366889953613	0.4074029375137761	385.13537298202516	-0.003626839779317379	739200
4743168	4632	0.9838784327954054	-1.9967038566358388	-214.79099327087403	0.41158118965756146	406.01371892929075	-0.008762216325849295	741120
4755456	4644	0.9856034752577544	-1.9984926053769887	-218.79132301330566	0.4240224730400369	393.8180267333984	0.00041247356683015823	743040
4767744	4656	0.9877802654057741	-2.0073960961289705	-222.21940299987793	0.40767645035963507	402.41621810913085	-2.6158392429351807e-05	744960
4780032	4668	0.9904358708709479	-2.016597785104066	-219.0485777130127	0.4320601200833917	398.525339012146	-0.0046420076303184035	746880
4792320	4680	0.9931071869581938	-2.026888237107545	-222.92251329040528	0.42528726732637734	434.9532486915588	-0.0020200868509709837	748800
4804608	4692	0.9956999551653862	-2.0370492749102413	-223.19374597167968	0.40548386170249434	432.8867144584656	-0.006588138677179813	750720
4816896	4704	0.9977628251314163	-2.0464475635178387	-220.17127067565917	0.3929596934532747	393.5436824989319	0.00020604899153113366	752640
4829184	4716	0.9995211479663849	-2.0489366378076372	-220.66333932495118	0.41756439781188964	453.09374095916746	-0.01506004074588418	754560
4841472	4728	1.001649544209242	-2.0460084883458913	-221.45170277404785	0.3979798292792402	393.722018623352	-0.0026541586965322496	756480
4853760	4740	1.00354958191514	-2.043574848104268	-219.5616930847168	0.4246645391434431	432.9188809204102	-0.010534108597785235	758400
4866048	4752	1.0053498558700085	-2.0454324487932025	-226.02918966674804	0.41131305941566826	419.73978370666504	0.00027936857193708417	760320
4878336	4764	1.007264290958643	-2.050097141403705	-216.76909053039552	0.36963934836536644	387.1046510124207	-0.0032645526900887487	762240
4890624	4776	1.0089270057678223	-2.0570138918943703	-214.53440437316894	0.3739397106622346	376.1335614204407	-0.0028524395264685155	764160
4902912	4788	1.0106430675983429	-2.053396022517234	-211.21874305725098	0.4060872159106657	419.3334377861023	-0.013776775691658258	766080
4915200	4800	1.0122778177261353	-2.050912687499076	-214.4551082305908	0.38536650844477116	401.84639856338504	-0.005571028795093298	768000
4927488	4812	1.0137028073072434	-2.0503328533954917	-217.6896875	0.39876190870814027	407.2652977848053	-0.006572942435741425	769920
4939776	4824	1.0151539058685304	-2.0550124807171524	-213.792034866333	0.4026804738175124	369.5270907306671	0.005174885839223862	771840
4952064	4836	1.0163230745196343	-2.062938608866185	-215.71885275268554	0.40996122515387834	415.4819889831543	-0.006738742664456367	773760
4964352	4848	1.0176660527586936	-2.062693923097104	-214.9833134918213	0.3991458081118763	386.7716773033142	-0.002013168162666261	775680
4976640	4860	1.0187829883694648	-2.060542446475476	-215.720765335083	0.41459035176225006	409.40276032447815	-0.003967573028057813	777600
4988928	4872	1.0196758861541748	-2.0619692991785703	-217.16825820922853	0.4006991848531179	399.7963928222656	0.0009387213550508022	779520
5001216	4884	1.0207284042239189	-2.069330082152039	-220.53399053955079	0.39902093388698995	387.08585008621213	0.006260812487453222	781440
5013504	4896	1.0212491557598113	-2.075374665413052	-220.1698104400635	0.4027009541196749	408.0581212043762	-0.0023678186535835265	783360
5025792	4908	1.0222518051862717	-2.073080298576504	-217.34671420288086	0.4070894787744619	396.79966470718387	0.0042847984097898004	785280
5038080	4920	1.023106654524803	-2.073203856501728	-216.10326190185546	0.41498533757217226	406.27893323898314	7.10264965891838e-05	787200
5050368	4932	1.024042629122734	-2.08237368998304	-220.45756976318359	0.4047294324752875	408.8332155799866	-0.001008651964366436	789120
5062656	4944	1.0246855952739715	-2.0921691255904733	-221.5988408050537	0.3960313740433194	410.44094898223875	0.0004698117822408676	791040
5074944	4956	1.0251053891181945	-2.0959485583789648	-221.64365383911132	0.39962652520276604	406.6350146865845	0.0017744840681552887	792960
5087232	4968	1.0259240759015082	-2.0932997305877508	-221.48236973571778	0.40555641958490013	420.5483182144165	-0.0008765510283410549	794880
5099520	4980	1.0262530108690262	-2.0928589694984256	-221.67075393676757	0.4184659947627224	410.39245024681094	-0.00021468398161232473	796800
5111808	4992	1.0264038248062133	-2.096359851170331	-222.6125643463135	0.40802313590142875	413.32798805236814	-0.00030736114829778673	798720
