mean_dist	min_dist	max_dist	agent_within_SS	expert_within_SS
169.31797825787066	114.15794816861766	232.63683135266098	25.64371358772977	9.100906492904311
103.619422556053	49.88113546212149	173.40651303260807	25.62359108893032	9.100906492904311
157.72419552530098	47.10735487893358	592.7228339905191	91.96823217783536	9.100906492904311
133.1408824045395	1.5487880243623144	800.0617342953835	132.83751025850137	9.100906492904311
238.06965157195708	222.91319985228722	246.5924792277568	0.0	9.100906492904311
238.06965157195708	222.91319985228722	246.5924792277568	0.0	9.100906492904311
238.06965157195708	222.91319985228722	246.5924792277568	0.0	9.100906492904311
238.06965157195708	222.91319985228722	246.5924792277568	0.0	9.100906492904311
238.06965157195708	222.91319985228722	246.5924792277568	0.0	9.100906492904311
238.06965157195708	222.91319985228722	246.5924792277568	0.0	9.100906492904311
238.06965157195708	222.91319985228722	246.5924792277568	0.0	9.100906492904311
238.06965157195708	222.91319985228722	246.5924792277568	0.0	9.100906492904311
780.6003314188256	717.1975811263342	800.2311415549136	10.110925091864075	9.100906492904311
166.653807481774	15.486553307089777	246.5924792277568	100.69844884604727	9.100906492904311
166.71538031180216	1.666159345343665	246.5924792277568	99.98999989684675	9.100906492904311
76.42686070472803	5.463717222036957	246.5924792277568	99.19586813049273	9.100906492904311
7.02304601389011	1.5000165277476665	42.95978890703317	12.876388119696497	9.100906492904311
10.51266379135085	1.2228530202664878	58.865384157985986	15.15765951127616	9.100906492904311
5.326149310184855	1.039565561037269	38.530795377145935	10.293376241772686	9.100906492904311
2.5772989648961553	0.32415689968064737	34.64888647513839	8.320735688790265	9.100906492904311
3.908945182100228	1.2987930516086625	34.4944509674532	7.993851916666218	9.100906492904311
5.625695900548338	1.1277181762067514	53.89627277144978	17.574558609027942	9.100906492904311
14.936270158392498	1.089986831723051	81.34837931872268	16.38192137709864	9.100906492904311
3.3169636553926343	0.777979110168021	33.76310084737572	9.21133586895541	9.100906492904311
5.809862437021674	1.062291068043516	32.164885530369276	6.914289628713929	9.100906492904311
5.379078780697843	1.601188584661693	29.898042188146974	6.761302517593111	9.100906492904311
4.207923721674698	1.0923117971619438	47.83441792007577	9.933619721219962	9.100906492904311
3.1727274625759683	0.25285584026762653	35.78426878400555	8.11090292423373	9.100906492904311
3.6326209976452914	1.3211014555204328	33.47985444288566	9.236074689864896	9.100906492904311
6.6877033525418215	0.5093668668647645	32.106235333255086	5.05313069684208	9.100906492904311
3.9588434174459763	0.4697364011023091	39.80051911762317	9.602622964575389	9.100906492904311
2.2232999009821564	0.9557270890734547	31.505981096153373	8.960652408628754	9.100906492904311
5.698173611724979	0.7627086629697252	32.74825378929921	7.310459179798599	9.100906492904311
3.2031178705629886	1.01950329364446	32.02449179181806	8.285079032186246	9.100906492904311
13.897143184165376	1.0442062783650636	60.22341783159356	12.914866839853483	9.100906492904311
7.45767850893373	0.9158576472242788	37.078588212334225	7.672772696772545	9.100906492904311
2.660816379566664	1.0351069084209632	37.19255191561917	8.796473052544528	9.100906492904311
8.614380944738986	0.8018223687394018	46.581434119499505	10.78456715013203	9.100906492904311
5.364904207303506	1.2502644259580526	32.740408345923356	8.50602919632176	9.100906492904311
3.3517425341275158	2.038152388056394	44.09292594600246	10.608209685715247	9.100906492904311
9.004715935323022	1.5693308481909776	60.66499779266438	16.78609187678028	9.100906492904311
19.345318163302796	7.397352560005474	51.708111486160085	12.765571743009398	9.100906492904311
13.565174703218988	1.3190776312846588	103.36716389919609	19.61045851008472	9.100906492904311
5.533439503264301	0.10051112584715573	31.328940482919087	7.582148696750292	9.100906492904311
4.015430100353717	0.7700657059497855	35.801514602228025	11.098061278576143	9.100906492904311
4.747668857522397	1.0341128133208053	34.853503795935936	10.666909970047296	9.100906492904311
4.571549377964119	0.3703336881682837	37.78424701340032	12.467866235886346	9.100906492904311
4.908966450054144	1.1681385958961252	38.55403147760705	11.395676359620774	9.100906492904311
3.0610100192313983	1.2790357832222858	44.65943307589341	12.572159588150276	9.100906492904311
6.088128194822457	0.6242414169829701	30.4321260713145	8.179940807668697	9.100906492904311
12.946931065041138	0.8100780082665431	41.56987745400754	7.912972760121599	9.100906492904311
8.217619375214063	0.5560680480686829	78.62691806757852	20.843930725997506	9.100906492904311
10.517527505841503	2.994426495764623	40.51845405321292	10.297801984602902	9.100906492904311
6.26898274797596	0.827030302382622	35.916151618447806	10.542680695221453	9.100906492904311
16.210706983569658	0.7219161377284836	62.81106268604473	20.730570485002367	9.100906492904311
10.956682330664409	0.3671083970422286	60.26488541919899	17.6768788604902	9.100906492904311
18.842292936207237	1.7772050848735221	194.26663835537914	34.9408696632867	9.100906492904311
18.387840286662893	0.793953932524591	144.32524986674807	28.950249863392383	9.100906492904311
5.124362749732119	0.3852160719733926	41.930130988714346	10.391652731363278	9.100906492904311
55.93085508511863	1.011740125037367	194.29405910396704	46.32168185558363	9.100906492904311
5.198261077886634	1.142088567749906	43.43653139647017	13.801229172962598	9.100906492904311
6.0007863086268705	1.4827458955691823	43.11817836094458	11.868655343080468	9.100906492904311
11.417771128390031	1.4906324273696183	39.63786528305235	10.967580103294306	9.100906492904311
7.636688579010415	0.11776157908690099	35.61102485801458	8.083799756295996	9.100906492904311
8.07899997191087	0.8089024356303705	95.37729047718719	21.20785954683182	9.100906492904311
9.601310273515772	0.23488149296181032	38.16702344128009	7.679492799128108	9.100906492904311
2.0167939364469167	1.196672443033225	46.21659802806695	11.512706469853919	9.100906492904311
8.252458076124796	1.0403354883889477	37.368278110881626	8.199724915551098	9.100906492904311
1.6740718166214932	1.0199066772171395	47.62661185063791	12.904800415175638	9.100906492904311
11.344679222357794	1.1205484189348016	38.46031224182834	7.694630961017346	9.100906492904311
17.302525691603073	1.0377881271630753	76.66894228444986	15.722118854528134	9.100906492904311
3.805705766503569	1.1004064834355765	34.19595098667982	9.610559809152914	9.100906492904311
3.7628825610635785	0.7652949797780336	34.58180445406047	9.149450391552923	9.100906492904311
3.253852940547164	1.0577484889969784	47.316988593396935	10.264736265295573	9.100906492904311
2.318831400389972	0.5608417907099137	30.704674057451427	8.77183036968155	9.100906492904311
7.975251427067752	1.1870611239685014	46.6417136354457	13.16632668718248	9.100906492904311
5.316751078903072	1.0339274240269118	44.629039821727005	9.99588515073468	9.100906492904311
7.714124768178618	1.0068767411182775	33.71042074015467	8.219351749361028	9.100906492904311
3.909424963059911	0.7551883740467006	32.2647163321637	10.02533794891199	9.100906492904311
11.387015803623184	1.030336682097852	97.9884687738005	22.26908318999991	9.100906492904311
3.5164336034714823	0.9769179253332742	43.27243171631866	9.660433489172274	9.100906492904311
6.909948861491827	1.0348421431200918	39.22598553947277	12.87542488794087	9.100906492904311
7.839242295327218	1.5047634669625818	47.04828292282844	9.090244636622028	9.100906492904311
3.7980184484116157	1.0011523389181791	44.8241114804847	15.338633957150899	9.100906492904311
19.084843387049315	1.039808466094742	95.25101343458707	29.579109430238976	9.100906492904311
8.764537448048848	0.668855147636418	34.051828599368854	6.4255876796917075	9.100906492904311
4.538172305561185	1.2029313801965889	64.81534247022974	16.171592884809883	9.100906492904311
6.402645619250037	1.1243644881737276	53.7461995760654	13.243016679090664	9.100906492904311
5.166364663514492	1.1218078777260645	30.34847351417463	5.745088156692469	9.100906492904311
8.850933372751545	1.0792158788090163	47.05859865028628	10.36176485578102	9.100906492904311
8.471189535152789	1.0062101621501978	32.90640179733521	8.082002590279684	9.100906492904311
4.933455132950655	1.0672751285615534	27.547608892630443	6.489077267767152	9.100906492904311
3.89021353661241	1.0065488737492347	38.42658393207177	11.535397056085285	9.100906492904311
4.924071478689989	1.1679085597085725	52.96743467392145	11.591861353896107	9.100906492904311
3.864654296773007	0.6014526898881917	60.912356320358455	13.002855695254343	9.100906492904311
2.2764103655462344	1.0545345346861161	43.83953078532081	9.68948753660089	9.100906492904311
11.335775732273822	1.1605066297942586	32.88947353687506	5.151144847748182	9.100906492904311
4.190013470692939	1.0075716847177862	30.51483521632789	6.685568435353742	9.100906492904311
7.912842188517546	0.7023058878726315	36.13498840486828	7.176463003161123	9.100906492904311
11.660657588993644	1.3159643749623042	35.69100693499181	6.317675929633898	9.100906492904311
7.335376083491867	1.109238004787391	65.0554634525936	17.39129350614324	9.100906492904311
13.468683923429458	1.2995603930796662	46.75037116606247	14.176762489554605	9.100906492904311
3.743360981284473	1.1356515584234232	39.035137042072115	10.572433196122699	9.100906492904311
7.203909677564561	1.176810720543203	38.417916089364205	12.286913308856873	9.100906492904311
6.439575745266301	1.2096986789552413	33.76064717984274	11.871154943503711	9.100906492904311
3.3608464129505116	0.5225233229943914	43.478229212584075	13.081038159571175	9.100906492904311
11.068689744880288	0.25596689959071356	80.91990864992502	21.011901127755056	9.100906492904311
7.606881576588878	1.248037221226392	47.51916522505785	19.90858138089335	9.100906492904311
8.355712671283811	1.0852061798956918	123.280591936054	25.2782254344453	9.100906492904311
21.30433897488154	1.472028247667993	172.58002048038537	49.32408959729942	9.100906492904311
4.890474490784995	0.5122029084813343	39.956450185946586	12.918869123762803	9.100906492904311
13.579960873286794	1.4711159028659972	117.80712750312945	30.576928398472415	9.100906492904311
7.4460722136962945	0.6342188456769317	111.64548227355856	20.169894263944933	9.100906492904311
31.634217994781807	3.6843054655434746	119.30701139412142	31.598524806804882	9.100906492904311
10.752769006750672	1.008309306709859	38.05742474657919	8.433483740652944	9.100906492904311
3.1140517589009464	1.19757090504221	35.43156600713184	11.216718450030566	9.100906492904311
7.016483580574869	1.0124834550446455	43.35090797070315	12.679151126413567	9.100906492904311
3.083251935884774	1.2250535614182896	99.49088470832707	18.81326319122332	9.100906492904311
6.267811495578294	1.4903138271617622	62.34404771161208	18.480936962544245	9.100906492904311
4.193807909247152	0.5512844138737238	33.349539869339644	11.934518744136502	9.100906492904311
2.7710557187598455	0.2218104110921871	33.897235489397374	10.740834266155414	9.100906492904311
15.20465335870618	1.2272235200597776	81.30615498198632	21.46049945714387	9.100906492904311
3.0064192659953113	0.6738451732269358	38.782534833241456	11.600167821175132	9.100906492904311
9.678122360380272	0.5837739473516488	44.333561401258464	10.99439255618394	9.100906492904311
13.69949199174509	1.3539098064055968	47.80969372809953	12.372005310763601	9.100906492904311
2.5884767906338952	1.0333732711386945	43.833508803672714	16.570336118411767	9.100906492904311
17.897693949940138	7.285498728465635	42.09218798691872	8.99120459753328	9.100906492904311
5.652359947881236	1.585323001057694	77.90209995301937	19.797425962503247	9.100906492904311
9.61870669184231	1.3846455038265058	35.14027882060016	8.33900629911177	9.100906492904311
4.749857588559824	0.6707297986596977	61.79557801082249	14.884682794386226	9.100906492904311
8.169033553863803	0.6707297986596977	34.792695107464986	8.232244531820099	9.100906492904311
8.162470629836633	1.0166210664545812	48.24542442534961	12.148652744256898	9.100906492904311
2.069376065427277	0.6332605896560285	57.33291102525014	12.506511051662466	9.100906492904311
13.922763489236727	1.267915683179057	122.523566834452	31.03779462271126	9.100906492904311
17.098302032239182	0.8350228588762915	144.00364753752174	28.801760745046373	9.100906492904311
14.315034560087181	1.6646290680540619	38.50297383544965	8.135089277785154	9.100906492904311
13.427983822744412	1.3998083017437146	41.76542986589626	10.161631817222204	9.100906492904311
7.1472432483898185	0.3376020045441872	37.73155950468367	10.896177186113599	9.100906492904311
5.912743915566347	1.0054227145214372	60.17641034663832	16.52497949669767	9.100906492904311
30.596390035764788	1.2483606093796056	172.89859753687296	41.05501260611067	9.100906492904311
4.111042061207507	0.4749806566621651	65.62432293440057	13.30751550659254	9.100906492904311
6.5596758969989395	1.03044448366175	36.004547365381065	10.277164712287854	9.100906492904311
26.102852790020407	1.0942890789370667	338.07989279104555	60.839153666654724	9.100906492904311
7.598174361774462	1.9783228407821323	118.25675676957553	23.582406140854047	9.100906492904311
12.147634372268426	2.871661496093079	37.71397448885683	7.915120509708674	9.100906492904311
16.90036747291216	1.41714998969039	174.7691343166828	30.651061650487804	9.100906492904311
69.69917814249713	0.4410887509687232	639.6386033237277	118.28568656062866	9.100906492904311
7.089319516400021	1.465467085688421	36.493204735695286	9.992927002444008	9.100906492904311
100.98707068188787	1.5255432229803398	417.1118919653727	132.82401078443385	9.100906492904311
64.73840697727118	1.590725216211372	647.1260815003327	113.91113166339107	9.100906492904311
61.8345362740181	2.012391033847918	456.7071107940287	102.38663908053229	9.100906492904311
43.452257258771716	0.5008419840361987	372.60195652124236	67.9644652075162	9.100906492904311
14.478396042434527	1.6945709457897307	53.695094590165475	14.452218464963153	9.100906492904311
8.389164653438355	1.071340715465302	118.8105462357966	27.707203704047004	9.100906492904311
9.947318192680399	1.9647896516468726	43.69990768022303	12.565599963874863	9.100906492904311
33.61593802071175	1.0375097154678965	331.3748399303386	58.56224143101243	9.100906492904311
15.20864518005739	1.5693308481909776	42.71569218713011	6.840631813767503	9.100906492904311
14.486251240647713	1.3634007177813963	97.90084390376497	31.460214860797073	9.100906492904311
13.421018694954148	2.214370167278875	118.06950335657442	27.48001224248937	9.100906492904311
13.444654903832335	0.7919744462833515	46.13792533474459	10.693841781442213	9.100906492904311
4.227633787362544	0.6565262248964878	36.17146977992571	11.946335608184977	9.100906492904311
28.526862127915116	1.1248573043386783	337.98022016854577	60.23422920771226	9.100906492904311
3.5207118822166565	1.1527602169174227	47.30117902151502	15.420911185741502	9.100906492904311
8.122948993344886	0.97408803729717	48.62309143369277	17.240009676123645	9.100906492904311
2.3729953829713764	0.4867392843070986	33.63042816418651	11.081339467806554	9.100906492904311
11.912846865575563	1.0025264992197231	62.218759904719406	20.126495004215037	9.100906492904311
8.392184259518244	0.42287072557887584	35.24722613874519	10.691922233097355	9.100906492904311
8.188049682955175	1.3469859823886696	80.78498233580952	24.72895260596769	9.100906492904311
20.527166254162324	1.435130421364714	118.28202720602448	30.215402436389176	9.100906492904311
6.079880264328233	1.0076158274252727	44.218491786498106	11.27092529674873	9.100906492904311
15.69515052617116	1.1810686992103374	117.92975833982386	30.37659931835268	9.100906492904311
8.218461783454215	1.3127216535048842	47.86497946273088	14.221003737236689	9.100906492904311
20.606367559850007	0.666710949294554	123.55824926518697	27.731001764513003	9.100906492904311
4.435461851765878	0.7556956171104523	44.033445822869446	14.426260225464128	9.100906492904311
11.791534921951039	1.1814310207978018	66.1106197171789	20.04195770384405	9.100906492904311
40.17428943328038	2.0191570539655266	172.88181507926558	35.57909708391183	9.100906492904311
2.763754562476515	1.6210183732976318	43.16037153207505	13.305576105193541	9.100906492904311
6.694893032456976	2.1230206157426363	65.49214759654006	15.639459529847148	9.100906492904311
4.737455354171264	1.088971779774144	35.66056287976539	13.002978835268484	9.100906492904311
9.544854633647182	1.6429777620333839	53.98340305354083	19.18573132896622	9.100906492904311
8.973463783768157	4.966662360451097	36.38553326323053	10.32240784589553	9.100906492904311
9.14190650690536	0.09877599450432162	33.97714380427993	8.344935838940007	9.100906492904311
5.617509483030543	2.102870602931153	60.88575019940375	14.581366720379787	9.100906492904311
4.083512480484838	1.0003813189753012	38.49198498684181	13.436502976442181	9.100906492904311
5.38399499613545	2.1528260764582727	61.2361612130313	21.457102871038288	9.100906492904311
14.699065044362772	6.35590148594307	33.97714380427993	5.8792590389273895	9.100906492904311
11.113053743550816	1.1022529343607241	168.65413396793707	33.388487639889185	9.100906492904311
28.960903067352444	1.5208441727248059	119.52313021999524	34.16439201879394	9.100906492904311
8.538386010556414	1.1662704316627783	81.35566409720221	26.661100123266447	9.100906492904311
21.334078770646638	2.1094928453755912	204.02568666773502	43.69997099447491	9.100906492904311
5.603333705258405	2.7540835032828554	132.06334588645583	24.948407231299033	9.100906492904311
14.814745894038674	5.663398602894818	33.97714380427993	6.414330081126332	9.100906492904311
4.692509632148169	2.3787327835005656	66.30237184258014	21.363832976433756	9.100906492904311
25.720877995391454	2.336015620474135	159.70932466708646	52.22408315465208	9.100906492904311
9.030627620890085	1.3184396252809534	33.901995450777356	8.223220088444894	9.100906492904311
6.430664391396366	2.3888881085413733	46.92686887189494	12.32515330727416	9.100906492904311
11.77188780516164	0.7856130198894445	33.97714380427993	8.143265970753685	9.100906492904311
4.507481755194339	1.550535057704651	122.26023711246488	22.524559065852877	9.100906492904311
4.374585410312953	1.084556890564118	104.64652071843447	22.781044180576206	9.100906492904311
7.851006095864609	2.238990511202865	37.780828172322295	11.713991707530194	9.100906492904311
3.499275018967258	1.5903208601667036	34.84104507369233	9.00015024888142	9.100906492904311
43.41612336622002	1.0440781408266595	449.213232356989	79.17684536647077	9.100906492904311
9.15192730722904	1.106479413112851	47.74301239732601	11.010962084163591	9.100906492904311
14.456914901359287	3.9248970912317014	33.97714380427993	5.68544315889398	9.100906492904311
4.488795008841934	1.2011303400924125	43.04479620760225	11.16643074664444	9.100906492904311
16.489992099763153	6.069569359869691	119.49410761356879	42.616557421331905	9.100906492904311
23.38702587661862	1.040161321270953	198.11946228086796	41.77150801546678	9.100906492904311
1.7796575441258071	0.35811819279287477	80.89400020735835	14.886074071370507	9.100906492904311
12.33219686268482	2.502131397373757	33.83452479097764	6.30111432654161	9.100906492904311
10.012672320155644	1.0881058611974639	33.83452479097764	7.90375596504523	9.100906492904311
5.503270593289989	1.59449820284832	36.72772717173518	11.954759058624742	9.100906492904311
14.112848034850419	6.069569359869691	34.235354101246905	5.7085645215987295	9.100906492904311
13.397330640773193	1.0491048353377115	34.609608971261814	7.021441044205979	9.100906492904311
10.492355793514102	2.554777516188554	33.97714380427993	8.375478100279883	9.100906492904311
9.142659356156988	1.4233676484219784	33.97714380427993	8.480617080401785	9.100906492904311
23.6541799056584	1.430207568655384	130.0911251508192	37.15795819256695	9.100906492904311
42.86568239075204	2.257243994322084	291.7887181856492	78.2527699606267	9.100906492904311
8.692348441174168	1.0130910255098247	35.93550196233878	11.808784045773605	9.100906492904311
14.006167748302206	1.209980175034107	33.97714380427993	5.73396256306236	9.100906492904311
9.721993317376723	2.783102228521823	42.84779017689237	11.980594210262897	9.100906492904311
13.789207839708837	5.781204272497801	33.97714380427993	5.729663452233302	9.100906492904311
13.17624120382544	2.4548759981527164	34.181048182865425	7.456293240046532	9.100906492904311
3.709431244876532	1.2674089835236098	98.51929381812667	22.202147633760028	9.100906492904311
11.436824682741687	5.853388306055927	35.80216883985473	11.152082163999143	9.100906492904311
12.020537305061138	1.6580901255862786	34.609608971261814	8.579396538626668	9.100906492904311
5.425389923710196	1.0181063913371555	98.44640266206342	21.864950490851097	9.100906492904311
5.000639735709795	2.5380575980600706	122.45658955174416	25.827560931852105	9.100906492904311
13.04623975040752	1.1620132213238277	34.609608971261814	7.1459014760482615	9.100906492904311
11.238056070756029	2.3305766015306455	34.609608971261814	9.135888255570284	9.100906492904311
14.471790513228141	4.830873551780772	34.704115030902464	5.201212337851829	9.100906492904311
10.732112882340822	3.6441914122967836	34.40583677784287	4.941355849647384	9.100906492904311
13.351526902039035	2.347351604155776	35.34633251199031	5.649812667151371	9.100906492904311
9.034676066450338	2.8251915696129726	48.62938288047148	10.338527802523505	9.100906492904311
16.771399736056917	1.2775542126890815	42.31394339889675	9.133211152437784	9.100906492904311
5.9474056201252266	0.3562894122970359	122.02908866021797	23.197284687052537	9.100906492904311
15.275473202177796	4.830873551780772	37.06041604300592	5.045001370442334	9.100906492904311
10.144931257857895	1.2461326529557335	36.56392148893033	8.695921458889867	9.100906492904311
16.99569662477737	1.5929915592904074	62.5080959600979	19.032705455453716	9.100906492904311
2.677383645867163	1.0467944672178602	76.16670566606108	14.331795498209814	9.100906492904311
35.13649897221297	0.7368166260581714	287.69421851057285	63.808620797106165	9.100906492904311
8.203456325268567	2.1622344641971956	144.29954180508588	26.001653972752344	9.100906492904311
13.054702362151223	1.0627784823071627	157.33810051267056	27.77194261539018	9.100906492904311
2.4476813523939747	1.4556413990088817	44.18079216086221	12.887379056158693	9.100906492904311
5.897291116378328	1.004476743472816	98.26326755805552	22.814476832140635	9.100906492904311
22.64394202223246	1.6528722127926851	248.18933051457864	44.313576576145564	9.100906492904311
11.804294911885432	1.236119312192627	33.97714380427993	7.382143540453521	9.100906492904311
33.538429935570385	1.5806183255273571	316.68179113921354	54.15924802335637	9.100906492904311
35.989114226203085	1.107903706717251	232.04342848790623	42.308901382480684	9.100906492904311
3.8111140879416743	1.4405277608561011	46.69414879690479	13.212144853303837	9.100906492904311
14.747741041209927	1.307953462948506	114.53841680595816	23.09504885382173	9.100906492904311
12.585419301978225	1.1897089251530686	33.97714380427993	6.679504350496745	9.100906492904311
2.6191773978349175	2.0210257607068463	60.56566347224779	14.174617319420804	9.100906492904311
25.544474309196726	1.2388806607523222	230.9456135673384	44.634861868214244	9.100906492904311
7.881459314017509	1.0659228370459575	33.97714380427993	5.825296618905742	9.100906492904311
3.5968615545742133	1.6522860970560986	61.9604932789926	16.936300650014513	9.100906492904311
3.0537304516284864	1.7851960193910903	45.60754971514017	12.519450380384026	9.100906492904311
1.9743315854027095	1.2745250260759182	43.382623539198306	11.719044706511609	9.100906492904311
125.69875885293003	1.23843912107002	450.12269942107844	104.9413376052174	9.100906492904311
79.4310686903973	2.0592450233081294	647.1752717179859	111.0139338363635	9.100906492904311
6.073544200686926	1.5116628136942976	65.7565326407751	15.288420584623344	9.100906492904311
6.133118995704323	0.794217241253327	47.2175478098587	16.122716819657114	9.100906492904311
3.4221404660015877	1.549224290782287	48.07119646462487	12.982237579953345	9.100906492904311
4.328057374007673	2.162444935503144	60.82523190298816	15.102581399511568	9.100906492904311
9.77406753631694	1.3292954997209514	59.999489567003565	14.181928501648184	9.100906492904311
8.917688137062312	0.6072548632709237	79.60338960192259	19.469601895121883	9.100906492904311
59.355366828121916	1.5599647359345161	198.32682965217637	54.185004691743885	9.100906492904311
10.999224816956593	1.511627970687765	122.59736609651382	28.108903608270186	9.100906492904311
8.922043581517766	1.0960061446706941	81.06664239610568	17.83364913535947	9.100906492904311
33.22022197145658	1.1924396633920318	225.60182515396343	42.78898959046324	9.100906492904311
30.192888828481014	7.395370862200566	100.06074978118336	28.352123187173284	9.100906492904311
1.5722308722659302	1.0747602459639334	42.938014299490426	13.025783592540582	9.100906492904311
23.316087415864	1.1353899703970167	67.61495955143577	16.768362406957138	9.100906492904311
7.2367029416642845	1.3572921971107346	33.97714380427993	10.326149565010388	9.100906492904311
7.085076290629164	1.4403847341708085	81.69587990581529	23.210318848701903	9.100906492904311
16.08378453030651	1.006846370729676	140.21392970696948	28.727373589988172	9.100906492904311
1.6173559210059776	1.0122636463344057	37.51213776410322	10.67123851694561	9.100906492904311
15.213749012205238	1.7991256401986975	99.92851980844651	31.787663894461662	9.100906492904311
12.381914022796996	0.7920806523715647	80.90385032994	22.931240139418613	9.100906492904311
5.67501626320815	1.3680522086333626	37.73841102575018	11.132122184283055	9.100906492904311
8.600671740106058	1.442880670115408	44.615281905179664	14.513319075039117	9.100906492904311
12.223609751679739	0.2626938028532331	118.63382530213137	34.527539190905756	9.100906492904311
8.743948099884888	0.6922908880493007	36.87139319909307	11.442211344135488	9.100906492904311
4.364157850733145	1.037332102442909	35.95200195889431	9.93802382843457	9.100906492904311
9.991139957427803	1.0720640586169679	62.299826674369804	15.390361719286119	9.100906492904311
2.0955969944509465	1.6770647975385258	43.06033455351698	10.217321864360432	9.100906492904311
5.737397518864189	0.6184721819205056	65.78692860350341	15.038703403138944	9.100906492904311
7.893375505446566	1.2281313459826806	60.92200434074559	20.123316185432323	9.100906492904311
5.889659741826476	1.1514289803703954	98.4879033343494	20.37906603214712	9.100906492904311
15.396303985890185	1.549788378639519	148.87522485179915	28.254878707688608	9.100906492904311
4.863460679717644	0.8833784663604225	83.02899084813043	16.100561295862548	9.100906492904311
3.4877856378168586	0.8833784663604225	47.919563415558116	13.001482997524258	9.100906492904311
30.206402049871	0.8943215419627861	261.49853958611544	54.28366125180777	9.100906492904311
7.971224839995753	0.44640998513097657	33.80479286418981	6.331352950551598	9.100906492904311
5.7630263635206305	0.8833784663604225	35.37662375840195	9.913275481301184	9.100906492904311
6.148917418240729	1.2813973458135675	145.4919242962561	28.620122550983865	9.100906492904311
22.57335111180975	1.1709048281159276	173.3489526735988	48.95176630235912	9.100906492904311
10.27160949264169	1.0106785614527405	33.80479286418981	7.485444591097244	9.100906492904311
43.341318465987754	0.5151053636428348	204.11894567413296	52.0408097527996	9.100906492904311
4.430283888689005	1.3925477844854415	47.6037876579298	14.14072447812337	9.100906492904311
20.386705581187897	0.8833784663604225	175.27685659232728	41.36100627869065	9.100906492904311
17.425529056650614	1.0997930664321667	198.42834788401439	34.66394694007709	9.100906492904311
11.05636710099392	0.6027538687483962	33.86890243457019	7.937261813735522	9.100906492904311
7.25598735238702	0.8989604294784207	81.39010249853797	20.92983569137895	9.100906492904311
6.671207500225097	0.13098831892919066	47.58889266058357	11.99149430267897	9.100906492904311
3.3770381337512996	1.0331785858123446	49.126449192892984	12.766108526444672	9.100906492904311
7.762016681093187	0.8369225525405297	32.43260909301199	5.39146226969697	9.100906492904311
4.173823019337123	1.0139433145892587	32.5148085871173	5.782027327609237	9.100906492904311
4.327215914852624	1.585925426634919	44.226631727389254	12.733797740763773	9.100906492904311
7.075404257371774	0.6117174478547378	44.713114958785965	15.41934925765581	9.100906492904311
8.778967724637878	1.0293016982859677	80.57466005442285	18.258246097097313	9.100906492904311
4.157587337931645	1.110150654030532	38.09201698604483	9.464727755080618	9.100906492904311
3.0788990229588817	1.0099300088669023	60.60482703540236	13.492848090668904	9.100906492904311
13.8816129665694	0.6001858498886624	59.800638125685374	16.01204408559363	9.100906492904311
2.283990387033564	1.1595111822487734	36.149593538966165	8.35143821550782	9.100906492904311
5.609725781656659	1.0431606060947793	29.207124078750653	4.764844661699251	9.100906492904311
3.1174220121458722	1.2875742940095063	35.69987853668273	9.088989722659248	9.100906492904311
13.811740124363192	0.7929118062636863	98.39646709816945	21.807908107376242	9.100906492904311
10.30871652631448	1.235135603234887	97.61072017249627	29.35993470316476	9.100906492904311
9.171822210989728	1.0439716428316261	61.771375515802255	17.107437311537876	9.100906492904311
10.725847977502102	1.2232468817643007	99.25003500799673	22.53006686294365	9.100906492904311
4.575737841770424	1.0431606060947793	52.98268553372907	15.402496468666474	9.100906492904311
8.505524136962146	1.1147681692065081	61.69973607610434	14.719186595491163	9.100906492904311
6.989354645703381	0.25183085391027943	57.30727033851127	12.394523328508125	9.100906492904311
11.676979767820029	1.0359748972107248	60.969423191973604	14.460868967789356	9.100906492904311
10.535557509421515	1.416946753820379	75.92588324307086	17.054262827349817	9.100906492904311
16.687236196600207	1.0281867582117408	50.278911711777745	8.249870563797627	9.100906492904311
16.26237347818972	0.8458780241764098	118.60084980520789	20.404037476975667	9.100906492904311
56.92171953250991	1.5564854110760638	198.21178820757015	41.82225657483644	9.100906492904311
15.195939211545134	1.0528946377778998	117.79182549048028	27.73297155951992	9.100906492904311
7.3957982061692515	1.0432387265786316	60.594933599948114	12.281810437345761	9.100906492904311
23.12564974250244	1.2089857215112632	117.85714889646097	25.3871483102704	9.100906492904311
8.376874195801587	1.180986686248302	35.600283108085655	9.081498315665248	9.100906492904311
8.040576291370376	0.21661194192117547	77.41101087320267	17.53584935516064	9.100906492904311
43.98309023316124	1.0032432741841646	103.54261193666048	36.26544151226458	9.100906492904311
6.780056252845194	1.0135560279514553	35.28990854258963	7.230031139982893	9.100906492904311
11.042328887731527	0.5547638433428129	44.52719809265645	12.625663235953578	9.100906492904311
14.674854119918473	1.313596731417613	81.25143342939992	20.9511460317631	9.100906492904311
27.443663842404753	1.5609280554934994	144.50232907242219	31.851416873878556	9.100906492904311
19.74367868360499	1.5609280554934994	77.39723754266605	20.096582547374215	9.100906492904311
14.613222148714245	1.6125133336830988	60.942326535578445	12.887381478151578	9.100906492904311
17.95247479627636	1.4357589425177162	98.93743673195839	18.456035916584202	9.100906492904311
25.38079201461628	1.0094225129385472	117.67225913166992	26.225437764023233	9.100906492904311
45.41089037002947	1.0883159085092864	231.9814160416867	54.611159228420696	9.100906492904311
15.543713665517549	1.4519050380032832	88.71244816610064	21.69440999910799	9.100906492904311
6.862078916492544	1.2224647893199334	47.33446182553903	12.554150530572837	9.100906492904311
9.166113598983596	1.0317587411230829	47.03992375130164	11.520319533062912	9.100906492904311
36.488330307239195	1.328932305431051	117.54852988944303	21.62808829773785	9.100906492904311
59.0992010954072	1.59207173747293	291.96601944051116	55.765106392006146	9.100906492904311
9.027134595898056	0.6288033340594604	43.23477026945629	10.210160605183756	9.100906492904311
27.30291459169719	1.748504401054378	111.54676991572413	21.453941663408052	9.100906492904311
21.30530836091958	1.895800102516794	63.31825653333332	15.925260439757466	9.100906492904311
46.759034331763644	1.486687785992287	292.9668083148923	64.29041311270619	9.100906492904311
14.495115487231656	2.2819266086997754	58.37700425692493	11.551821005872297	9.100906492904311
12.975236551966587	1.3431150014463982	76.70556377004003	12.760304086908217	9.100906492904311
10.333738359072374	1.2711997007722557	61.58373458704394	8.682213694518172	9.100906492904311
21.61726185447675	1.410977497615178	65.48460337223675	15.976421578130939	9.100906492904311
17.921418596735737	1.7324636551983241	66.16471707479386	12.871430717543538	9.100906492904311
25.381131797364585	1.469722971333128	80.98933912003434	20.012853638143714	9.100906492904311
8.004863368070005	1.252097077358698	43.4129666475178	7.832806488863113	9.100906492904311
10.487399065172225	1.1704620164855142	44.0763565793113	7.710904819664937	9.100906492904311
15.6400353582139	1.3795517210394088	58.21148157186698	16.80715775068585	9.100906492904311
11.966074951691022	1.1704620164855142	47.99339756017533	10.896722413815503	9.100906492904311
3.49781585712139	1.1557702387479305	34.4661433587096	9.380777583975519	9.100906492904311
6.746355993094593	0.2762727299512421	36.04589378303663	8.1697994041234	9.100906492904311
5.854049481169912	1.6871026790170123	43.16613538312192	11.650165551237254	9.100906492904311
14.119934649215228	1.1534049003520646	61.14778211390788	13.910200461012078	9.100906492904311
13.53112232104069	1.4627387354466088	81.25612880466471	14.9505143469313	9.100906492904311
11.00275357453982	1.3232578165074373	49.26953598919532	6.359726772421844	9.100906492904311
4.18773969276198	1.3517581910405796	31.0661446253079	8.642483477566255	9.100906492904311
13.178015910944474	1.6528243223399572	66.44651390781223	11.256811421918295	9.100906492904311
12.052038451246347	1.6293782149448293	80.89126894297993	15.720016932223633	9.100906492904311
95.55022154216192	1.6293782149448293	647.1734492284853	145.21452308476412	9.100906492904311
2.1283975680037654	1.001654327306125	28.890957590515953	8.026924427033126	9.100906492904311
13.950780149693408	1.1411089518034168	98.2929060230765	18.446046799597674	9.100906492904311
19.40551156406649	1.1218835518312145	86.9470488877996	21.933563311718153	9.100906492904311
4.410035438012257	1.2138090490214493	42.193469309075624	9.366772534855867	9.100906492904311
2.9256931805771154	1.173625356338783	34.25078122755279	10.057565718993065	9.100906492904311
9.489854728440239	1.08984488458962	47.37333597804695	14.626379103105993	9.100906492904311
18.948686136218885	1.5392611046773634	143.65637208031293	22.8217945626992	9.100906492904311
5.65867200799104	0.6631939203723415	47.561312882003904	10.387119442888569	9.100906492904311
8.144219941674116	0.6631939203723415	36.250361838279645	8.736120056593013	9.100906492904311
12.446450719631306	1.1643339585581112	47.46980720496374	11.027830913343584	9.100906492904311
9.26441079866852	0.2709674720123693	44.70981569225402	10.869896293492586	9.100906492904311
30.803432540546005	4.094147932568987	143.66455313801472	26.67836170277697	9.100906492904311
24.19088352015874	1.6293782149448293	80.92379393046944	27.63042027720248	9.100906492904311
14.482387553980715	0.5619406549350405	48.67323208924742	15.594988157561545	9.100906492904311
2.984839825473647	0.5619406549350405	36.30400458900809	9.599995548960568	9.100906492904311
21.44557533029407	0.446223905248951	102.92706210925762	25.929210452315157	9.100906492904311
13.865698507808547	0.13089096945438738	77.40870496858192	20.418192290999375	9.100906492904311
7.686000787289377	1.0734704491640905	43.275389160751295	12.798455287858399	9.100906492904311
24.949069435408934	1.0853263599909226	97.76064904355043	24.514560484021395	9.100906492904311
5.087556825678488	1.0734704491640905	46.47691631688315	11.107331680250843	9.100906492904311
8.43879451464997	1.1601456329253923	38.876918849300786	7.713583355873449	9.100906492904311
3.1935405668720813	0.6524416199256391	38.213702472791255	10.216774472437026	9.100906492904311
4.880460914104723	0.7000690627167341	30.7327508166948	7.078330248003749	9.100906492904311
18.97489931001657	1.6293782149448293	82.71947598316085	17.8132471441115	9.100906492904311
28.058329132056006	1.6895941557512288	76.6178018398952	22.169932259187178	9.100906492904311
9.559271183233054	1.0701782487373979	42.82154734301522	8.148625298934316	9.100906492904311
13.607211284245503	1.0477940655437563	77.24009393920878	20.25590049765793	9.100906492904311
5.158385880804067	0.7461573933874213	43.42117089726764	11.997267432284769	9.100906492904311
12.366024169034322	1.2256854531054218	63.52118723031081	14.141529066536176	9.100906492904311
4.4541320586293445	1.0477940655437563	34.49801396839222	7.980543806495279	9.100906492904311
22.208804610729864	1.2256854531054218	172.9245729381049	36.049022836343774	9.100906492904311
7.331115295720252	1.0477940655437563	60.77154161849444	14.225638287155714	9.100906492904311
6.040219897046641	1.0477940655437563	47.4409407532878	10.489749353917333	9.100906492904311
8.267625548786254	1.0477940655437563	81.29747086047239	14.912710009953063	9.100906492904311
6.278809871934861	1.0477940655437563	47.37333597804695	10.861416340874701	9.100906492904311
4.747022446914038	1.202647127023185	42.57539392093651	10.170849901863479	9.100906492904311
5.403817864893415	1.020844291540197	57.59743120826885	17.80088343105142	9.100906492904311
4.306866139916571	1.098647290658221	38.59534141303253	9.937235242439609	9.100906492904311
15.180759555555309	0.27713964918893236	121.85519996603801	22.47521521378376	9.100906492904311
4.688798610653945	0.11021963198003082	33.50671091898452	8.11429418385097	9.100906492904311
4.3919127979207495	1.0477940655437563	35.68812153296438	12.41633276091867	9.100906492904311
9.663047278004296	1.5466228853637323	118.21777720353465	26.206511671238538	9.100906492904311
30.418203036208922	1.1142067019377562	167.41642691465862	34.36974271890002	9.100906492904311
66.69103092964363	1.0477940655437563	410.10849913686224	93.38253096092747	9.100906492904311
6.1996212536706885	1.0477940655437563	26.93578454279196	3.2637650208211957	9.100906492904311
9.47297952199586	1.1133637531258986	34.49801396839222	5.925296707934097	9.100906492904311
7.162273042325684	1.0477940655437563	34.49801396839222	3.7157321877298237	9.100906492904311
13.135237767896623	0.3215154181661665	99.88733749696496	28.0291971820132	9.100906492904311
18.706855387240584	1.0477940655437563	82.76895118510075	22.329629225018415	9.100906492904311
6.279232290141666	1.0477940655437563	34.49801396839222	9.602199662566576	9.100906492904311
3.0080653290506407	1.0132993503594714	44.04374865290277	11.952789083253531	9.100906492904311
4.213884853501386	0.8925636119269122	38.86878512149375	8.907021277825898	9.100906492904311
5.439089113777983	0.9386680133691663	37.24920676302201	8.51296737471991	9.100906492904311
3.0162838966990133	0.6293506333282263	34.412507682170734	11.209872747609335	9.100906492904311
4.980131794696598	1.072644246494392	34.49801396839222	6.663156042626538	9.100906492904311
19.683233027964835	1.646815628652973	181.19578590950832	43.73507695659728	9.100906492904311
11.092033204993353	1.0477940655437563	81.00148796411968	20.1236120146608	9.100906492904311
8.431166327769299	1.0477940655437563	88.50019356724958	23.139573049206668	9.100906492904311
68.67775868845828	1.230202112472606	497.5652712939978	86.91756609326673	9.100906492904311
3.6429694275638904	1.0477940655437563	47.639192352337304	14.505960917950048	9.100906492904311
91.32692226861782	0.05952407248077601	746.8118322597521	128.88791298751266	9.100906492904311
9.949411511710926	1.0477940655437563	34.49801396839222	5.854840135342438	9.100906492904311
6.140279511928658	1.089926979101711	34.49801396839222	7.728780753912218	9.100906492904311
6.232869063555147	1.4329188874126004	81.06481446732016	19.94140610186613	9.100906492904311
4.641067387783541	1.4329188874126004	36.00762236834133	6.3495636263952555	9.100906492904311
72.78114860808165	1.4821628057005565	556.4157436462475	94.80505719768905	9.100906492904311
14.419215555057685	1.6183485359660652	80.25611556058824	22.16754964863096	9.100906492904311
5.982674630125668	0.42876435045385863	60.78915180606567	13.999515391921161	9.100906492904311
12.178146470309873	1.0476909513400567	122.11809491164158	27.425194416616286	9.100906492904311
4.472260420112724	0.39104005060813757	65.67494922335526	14.16333355305196	9.100906492904311
8.929641009065888	1.7412787113028751	34.49801396839222	8.090841268543446	9.100906492904311
2.8122725996837126	1.4660880638192448	48.08803844691117	15.020545587690691	9.100906492904311
7.416830980057143	1.0477940655437563	34.49801396839222	4.2959051390333	9.100906492904311
3.6931419885215804	0.9415740521171178	25.94973263140919	5.561154466972704	9.100906492904311
9.4134089975577	0.25586359897401734	34.49801396839222	7.232672355793906	9.100906492904311
5.071992243400832	1.0405598404874736	28.73484178475472	4.634513580916581	9.100906492904311
5.158457832664674	1.137214756946266	61.593673068982106	11.007055016041436	9.100906492904311
4.19144581473497	1.0121987115012752	44.03151468939035	10.528182157482652	9.100906492904311
7.658481721997776	1.4971095648044752	32.990656884660126	3.5656914889551805	9.100906492904311
3.5226617144606593	1.137214756946266	35.54965575191457	9.612473187905334	9.100906492904311
3.6694254478439796	0.46009931898980677	34.647355821779804	7.797844428687858	9.100906492904311
3.538075628668144	0.5091397537133859	31.754893154123156	7.663122396721084	9.100906492904311
16.10760722863988	1.137214756946266	103.32525494464637	26.14318845087171	9.100906492904311
6.987665245575367	1.137214756946266	25.717367207944417	2.371213113705939	9.100906492904311
4.130517700493144	1.006093706626799	48.74426322133713	8.905783947833829	9.100906492904311
3.0772881671415	1.0477940655437563	47.52505189186246	9.517669444384627	9.100906492904311
2.2616602883116372	1.0307380515045272	33.72906762037952	8.911142905458927	9.100906492904311
22.294196062398544	1.1375660322532484	121.824070572565	33.48795436908525	9.100906492904311
11.077757212827597	1.103419920546431	76.82255972587481	22.3208688345415	9.100906492904311
6.985608956796912	1.0356722511899927	26.78283738583823	2.366534781266735	9.100906492904311
6.767139786070941	1.0051109220483332	34.49801396839222	6.549895478322073	9.100906492904311
5.0996945543439605	1.0477940655437563	35.173887268062906	7.539364452357612	9.100906492904311
14.632797749724114	1.0477940655437563	205.4274146290715	35.7527598586485	9.100906492904311
16.816409285503294	0.4759057433972259	66.43457148283662	22.656330461072475	9.100906492904311
2.778283750347045	1.0477940655437563	44.02181898803158	14.790589013372696	9.100906492904311
2.6587233105994454	1.3669913683125643	43.90662578118412	10.620399788580261	9.100906492904311
3.096148765430976	1.0477940655437563	33.869464113112365	7.1396380186945665	9.100906492904311
3.7900158832899256	0.640607151453578	60.56321624905011	10.28001784943941	9.100906492904311
5.4488086298000145	1.0477940655437563	60.68230672525839	10.281944125781802	9.100906492904311
73.78346354426301	0.8885936691724238	695.9229321544888	121.83363413930999	9.100906492904311
37.67533469566016	0.35811819279287477	372.7188809055251	65.67374216154624	9.100906492904311
7.828138064815337	0.7811086777738803	52.32688386353897	14.876306370861027	9.100906492904311
84.20265777981136	1.0003983310879951	230.8068119114054	78.6948139611172	9.100906492904311
30.230046947941883	0.8111777693664403	172.8934321985791	40.93773762848983	9.100906492904311
11.463395869574608	1.4329188874126004	80.89458819897999	21.530316386544992	9.100906492904311
83.11844059959614	1.192526844889871	367.9969972104212	94.58079610349198	9.100906492904311
5.302665492731306	1.0477940655437563	47.20346835662277	11.650783332474884	9.100906492904311
6.285205874837047	1.218494524469256	68.4954222043533	15.931332626637033	9.100906492904311
7.456695278817014	1.0477940655437563	37.675691398921714	6.206792842062694	9.100906492904311
4.2077450788453055	1.0477940655437563	79.74900650722901	14.77301328991281	9.100906492904311
3.3219610284589023	1.0477940655437563	47.26026410304008	12.337483572051568	9.100906492904311
8.382807287841311	0.9204803614267325	34.49801396839222	9.512357902445377	9.100906492904311
121.77449546488953	1.0477940655437563	800.0420171743218	165.85861279861817	9.100906492904311
52.45315268788182	0.8074766308892554	540.9269676042036	95.40020863263723	9.100906492904311
30.182670316809777	1.0672870133000236	238.2926789581752	50.95655017381577	9.100906492904311
26.387605953976315	1.0475632026075625	117.23384736445938	33.10364972409748	9.100906492904311
31.56721575961402	1.043293711908995	121.94797173431195	32.376713995218395	9.100906492904311
43.65841635304568	1.232815779117412	238.37387016420055	65.01360892653038	9.100906492904311
42.180958923541795	1.6107956972782134	294.81222665056293	61.77660296644027	9.100906492904311
18.154777612414318	1.1175104962287992	86.99924518938354	24.29678745754211	9.100906492904311
5.333535220776217	1.0477940655437563	30.227517531718643	5.020791929863221	9.100906492904311
19.232314886644573	1.1175104962287992	179.56973286384377	33.657510734723694	9.100906492904311
72.36348414863153	1.008851052322063	305.91620275852404	91.50747114039892	9.100906492904311
36.82267787074195	1.0654689865078724	204.0182226875933	54.50220927756747	9.100906492904311
12.574751358087012	1.0654689865078724	174.98820253604805	31.614399093681328	9.100906492904311
45.70667680200292	1.1296928753863742	157.61968151331203	41.43393166891813	9.100906492904311
6.532896693888306	1.002892457636479	42.842911080282946	12.410180874774657	9.100906492904311
9.92539905341908	1.0477940655437563	58.45902171282991	17.290218542378614	9.100906492904311
9.764953509005261	0.358793503904742	86.55798673561696	23.39260407258609	9.100906492904311
6.513771925001418	1.0477940655437563	64.86387770452778	14.417054488903721	9.100906492904311
2.944663486182023	1.0283187686091917	47.30950312321352	10.6926310394038	9.100906492904311
10.750261790325531	0.9643185205582854	82.30144673225762	22.251026789695963	9.100906492904311
2.6824777999925753	1.0477940655437563	34.068405451700315	8.08440314821497	9.100906492904311
4.30075564723681	0.2703300276412459	31.787341925417078	6.538447780078013	9.100906492904311
4.659352519937356	0.9882065689248598	46.31174349147419	9.84445457492345	9.100906492904311
32.00617174839647	1.0101181895539584	122.2099060258141	37.50988348328883	9.100906492904311
2.563027285654224	0.18865298452427334	35.566823999061825	10.296308848073984	9.100906492904311
2.620761740194534	0.443338517873742	43.327094750590454	11.151781856908581	9.100906492904311
7.631905355657006	0.6595832174481281	76.64572247905488	18.082798557345082	9.100906492904311
23.890113612779363	1.00673695389302	143.69842131004975	26.534846193506013	9.100906492904311
18.551444639695955	0.9643185205582854	80.97712959725793	22.63782472501133	9.100906492904311
7.063488215993726	0.14991445107368034	79.91479208327883	18.75672933885384	9.100906492904311
14.071766289540498	1.00673695389302	129.46983840826755	26.80550699747249	9.100906492904311
15.393991070422809	0.6331201802100986	118.40065338807274	30.20027514051161	9.100906492904311
18.66898269246495	1.016576356769218	118.02157272740958	32.790903934615145	9.100906492904311
13.259301285547075	1.016576356769218	62.940564945152055	18.905305113626593	9.100906492904311
3.9573850049748875	1.016576356769218	47.42563426584534	13.515814109392954	9.100906492904311
5.030156025234521	1.0477940655437563	44.30277784630317	10.438480335290045	9.100906492904311
8.6100227456484	0.2659468740436797	60.971877737366505	16.984209549830076	9.100906492904311
18.599632287902498	1.00673695389302	145.17334257966542	28.203919657992476	9.100906492904311
15.252796373883124	0.9094179749876601	65.03287702303179	19.153273809367082	9.100906492904311
3.5512337057398753	0.8610694090527907	37.25986116230544	9.072124296288125	9.100906492904311
8.87609121431512	0.6686391437556671	62.53370247644791	15.66521958609953	9.100906492904311
2.291908085159049	0.8610694090527907	47.08152239664734	9.977646044767225	9.100906492904311
36.06130120186748	0.604034753132868	129.34333419902143	37.74277093013798	9.100906492904311
24.556197533485452	0.3333814577029642	150.5696675169975	39.92222810123165	9.100906492904311
24.292587147831167	1.045344423897022	122.4925842993789	30.201100915519987	9.100906492904311
26.055119729316917	1.1754855515317095	104.54835877941504	23.40472263731113	9.100906492904311
31.429741265173462	1.0648667245941101	82.20411683144266	24.706569326755844	9.100906492904311
15.545324567512163	1.2456638554271953	66.1609157632686	18.179135291378778	9.100906492904311
31.567118009261435	0.7712988172797306	86.88420278136842	21.377301086757747	9.100906492904311
11.474187066625076	0.976420821588761	47.92887000135008	12.834072741199634	9.100906492904311
21.960567761552692	1.0162957671792288	68.75525702655591	19.635426181536605	9.100906492904311
30.39519197640688	0.6099451711749906	150.59126549019481	28.806167584358132	9.100906492904311
36.51214450495571	0.3131209417447282	145.426102146957	36.03649503792796	9.100906492904311
15.361030234122236	1.0603751441150289	82.17585130789406	14.287399453045666	9.100906492904311
23.777052591958622	1.1566088634994485	83.29724581286312	19.89232050564194	9.100906492904311
21.458076394362678	0.7604347304542891	140.51085018951363	33.51832411599159	9.100906492904311
32.24814783831868	1.5941999586507918	100.82137329484543	27.541893695843036	9.100906492904311
41.373833240007215	1.0265247650834013	122.36059908059066	40.85448163186741	9.100906492904311
29.417215455905588	1.7880984971436646	86.87947156013966	23.81710972703998	9.100906492904311
24.43484636360432	0.537740319240909	81.70501788438025	19.704477646200225	9.100906492904311
14.525515835375568	1.016576356769218	61.83997280005618	16.065134319401416	9.100906492904311
16.56590899038199	1.016576356769218	66.19830722920335	12.230958157743169	9.100906492904311
18.156412965341055	0.26840054165096205	82.14025506921851	14.957086608115237	9.100906492904311
23.759007388356117	0.4184554043326413	123.94375642851266	29.098058830845638	9.100906492904311
5.839508842046083	1.0	60.44494853946012	13.373418613700446	9.100906492904311
11.2021795841056	0.9547722835495033	80.29480409127102	19.17507068601784	9.100906492904311
30.276796913734906	0.904512391334619	89.55008167749	20.945343098680176	9.100906492904311
10.53820243509535	0.9056689355474775	47.51333712830275	13.015131172638073	9.100906492904311
17.82613555897876	1.0628777611645606	99.65393974517589	26.210077331303474	9.100906492904311
11.784957880113444	0.3301570647234767	103.33268136808243	20.402666528516384	9.100906492904311
3.399247701040283	0.9049052617799545	39.87019549606733	11.057686028800166	9.100906492904311
8.707803220904884	0.09270586452596774	68.55336860963693	16.76360260263226	9.100906492904311
22.642501191304657	0.09270586452596774	103.85324018810878	32.20697911794951	9.100906492904311
20.90845479577814	1.0499925862941295	59.98081571313816	16.128011332580847	9.100906492904311
32.67146255454344	1.7049005319020079	122.87343868534352	32.71848109000532	9.100906492904311
21.186771246909068	0.3011013263723598	98.85079908496238	27.752292845139227	9.100906492904311
38.361993848585506	0.3011013263723598	122.72326301436361	31.518665475958915	9.100906492904311
30.727425919893054	0.3011013263723598	157.2467981949554	34.64135811835679	9.100906492904311
41.80778579486686	1.3425832868298546	267.79789211197397	55.32154049247979	9.100906492904311
73.93173644091279	1.0642073957043265	260.23351462641267	75.44398254815965	9.100906492904311
12.591606523211565	1.275032520447102	80.47139725458396	23.765700471865518	9.100906492904311
5.200938948225337	0.38459136341899175	35.20989943460081	7.2843041412653475	9.100906492904311
13.657928306854169	0.5641167122475835	60.91969940376911	17.665071471367796	9.100906492904311
23.4957578857103	1.161522943576793	223.8999761174392	43.47225607943017	9.100906492904311
12.780115674767169	1.116584034829606	99.36774494974873	26.16534397793821	9.100906492904311
2.9264669408621753	1.0972091783979194	60.13100898030171	14.697955640676824	9.100906492904311
20.670226316516395	1.2987685075777047	104.3194084406854	28.59175086387315	9.100906492904311
11.198219300281169	1.8282967290629655	73.17325501217222	17.373454226816907	9.100906492904311
10.391143630594392	1.2679032896545934	72.86057763423689	15.60042735225475	9.100906492904311
20.253766252468164	2.654390613019175	98.01426972530587	27.561419367027902	9.100906492904311
11.86904639719537	2.4485701646908127	41.43709697846984	11.354261781475504	9.100906492904311
6.696549138073725	1.5266901390010224	47.49209979204756	15.047341769994267	9.100906492904311
7.8740663007979315	1.6344250704272607	34.3091993925896	10.670925886962968	9.100906492904311
6.441647974165371	1.2462428649082529	27.21672440775615	6.81962366437544	9.100906492904311
5.880815129653558	1.2913557397991946	99.88733918557817	23.472806013191775	9.100906492904311
2.8529177170823528	0.19187271763964645	33.648833685814004	10.787534751318784	9.100906492904311
5.577850046423399	0.18954479949939174	34.14298184579507	8.444235399939275	9.100906492904311
7.34399400403709	0.7102410664691393	86.64012685302892	15.07100411028857	9.100906492904311
8.73754732716566	0.8244330919154483	35.41548767372921	8.7488838056538	9.100906492904311
3.3980965894916433	0.8098196804576827	76.34234573078793	15.966026163483312	9.100906492904311
10.530210714038166	0.2820035487473039	41.28158849590191	7.758888031302651	9.100906492904311
7.554414636529162	1.0340872322176122	45.665272357904804	13.27234708146373	9.100906492904311
30.605575612971545	1.151296442255764	179.27660435192345	42.54609712249231	9.100906492904311
5.438411414758502	0.4307416934289114	58.49397463861334	17.24221179339289	9.100906492904311
4.611576521522177	1.0273718753813974	59.860796249355836	14.204271324627001	9.100906492904311
28.624159295033422	0.5575057030850677	332.9840506645484	59.14519172565572	9.100906492904311
19.095307471545528	0.7187420130617196	269.7351340345207	47.81549972560167	9.100906492904311
5.240996174131162	0.47558741517163294	26.329175762912154	5.02747517044085	9.100906492904311
7.160362144070973	1.4599191744872944	41.28158849590191	13.778647574540319	9.100906492904311
8.754265134609563	1.0471125258584628	41.28158849590191	13.361868983758152	9.100906492904311
6.30906570390006	1.0565291307938356	41.28158849590191	11.810535411865306	9.100906492904311
6.723222855067859	1.1905653966021807	74.69421247091701	13.496444125801528	9.100906492904311
7.755451727893862	1.0569457810450318	64.80293734372898	17.423905762081596	9.100906492904311
14.516750030306982	1.020763826915335	80.4123845317994	23.707721233229588	9.100906492904311
12.148628905578953	1.005172556460609	152.56044659976348	28.31341198902726	9.100906492904311
55.309269017437934	1.5634735149422754	152.07065054744453	50.466750550446555	9.100906492904311
2.7956101101480626	1.5634735149422754	43.54051510644338	13.142304310669791	9.100906492904311
5.309335711075776	2.3213108896783274	60.24355337231989	14.732426364372492	9.100906492904311
11.222039808575653	2.4064359872525474	88.71047339081743	20.798101569983885	9.100906492904311
12.03031926687414	1.8317512857421214	80.5175036863585	22.22004903074468	9.100906492904311
7.2144899827822	1.9955168480776788	102.86738187401019	26.02398026338318	9.100906492904311
10.354543755733163	1.8622779516426693	80.62612097031764	21.169577703677206	9.100906492904311
8.94476828934665	1.3802115124284018	47.16897378923824	13.824201364132197	9.100906492904311
15.564254567715967	2.0354409179784643	145.14224613380074	34.95212622934496	9.100906492904311
6.7310172671406505	1.4877093353443906	34.33869872337605	11.463252560778365	9.100906492904311
7.158372170979062	1.2186713037255168	64.49854709568172	17.2710417943978	9.100906492904311
13.672962084251795	0.6752904388580115	65.1407025250721	17.624503826297808	9.100906492904311
13.25246982380607	0.5652125710832578	121.99419711388411	26.500885627889186	9.100906492904311
10.095693102932453	0.9436803726138205	59.8682705989357	14.023607140360635	9.100906492904311
16.647052136629355	1.1565683557099213	149.78404641313452	28.969737855775413	9.100906492904311
9.864407641415765	2.102576203460468	65.60388320476943	22.732804072144926	9.100906492904311
10.379093103869398	1.1565683557099213	59.89612015415222	16.55582369133878	9.100906492904311
14.034749644232503	0.5938479983771499	80.42287710287545	24.114452389619892	9.100906492904311
52.2097699019911	0.3486459854878518	547.8542978812247	96.41972570814974	9.100906492904311
35.769188777515666	1.2452472576955533	287.800122394412	63.3097110784693	9.100906492904311
9.591758959125038	0.5652125710832578	111.56332714227612	21.678962836648086	9.100906492904311
11.031268175777935	1.2452472576955533	36.14824606952917	5.428251271636263	9.100906492904311
21.16417153576791	1.117143133553425	91.3497944761141	28.58667271228314	9.100906492904311
123.00433217212202	1.1454776066332744	695.8952584833193	195.6596504681809	9.100906492904311
26.390799145861017	0.4683405017399425	267.6497636199161	49.35851121871908	9.100906492904311
4.928541959806166	0.4683405017399425	39.28111826207176	10.012893762350773	9.100906492904311
10.697045403590138	0.8421672967910132	79.69550023458056	18.462773031551126	9.100906492904311
53.74545906510854	0.6143984814746913	204.1952082509529	71.43792927230325	9.100906492904311
5.9075807332990475	0.6143984814746913	53.68614952366175	11.315624870068081	9.100906492904311
6.964060525747184	0.6143984814746913	37.42485144653008	7.989898057400663	9.100906492904311
10.062354734457843	0.32887655375160163	119.04572093213697	20.701208728185538	9.100906492904311
11.297491820191228	1.6789470001674411	48.60658408636978	14.231200977328745	9.100906492904311
7.9954366807773125	1.1748122654259308	104.29817716764919	18.826663089022695	9.100906492904311
4.7136800650699895	0.9847773727042948	31.30455813795215	7.987521402787102	9.100906492904311
23.09103574375899	1.4386347709018268	172.04759730734622	42.16183859083236	9.100906492904311
12.872430494039312	1.156568355709921	75.4303948512079	18.450042098612343	9.100906492904311
6.982480222229349	0.7586955257697883	86.66451020110556	15.282405216559761	9.100906492904311
9.212456745989298	1.1313221549446772	41.28158849590191	12.947933190966973	9.100906492904311
6.9974656568769875	0.8384030503687929	35.8009376811705	9.599758877057754	9.100906492904311
30.256785263188995	0.40695013186922574	238.88506171509277	46.4065672292893	9.100906492904311
21.516609950151548	0.9270374028515902	103.29071971403755	28.555983030859448	9.100906492904311
7.0765806211619715	1.0411621629693173	61.05907122267518	13.342072563315323	9.100906492904311
13.49563617893291	0.6658479301206754	114.14970529372629	26.893561366766352	9.100906492904311
16.72377262201168	0.7781242135417344	159.27057095576106	26.925772208947393	9.100906492904311
27.55818087052646	0.599949445340934	203.79044142648536	42.10556473696042	9.100906492904311
6.124131062510915	0.435089180387073	32.78915545353342	6.611501833851555	9.100906492904311
13.118954781556988	0.6725963441505612	61.226136724953484	16.26147342237731	9.100906492904311
66.28312614914964	2.2307951713874328	600.6497189418317	116.96382318308163	9.100906492904311
94.17947819395458	1.2902809370644293	639.6434739358249	131.62344142334678	9.100906492904311
3.32566960276238	1.496732561823654	80.86637120027119	19.782973171757167	9.100906492904311
36.57029435407241	1.3952047567599575	205.1954158824232	52.25461352099253	9.100906492904311
3.701842803318903	1.0650677811057696	47.55205818427846	13.460049766335448	9.100906492904311
9.445377924349938	1.2218139605575635	36.4302137453647	11.072578348697844	9.100906492904311
8.367558385779873	0.6143984814746913	43.47184925414129	16.08937259826414	9.100906492904311
16.54835038964743	1.7077010591783082	114.23981837179889	31.65825906134389	9.100906492904311
9.06658975658213	1.246904857326215	76.73741892021161	18.390850100075077	9.100906492904311
71.85466706582517	1.0406710634584324	592.5920054306953	104.51410812052654	9.100906492904311
6.539443419505432	0.6143984814746913	60.87859757428857	13.26987466983804	9.100906492904311
6.688016550096137	1.3972762883578997	32.58646010494948	10.637145835093499	9.100906492904311
33.35156356460528	0.5089821254778765	348.23646057524974	60.78345125851807	9.100906492904311
4.948291683915632	0.5226079566945117	28.655195063393478	4.035318432508386	9.100906492904311
34.109123537118606	1.2987685075777047	181.379645567946	45.97681755602348	9.100906492904311
13.594707309561645	0.6574010269049458	170.17013863484556	29.506726652957262	9.100906492904311
39.130059069028874	1.395185964717404	181.09126386070858	46.359660934255864	9.100906492904311
15.577732180281224	1.058068783521625	65.55362620396528	16.417335042419047	9.100906492904311
18.156743073378895	0.6143984814746913	76.69375059318102	22.222171719613083	9.100906492904311
13.132589647516143	1.0627111816492265	111.53359875289664	21.56786951426566	9.100906492904311
5.360378033172592	1.129243110253854	43.18841999281715	9.132944202082221	9.100906492904311
53.81067041451009	1.1560729338296538	328.7278828655813	69.96623318429528	9.100906492904311
10.809356242833372	0.8768310459940257	36.60660153732746	4.477530236462416	9.100906492904311
8.611155550197038	1.3591774008330038	30.618539697729407	4.772045327517773	9.100906492904311
6.548876099982381	0.5089821254778765	61.20307177337929	11.901783790727167	9.100906492904311
6.5023951978120165	1.2987685075777047	27.498978618149504	7.238891998904366	9.100906492904311
5.55203356808737	1.2987685075777047	66.94231290621802	12.163401571283519	9.100906492904311
7.654429148665282	1.1616130670895655	72.78191666552064	15.852980782319673	9.100906492904311
16.168358150204753	1.2987685075777047	144.23729975407238	34.589416777426045	9.100906492904311
47.22713314787941	1.1893878307452952	150.32037142125756	40.937981048916484	9.100906492904311
52.02663391829159	2.0712473798309796	144.12012770522003	33.32881902556407	9.100906492904311
5.915431702718505	0.6002509417687348	56.21563622991991	12.139253404463972	9.100906492904311
41.95500090408442	1.078582366606783	173.46396384962162	50.421604524599466	9.100906492904311
12.518663138937246	1.1893878307452952	72.78904245377501	17.058947072562454	9.100906492904311
5.171975329399234	0.6397601801455036	35.92086213998912	7.838057089534414	9.100906492904311
19.415411362244203	1.1640430669101431	86.53586227990999	24.08274677253918	9.100906492904311
31.148264016350407	0.6843552427354014	204.00838575498227	38.95945630359454	9.100906492904311
4.660247613097917	0.4217139659884303	57.279192019877414	11.622091216737976	9.100906492904311
9.633320453518788	0.953276233039706	41.28158849590191	12.237321384852901	9.100906492904311
29.711067700942422	1.174788840276312	181.00988559174183	52.674723069744516	9.100906492904311
23.671623121684764	0.7979703199616219	266.66019840818745	48.33346082997618	9.100906492904311
6.2323225087233585	0.3130365597919189	47.63068714581202	11.25359535888649	9.100906492904311
8.10513894950499	0.09270586452596774	61.483074186567876	17.322807239575525	9.100906492904311
10.858780310982855	0.8553952284809994	65.80943671336344	16.192508948381267	9.100906492904311
54.83658851647283	1.2987685075777047	287.8220847180386	69.3612878196569	9.100906492904311
15.382974021475533	1.0519282111567734	88.13633319225467	21.024721373825315	9.100906492904311
10.11140364449982	0.22934372222299793	60.25921702079267	14.361510284290233	9.100906492904311
4.153564022141464	0.7483264142934117	41.28158849590191	14.454619012011253	9.100906492904311
5.350739863077962	0.36597970045862943	30.46690732773734	7.762623206475618	9.100906492904311
5.383380957114871	0.5107425617154007	46.81788264031184	9.26142193580655	9.100906492904311
5.902536715773729	0.9743765841484604	33.12464293690562	8.569941766667197	9.100906492904311
10.799375145999695	1.0123358525154795	76.0673080826911	18.74443839328387	9.100906492904311
97.76253364680942	1.2205394369094573	300.77455161407477	92.16005880355155	9.100906492904311
45.794085380491815	0.2873166633377559	275.93047876631783	48.97494603467388	9.100906492904311
38.95604322375119	0.31585216268589245	269.48591239088375	57.183352355330825	9.100906492904311
25.394497974849504	1.0629643112132117	234.67239104528312	44.0970930127626	9.100906492904311
13.025517860722816	1.2209267008068898	60.32520889622454	17.37317502109457	9.100906492904311
38.38573556457088	0.22374107165184792	239.29445568954478	58.1552299579587	9.100906492904311
30.623005653764537	0.31585216268589245	132.01349855574455	39.22083535180989	9.100906492904311
5.866889474667878	0.31585216268589245	35.533045407708386	9.550943092190622	9.100906492904311
19.282760260623625	1.2467387380516564	215.35097185651532	37.858104368007034	9.100906492904311
11.840814903890902	1.9202234248187737	99.55057582032539	19.340107553801314	9.100906492904311
8.710140546678803	1.4621841827784636	44.646049690566024	12.078769226446479	9.100906492904311
8.40824661526825	1.2205394369094573	98.83387688775339	21.362415989736522	9.100906492904311
14.544240683821398	1.2987685075777047	36.4302137453647	5.807750538716599	9.100906492904311
9.821860702621974	1.158525840856052	63.447581242790676	15.926908615812446	9.100906492904311
18.948754925460527	1.6049957937146444	149.52600251233966	34.480142511833876	9.100906492904311
15.02188402915682	1.9219881882902297	80.98887427571898	26.331978743841784	9.100906492904311
13.032743680134189	2.675892526464969	36.09360310470059	7.006992212295145	9.100906492904311
25.116884569488445	1.6049957937146444	230.66217023718016	43.789077249489374	9.100906492904311
79.328948370511	1.079253374400327	456.7963881834559	128.2549904576606	9.100906492904311
10.742695537899026	1.2390569159865346	129.35297220558942	24.186671289406302	9.100906492904311
11.791877905779009	1.7361977229496606	36.358060053650505	9.33778602132624	9.100906492904311
11.913700976568292	1.7255564794895204	41.32770345125052	12.962550819058336	9.100906492904311
7.914498258916201	1.661174305929945	159.32706068784788	30.711608381199518	9.100906492904311
12.045882830051092	1.1010200179568856	41.32770345125052	13.73656907957123	9.100906492904311
6.30104847271584	1.612901233519553	80.6721379095214	20.44107527352577	9.100906492904311
25.457844238567002	2.3873496984340963	372.03434870787765	67.72195036703566	9.100906492904311
7.115588927852003	1.7912048094712634	97.82346311291263	24.643849770873146	9.100906492904311
7.254566523838387	5.515515760169266	77.00500548779675	26.552989986702634	9.100906492904311
13.618379621332922	1.7559145269681506	41.32770345125052	9.796560504788136	9.100906492904311
14.907506948288034	1.9789673533839067	42.432913166811694	12.067487793883833	9.100906492904311
11.656160088082142	1.4284687107985679	41.32770345125052	12.41973043734222	9.100906492904311
5.7078546971467885	1.862899088556978	158.09555814210876	30.63098273792108	9.100906492904311
7.51315888987726	1.0428418285705456	47.81710607453491	17.381508496949927	9.100906492904311
9.196898354186377	1.3448245639006131	183.67967158859946	34.99840893113353	9.100906492904311
25.596864712713337	1.7368093892918472	192.38617595955253	44.76661590067726	9.100906492904311
13.474650230329642	2.211943354868517	41.32770345125052	13.038322466786886	9.100906492904311
5.441124246063895	0.7700963370767491	102.70902730805021	21.212972530691445	9.100906492904311
10.459429165397314	1.1654949131883408	125.49284003449004	26.10209471698234	9.100906492904311
9.191264415163047	1.6216527232508435	104.54457326456962	25.298264645005087	9.100906492904311
21.321989130944033	3.6114107896822674	260.06418360290655	48.87731401921114	9.100906492904311
36.81724642120656	0.5795659138183396	464.85946876097773	84.0534773797956	9.100906492904311
3.8474050874143804	1.3342517426666551	43.17249523965319	15.398707284653884	9.100906492904311
8.483719174097972	2.128729567792312	199.81990237797947	37.01357095631789	9.100906492904311
39.766078189024725	1.3577809925345443	298.05625503808085	66.9144402294411	9.100906492904311
45.277258172964984	1.6737801369396827	373.9263337648183	80.5633548975153	9.100906492904311
25.931242229145784	1.6942785233938928	381.75307725519394	69.23433360352823	9.100906492904311
16.10874075785381	5.571480870160302	41.32770345125052	9.615403053559636	9.100906492904311
28.754789767976057	1.6942785233938928	372.82960105704325	66.99418374963851	9.100906492904311
10.13805308177286	2.257210320177824	39.50372212619296	11.234896952989905	9.100906492904311
11.57658148085476	1.7332534765676622	41.32770345125052	10.75612566985988	9.100906492904311
6.8618689108519835	1.284962654672655	34.17793608305705	8.837639444390636	9.100906492904311
3.994178489714296	0.474230928564136	123.59816912464788	24.07244707293619	9.100906492904311
25.731986714708487	1.5188215676553896	199.43779755555215	49.82353223376128	9.100906492904311
5.858030404409362	2.2640271960163187	77.18013942205215	17.49382690976843	9.100906492904311
6.190041466405748	3.34554089029838	48.83254862494697	14.647474534289705	9.100906492904311
5.158930660109914	1.5093809116858854	66.0975844346623	18.194314361877318	9.100906492904311
5.9054041416706555	1.8337354994186021	64.66030448999348	15.71870429000235	9.100906492904311
12.272248577257674	1.4458248986500735	35.24035067070613	9.686944452207559	9.100906492904311
10.383285180989477	1.0446849420381907	34.149131744321	9.682896064088757	9.100906492904311
12.463994279719628	1.0457740169072411	35.17058038994918	9.188877575929258	9.100906492904311
4.999074596585672	1.4089252971095565	47.66738920506644	15.283674095651307	9.100906492904311
9.058700966170552	1.164583418256152	35.85062027360237	11.209586728770812	9.100906492904311
7.125344184470263	0.6217197467549895	44.30765480657135	14.386721137591419	9.100906492904311
11.76420354418336	1.3271935409579998	88.23892201460511	30.50647991559081	9.100906492904311
4.51384795514974	1.2428359108899112	42.779419559389396	15.686156242254725	9.100906492904311
40.884377149938096	6.034631692728261	438.1758153082574	79.91152503483445	9.100906492904311
3.946214027938348	1.0057341054420255	59.998037200557945	16.87303067200675	9.100906492904311
6.487390352194586	0.3595469398556399	47.484299997875375	16.713942093638213	9.100906492904311
14.77230684825535	1.621570588500225	41.402777451455115	7.252843857601496	9.100906492904311
6.817451745284713	2.3237259699114428	43.20029062753619	15.101172056603968	9.100906492904311
4.068223864890963	2.2318671595897817	97.42440791854968	21.21886493283306	9.100906492904311
10.476148652832823	1.9057902405008968	41.32770345125052	11.042539223518219	9.100906492904311
9.547471125263705	1.3402045856139424	80.59626613604964	31.040019047524897	9.100906492904311
8.067898616441951	1.621570588500225	59.76692969670408	14.333006046232285	9.100906492904311
9.788967269845234	1.782062421876582	34.20103389205786	10.429182656067415	9.100906492904311
13.199695311023143	2.1616368931543297	66.38307118429096	22.938904645995176	9.100906492904311
47.2726892198135	2.1616368931543297	540.6741394810675	96.61873366285849	9.100906492904311
28.992409305664125	1.0795558894265782	179.40943525619824	41.96947230891801	9.100906492904311
5.100465352908385	0.14485313470204775	48.944293908749415	13.838761973881532	9.100906492904311
5.083576406934392	0.2814550580830568	56.427705519628745	16.614548824692484	9.100906492904311
12.267007935118672	1.731308120894332	41.28158849590191	9.94010189179205	9.100906492904311
10.955005837112065	1.5881078868899121	41.28158849590191	11.161412491937455	9.100906492904311
213.65430768771117	2.272972761687965	799.9716486291537	282.7538489835489	9.100906492904311
20.58438368131024	1.4391854267065267	215.34696983907736	48.63229041648479	9.100906492904311
24.07548993740558	1.486613947804076	148.80998857111672	45.17250664474867	9.100906492904311
21.12080012332976	2.0762773149372107	157.6973588742961	41.93014428854571	9.100906492904311
51.823982571277405	0.08578363987652456	426.98871563034214	80.26505195708852	9.100906492904311
5.700303688524003	1.9825268924392718	65.22289218607258	23.8485535633338	9.100906492904311
4.878994651631925	2.102494201313293	48.50570779417417	15.240920392334072	9.100906492904311
4.255059832582214	1.918484433598054	54.32589192451335	17.36689118773373	9.100906492904311
9.762630082593663	2.0787326500539205	205.34599599342334	37.696182937500964	9.100906492904311
10.194127612597633	0.4202576376559019	46.711211499536994	10.399823457140233	9.100906492904311
6.817849551411324	4.32086166575201	80.38286885115937	19.05273462600621	9.100906492904311
12.516462183402615	2.274549884687152	35.59396735279571	8.9553621628685	9.100906492904311
4.238869370246452	2.034422739519117	43.803284746097894	16.02259864254723	9.100906492904311
4.879187490313357	2.3463564473219707	57.562240387562404	18.475831638089062	9.100906492904311
40.78905625707962	1.7787985356476093	234.35557994342415	60.74884994246561	9.100906492904311
7.368870481744463	1.082149604232572	46.54708488774155	13.257621135004626	9.100906492904311
22.249093891155916	1.5213758940237883	192.29507928093005	42.22574743691018	9.100906492904311
80.22430102091307	4.196145874292285	600.607661842186	111.0859496708983	9.100906492904311
17.107565857053896	1.7794527489511431	143.27662814516881	41.918983153705966	9.100906492904311
4.782094656198863	1.5301949609168708	60.50106207584376	18.420836962569396	9.100906492904311
5.893742365163817	1.0344086060546394	53.50242409947242	13.381334268727196	9.100906492904311
8.17185941656706	1.8114670202405139	121.98500029329186	26.883220562103837	9.100906492904311
35.9599036203551	2.110181880738195	261.85565202154925	49.15302087328349	9.100906492904311
6.47045310456227	2.922872604025585	46.690753903785065	14.29393137865124	9.100906492904311
13.466296032448279	1.275767811170677	80.53660332877355	25.559539561153585	9.100906492904311
7.822965466539119	2.2975719828241243	60.10889673820887	25.52351157893657	9.100906492904311
6.035621198300128	1.941571192669476	79.70166671799755	24.44861251482495	9.100906492904311
11.644180313077266	0.5836382741259851	41.32770345125052	10.975002219068456	9.100906492904311
5.4048204560377515	1.3462563363770823	98.81989410055785	24.133836165685953	9.100906492904311
6.185275055743292	1.349447612022148	43.20823875869246	14.178078973312662	9.100906492904311
12.44836363175305	1.9174983353501174	197.96034877506128	38.80975626066579	9.100906492904311
12.665357213851816	2.42814816180258	88.38968254459064	31.218882307630402	9.100906492904311
6.328779998345979	5.188512810075326	61.471017818118085	20.01372185703636	9.100906492904311
30.92817295588493	1.1167021066669862	234.1920582505678	58.14259789617571	9.100906492904311
3.9782094768997918	3.2297965525640997	44.98061320230744	15.608675471042753	9.100906492904311
9.943864149608478	1.5031754929398775	80.99999674415574	28.583168798527105	9.100906492904311
32.71640069505751	7.342347047780078	157.38467622203487	50.736988300583754	9.100906492904311
2.1791633303249083	1.3353424371308025	34.629063689682475	13.012362814574143	9.100906492904311
6.518821287273801	1.5932742877536707	38.07626628312398	12.543332984071416	9.100906492904311
4.283779766938488	1.9751877517869103	59.82782008253105	18.973498605522856	9.100906492904311
5.3058994456518205	1.1019770363536576	43.29605080562652	13.554026476197544	9.100906492904311
8.722378868103355	5.187075316577681	59.22350370407421	13.603952632755199	9.100906492904311
3.967152867523871	0.8155657249926055	66.41212748439472	17.45835618439022	9.100906492904311
7.826074955278282	1.5651473535596727	112.17291811786238	25.931126671666313	9.100906492904311
27.81268577942407	1.5707821184332347	171.80806784455729	46.61477137259461	9.100906492904311
10.628329746514428	0.4912477820456595	86.52262544705009	18.02191252207181	9.100906492904311
11.598231529750532	0.9289849252958663	61.39939724954975	23.481247529712057	9.100906492904311
13.527364489573282	0.6077125249100371	122.74395908121076	30.1011608381383	9.100906492904311
6.112732458317033	1.0015686188744757	64.8699937509743	19.44373014318017	9.100906492904311
6.488560076242773	2.416032553609713	46.95208498389079	16.28951064805174	9.100906492904311
22.649757631604277	1.1019770363536576	122.35803181598642	30.20597974271527	9.100906492904311
4.65804145178818	1.2926637672211414	60.82318063879607	18.89128299935593	9.100906492904311
13.498095699202887	1.6536003997939093	34.149131744321	6.416080494694283	9.100906492904311
20.947475476138724	1.4947026493349174	143.39807767102096	43.34784838691628	9.100906492904311
6.046089289625052	1.9934394424267008	86.67405329481477	22.49477125874365	9.100906492904311
4.7480047987587835	1.5584048312940186	48.233248924026	19.23898078018619	9.100906492904311
3.2774276676703535	1.2908199854629765	98.35758509223167	21.3489415123703	9.100906492904311
16.979891328198892	1.7714177363104548	157.37448920582318	32.02518814598618	9.100906492904311
5.610589028498329	0.6954926786954687	53.759270758044345	17.073044228303644	9.100906492904311
6.429585989064846	1.7097963136796355	43.83284272129258	13.117127387049853	9.100906492904311
4.119506469056937	1.3923026642480834	80.56740706904091	18.688981610103458	9.100906492904311
8.1334746647709	0.8501404732376018	34.149131744321	10.004697691945417	9.100906492904311
4.714116721805754	1.0892732580880204	46.63973048391243	14.20470242217517	9.100906492904311
2.930800565476812	1.399290380670174	59.88853670556861	14.445883724212049	9.100906492904311
16.15187963551729	1.1019770363536576	123.05344299316066	25.834775472445777	9.100906492904311
26.020581862104237	1.141738303131686	250.12111265259236	48.06690266124681	9.100906492904311
8.565899906378252	1.1693405690128242	48.674160740494266	12.383832439215537	9.100906492904311
7.027476614943236	1.4209301538443806	81.01246553944408	23.417616677210088	9.100906492904311
7.278653771965929	1.5610902819839645	59.879795500419725	15.556990673372066	9.100906492904311
9.094552363328507	1.0808470203574236	34.149131744321	11.928350207984597	9.100906492904311
10.839931838329994	1.0418411666450806	34.149131744321	9.269641640445036	9.100906492904311
4.493621486711706	1.1019770363536576	60.73204458896265	20.50981807324026	9.100906492904311
17.058623498986353	1.4855034580612556	95.03296674335805	30.731555462950098	9.100906492904311
9.216171991640394	1.2328891928530565	34.149131744321	8.16365383531172	9.100906492904311
6.669859344339717	1.1244618765985754	61.79133758220991	21.549098211471193	9.100906492904311
9.143492994036688	2.0286485461844173	104.7009801621964	25.502009663417148	9.100906492904311
8.847812961128376	1.0892732580880204	52.95299189176891	13.026506748051029	9.100906492904311
9.13571638424984	0.46776183917687564	34.149131744321	9.02098487273776	9.100906492904311
52.068828341034695	1.6396693867717844	418.066784026459	74.2984725978444	9.100906492904311
14.202270730040356	1.4171135639470376	174.49311321972735	32.220548107283896	9.100906492904311
5.10113865984938	0.24286879375584228	86.96067734448957	23.632044986697956	9.100906492904311
3.4154022368348937	1.3890286309215316	66.38036098381735	16.86677498244089	9.100906492904311
29.375530909936028	1.820826261904075	328.5597399464841	58.599655842744404	9.100906492904311
11.982683726336527	1.998612515456253	34.273778404195745	9.071335792159527	9.100906492904311
14.518332635800212	1.1019770363536576	140.42201754798668	34.07380949222545	9.100906492904311
6.720798139206013	1.0183619103269899	77.2129819396746	18.5141637554798	9.100906492904311
4.914569576988318	1.697077262796443	54.189327427049776	13.948814062190314	9.100906492904311
11.458009694960749	2.213098254005612	34.149131744321	8.835907398037396	9.100906492904311
13.88202176409111	1.0158405139592972	174.2528334414538	32.078688711607384	9.100906492904311
15.998479838578742	1.465886737257057	173.20874414610162	35.49006624965186	9.100906492904311
6.1374354808675085	2.2318066510207255	33.97714380427993	10.286976525808058	9.100906492904311
3.2303574531375028	1.004715109907133	37.426804214190774	13.957618550062264	9.100906492904311
10.037368677122208	1.0892732580880204	34.149131744321	9.469335977347777	9.100906492904311
7.065067682594452	0.6657190597845026	34.85527925098669	9.238772530055119	9.100906492904311
4.404715104595522	1.032903012827803	35.85840838023535	10.526099830856262	9.100906492904311
38.93752505262698	1.0931728184373772	497.7621885791474	89.36982503508747	9.100906492904311
3.2918873148585677	1.0931728184373772	72.86168080585472	19.28559259200268	9.100906492904311
9.99110071332416	1.4609076658118763	157.6071695496728	32.07462233124481	9.100906492904311
10.393598759438522	1.0931728184373772	172.6695080147526	32.40439224424842	9.100906492904311
7.106587248865247	1.0931728184373772	112.13130444334398	26.08844298885773	9.100906492904311
4.424760061275453	1.0931728184373772	58.41155376085807	14.241577899322872	9.100906492904311
2.1325704407074864	0.46838112712434565	60.64091731031957	13.700630099367288	9.100906492904311
65.66401577249081	1.6547596265758002	746.7342001594689	133.71345495117828	9.100906492904311
63.93667056821493	1.311646558065149	267.39643018595376	90.175126495142	9.100906492904311
3.413533248044428	1.0931728184373772	66.63236675778973	16.92740693117704	9.100906492904311
9.903934324912246	1.0931728184373772	40.37361175314839	11.223154409950771	9.100906492904311
5.812962244660915	1.0892732580880204	34.149131744321	10.902059435383011	9.100906492904311
62.891234596082825	0.3381618670207318	647.0447425861444	114.571474461857	9.100906492904311
9.299321469792506	1.1595161423023497	144.64967065178087	30.718163679863657	9.100906492904311
13.616715346663995	0.7098324899372711	172.89945855782898	32.34655306327992	9.100906492904311
9.847841821830247	0.8738680809131372	34.149131744321	8.793022073084785	9.100906492904311
22.924268137198343	1.1815832836708182	237.87830214171396	45.4742496821298	9.100906492904311
4.8313332154523865	1.0835049360237654	88.54868737776312	17.878822712450233	9.100906492904311
7.1959394947809505	0.8518772002766166	149.9531402073152	28.05243025907573	9.100906492904311
7.419275204834282	0.4353220275717748	34.23145453311989	9.458601566339754	9.100906492904311
6.135836938157555	1.0931728184373772	59.673341086004854	14.629923161079395	9.100906492904311
8.778565232501307	1.0931728184373772	34.149131744321	8.676114643096877	9.100906492904311
5.221167195121042	1.697077262796443	43.90403988681281	16.015950411434304	9.100906492904311
3.623328675912565	1.0931728184373772	39.082376383059255	13.596910681998793	9.100906492904311
8.459768706898544	1.0931728184373772	99.46824646059049	26.251591403275842	9.100906492904311
4.69366848254711	1.0670181735376236	77.42314087389029	21.606597681149353	9.100906492904311
7.258561533907232	1.0931728184373772	35.531128204505116	11.481894073272588	9.100906492904311
16.36393728138808	1.0931728184373772	250.38080718036568	45.26051099471998	9.100906492904311
6.312802247469782	1.0931728184373772	122.38751976524881	26.818567700535546	9.100906492904311
25.460478106173916	1.0931728184373772	316.68390587993537	56.05297317422088	9.100906492904311
3.4833449702229284	1.0015686188744757	47.27395383290497	12.082664448058276	9.100906492904311
8.699684299419221	1.0931728184373772	102.86420440012212	26.3135917029454	9.100906492904311
10.458863271529593	1.2100351803189708	33.97714380427993	7.28859089942379	9.100906492904311
6.969550883014977	1.0931728184373772	43.22439315648795	12.394575765938317	9.100906492904311
2.8049852653173	1.5226358838559009	66.21975853883117	19.552087808382947	9.100906492904311
17.13826782191377	1.0931728184373772	122.23272162711704	30.151635152609924	9.100906492904311
2.9024326655832806	1.0931728184373772	47.99493364878514	15.84291882435827	9.100906492904311
13.544265552636164	1.0931728184373772	171.7515014807683	37.003666288610454	9.100906492904311
9.85364516242404	1.0931728184373772	121.91654538094582	29.860974966437926	9.100906492904311
9.475522336481369	1.0931728184373772	104.61462629725912	25.543645714373998	9.100906492904311
9.811553010865419	1.0931728184373772	34.149131744321	9.674809159413938	9.100906492904311
11.22920563137468	0.6077125249100371	146.44761031643725	29.75661620807299	9.100906492904311
28.362485856866165	1.0931728184373772	267.67067602758215	53.71263610505201	9.100906492904311
5.319444456934835	1.0931728184373772	47.48267088917318	15.540406484078122	9.100906492904311
8.479206780176195	1.1048449483400695	33.97714380427993	8.068666559896354	9.100906492904311
5.482598061052482	0.9575682935889163	62.98867705285809	16.434678955515814	9.100906492904311
5.684260197891811	1.461437453248656	129.40196532734797	28.426253432317356	9.100906492904311
23.584915080972	1.075675922072409	143.55502460074706	45.19470273988979	9.100906492904311
12.809409839647142	1.5031754929398775	238.03305942629143	43.56706182833898	9.100906492904311
4.405541479519044	1.5045991217263712	46.11197754004989	15.76535158009647	9.100906492904311
3.4573461772376834	1.2233796487568254	44.24536495937889	13.737867412736197	9.100906492904311
4.120682680871241	1.0892732580880204	118.40954020536614	22.969489072939485	9.100906492904311
30.050085127744595	1.0890463489707534	189.80470359552993	58.63476043666979	9.100906492904311
5.194022427515822	1.259636016481957	62.52423885128715	21.153814320034847	9.100906492904311
5.140540582040702	1.116922828405049	47.79684856202096	15.1893863424285	9.100906492904311
6.565368604005775	1.037678853929451	48.779179654711704	16.27190837520445	9.100906492904311
4.491202939505392	1.0931728184373772	47.12457201431268	14.803116688758573	9.100906492904311
14.091433860354423	1.2233796487568254	226.1449343419922	40.84543737958579	9.100906492904311
8.680099000529049	0.6348288486718124	34.20103389205786	8.214161714339195	9.100906492904311
6.919883504235604	1.030345735983019	67.91885448397645	17.00652850131588	9.100906492904311
6.916339264244987	1.0279488421310923	61.00161567298241	16.725681406203933	9.100906492904311
6.812023954638492	1.075675922072409	47.93078485584255	10.784595583206778	9.100906492904311
11.164277968961198	0.10000903354472092	34.20103389205786	7.46581186950892	9.100906492904311
10.248324655105268	1.5747419875286528	34.149131744321	9.352564422516274	9.100906492904311
3.9058446499311463	0.4205878534079773	34.17793608305705	10.891768259408952	9.100906492904311
39.803873099525404	2.353585869716154	331.2896697601269	74.85032368964444	9.100906492904311
7.129416418408062	0.1276807893132808	103.15617216208109	27.54883658844933	9.100906492904311
9.586253102159361	1.3402442144585949	79.69614757116109	15.92884993581205	9.100906492904311
12.25267108570254	1.17288599930744	41.32770345125052	9.194670961023473	9.100906492904311
5.444171717116845	1.0931728184373772	124.00330910382746	25.310040171112366	9.100906492904311
17.461942771376428	1.434546602934838	143.93936734478055	34.69078756830399	9.100906492904311
3.6845080862460895	1.1019770363536576	65.51011829802891	16.022220489729555	9.100906492904311
55.44602676521197	0.446744593676464	556.6035515980313	97.90826073792451	9.100906492904311
7.275794872771092	0.15652143062509935	41.28158849590191	12.153069349868304	9.100906492904311
4.444787183196511	0.9039186101906997	46.55855235448021	13.515964630328108	9.100906492904311
12.922018045574617	1.2233796487568254	80.52510624680419	24.202540645040052	9.100906492904311
3.9004698543685876	1.253483796478506	80.55922198854738	18.97603372109417	9.100906492904311
7.783820779786285	1.401567842279168	34.20103389205786	12.607922638168251	9.100906492904311
3.639150455424073	1.0410715789409744	77.42851750187272	21.583686402525004	9.100906492904311
7.290367853892257	1.2390828039973374	32.67253514486569	7.120207023781387	9.100906492904311
5.0147913123020444	1.3402442144585949	87.29219393602709	20.673932722692694	9.100906492904311
5.421407411634384	2.3341103753179486	65.71335474481295	23.097346329939565	9.100906492904311
6.590686933552349	0.707177366069668	74.3849501881287	15.453792377472457	9.100906492904311
5.677416487747172	1.5209331701677402	46.412101388906976	11.965785054596182	9.100906492904311
5.765777886956304	1.1719763688597593	60.398123969958355	16.695617851240755	9.100906492904311
5.484331105129466	1.3429889831143063	88.0716088139781	22.198756662524257	9.100906492904311
22.66815602893819	0.6767430235790236	263.10569060537057	47.87604591689751	9.100906492904311
10.194881790341594	1.1019770363536576	41.28158849590191	10.912001402034358	9.100906492904311
11.248205174428199	0.9813394184575253	34.624102099803366	8.396653304605609	9.100906492904311
8.594440568607702	1.6189152829169464	47.63589493062431	11.815345973252096	9.100906492904311
3.7748015265413506	0.45253040986780435	55.38423891241836	16.28474112924764	9.100906492904311
24.313536321221026	1.0931728184373772	105.33062172507076	41.181785523468704	9.100906492904311
6.522055892080816	0.5285987560333045	114.59518793569646	23.69659716961642	9.100906492904311
2.3989394089755134	1.5314129119104516	46.75749423258039	15.226704313937756	9.100906492904311
7.589128889991752	0.8514613463358452	77.51027848092943	20.093755403495365	9.100906492904311
14.084326297788591	1.1842098682150133	213.34678909822716	38.372932656488004	9.100906492904311
11.449747197678821	0.8858739367811213	123.08203940561128	29.321436005186115	9.100906492904311
8.998834343141073	1.090515246871217	37.61867199400522	10.846063548721736	9.100906492904311
4.067883051251969	0.91130602050846	88.07563802980323	17.380248183144396	9.100906492904311
5.869187454068604	0.48901833277385937	65.71979144565783	18.023766597925718	9.100906492904311
7.9905628493184055	1.425861321237786	143.4577792827377	27.570946500792797	9.100906492904311
13.890634682616609	1.5230011336275036	150.4290690655293	32.08100702855864	9.100906492904311
19.063721528487193	1.3537622356880743	205.2065904063451	37.008320278324824	9.100906492904311
4.133483333315825	1.4377831474994702	52.48283138698061	16.97028247936787	9.100906492904311
16.810450084388144	1.2233796487568254	129.28165564713834	36.36206927135108	9.100906492904311
10.070723053667848	1.105058820825752	146.5713574461599	27.53878303685998	9.100906492904311
5.865533340678167	1.5958550425558748	61.02251919058978	17.87657123168865	9.100906492904311
6.2662196102710785	1.3402442144585949	37.60801632882757	10.756315884094725	9.100906492904311
7.504249633511776	1.1177420950286143	89.04250229032274	23.348000387408327	9.100906492904311
24.089673846733355	0.6936389458034601	203.67383515361857	41.9938734226164	9.100906492904311
24.98074026743766	1.4209035702727362	231.86367389540376	43.70397908654228	9.100906492904311
8.739802354816517	1.0486030880301513	34.149131744321	9.185622112252267	9.100906492904311
11.360898995811025	1.5282310216123258	87.80112200010987	24.026755537508073	9.100906492904311
2.4337459090533815	1.178496488856531	59.91154484923491	16.280237576899566	9.100906492904311
24.69374763827662	1.0186262424715922	150.1468276308536	31.793683800406075	9.100906492904311
3.452481731270163	1.5223515366458313	65.61191328673358	15.346553059552354	9.100906492904311
3.852663108369543	1.2233796487568254	49.633994361829295	16.08300781907496	9.100906492904311
3.0666475030489524	1.3402442144585949	43.98506218305479	15.897222811338276	9.100906492904311
7.444087724719896	1.0074319574407349	88.10780463892088	22.263590059240293	9.100906492904311
2.3849943770509117	1.0931728184373772	42.97734240356819	12.06469409619083	9.100906492904311
5.157502083750719	1.075675922072409	37.28169002233166	10.692199860554451	9.100906492904311
24.55367227351177	1.0377192381260893	88.26339270891827	25.240460666650222	9.100906492904311
6.436390116206518	1.0458851001838951	34.20103389205786	12.535049819826416	9.100906492904311
13.69503770400051	1.369280098893461	103.34794153798865	31.55656966028248	9.100906492904311
6.322031975454212	1.1983998288236022	103.94970219711406	21.01025748249335	9.100906492904311
