mean_dist	min_dist	max_dist	agent_within_SS	expert_within_SS
527.3051645346129	429.5046166080279	610.226171189344	36.07347767098732	9.775313381401139
429.98202297378475	342.3338836473609	518.096292174374	32.2072058153394	9.775313381401139
406.86233611684804	335.0323542055271	475.36995239222756	31.886791346351107	9.775313381401139
327.92715250939324	263.56676347337395	397.19534746238077	29.408895762079624	9.775313381401139
288.79338494095987	222.08850334425267	343.07708247993247	26.20203228181965	9.775313381401139
267.42541753605394	202.63468435045652	344.3427536321506	25.769559609123792	9.775313381401139
287.4252954452915	222.1544136716596	381.24791146977515	34.99375465653193	9.775313381401139
260.0713589364512	191.89072282459367	308.09732026009965	20.399498252355805	9.775313381401139
255.59788321416687	191.51604932216924	344.16285000398676	29.705393654256046	9.775313381401139
256.4715944539686	163.7720361782549	342.85865160390927	33.352352082059866	9.775313381401139
319.06905353144913	255.2178226982536	419.4959127463911	34.850679974684475	9.775313381401139
319.8461433822014	129.53019915879528	511.10657716955933	80.14449102402982	9.775313381401139
312.24939801620127	121.81577505228782	510.9905113685315	92.72678099547024	9.775313381401139
207.80892420736015	86.62625193155965	426.73764888615153	143.7989568503649	9.775313381401139
276.1670149697247	262.2625609272914	612.7371375328294	317.15076741396115	9.775313381401139
492.87269397024215	389.40341599845675	570.9042818235638	41.127568459316194	9.775313381401139
447.38873163131495	380.7727029480931	562.8434574886262	38.61030189025139	9.775313381401139
292.83642989120096	296.86545242894783	361.2757376134209	94.17987800856746	9.775313381401139
404.31657936913183	334.9110116255673	526.5262417752591	44.1541878881116	9.775313381401139
303.17753708819043	231.65625498199736	388.1459134218934	30.512894402061097	9.775313381401139
281.88047506431565	191.72707318454246	381.2450975152694	35.78290596566728	9.775313381401139
253.95531818424678	176.29952866514398	351.6695267004635	36.001397598696926	9.775313381401139
250.3986001464505	155.8827059818337	342.82115371844714	45.410457788412366	9.775313381401139
335.58975791176323	41.20572233411339	1811.1055295963008	455.61518077591256	9.775313381401139
615.2425507397465	30.50409888398107	4080.7436170972937	864.7050524242644	9.775313381401139
182.30734817493078	17.258378151436304	397.15947066303124	173.27594059584982	9.775313381401139
1381.1821003694558	6.4944567246512435	4080.7258506888584	1757.9015402263044	9.775313381401139
4078.0601205234784	4073.102613224115	4080.7436170972937	0.0	9.775313381401139
4078.0601205234784	4073.102613224115	4080.7436170972937	0.0	9.775313381401139
4078.0601205234784	4073.102613224115	4080.7436170972937	0.0	9.775313381401139
4078.0601205234784	4073.102613224115	4080.7436170972937	0.0	9.775313381401139
4078.0601205234784	4073.102613224115	4080.7436170972937	0.0	9.775313381401139
4078.0601205234784	4073.102613224115	4080.7436170972937	0.0	9.775313381401139
4078.058072245167	4073.082603858301	4080.7436170972937	0.3117691453623979	9.775313381401139
4078.0601205234784	4073.102613224115	4080.7436170972937	0.0	9.775313381401139
244.56190402094072	45.65316700290441	342.93780889858465	65.07127694553206	9.775313381401139
1227.9862591808042	8.731781573879033	4080.7436170972937	1720.4759386140322	9.775313381401139
4078.0601205234784	4073.102613224115	4080.7436170972937	0.0	9.775313381401139
4078.0601205234784	4073.102613224115	4080.7436170972937	0.0	9.775313381401139
4078.0601205234784	4073.102613224115	4080.7436170972937	0.0	9.775313381401139
4078.0601205234784	4073.102613224115	4080.7436170972937	0.0	9.775313381401139
4078.0601205234784	4073.102613224115	4080.7436170972937	0.0	9.775313381401139
4078.0601205234784	4073.102613224115	4080.7436170972937	0.0	9.775313381401139
4078.0601205234784	4073.102613224115	4080.7436170972937	0.0	9.775313381401139
4078.058072245167	4073.082603858301	4080.7436170972937	0.3117691453623979	9.775313381401139
4078.0601205234784	4073.102613224115	4080.7436170972937	0.0	9.775313381401139
3668.6427999977873	41.3321883553083	4080.7436170972937	737.0116357281546	9.775313381401139
4078.0601205234784	4073.102613224115	4080.7436170972937	0.0	9.775313381401139
4078.058072245167	4073.082603858301	4080.7436170972937	0.3117691453623979	9.775313381401139
4078.0601205234784	4073.102613224115	4080.7436170972937	0.0	9.775313381401139
4078.0601205234784	4073.102613224115	4080.7436170972937	0.0	9.775313381401139
4078.058072245167	4073.082603858301	4080.7436170972937	0.3117691453623979	9.775313381401139
3670.2965495411117	38.54423998749997	4080.7436170972937	734.0433954473034	9.775313381401139
1631.613680789062	22.59525332913557	4080.7436170972937	1968.2703337250812	9.775313381401139
4078.0601205234784	4073.102613224115	4080.7436170972937	0.0	9.775313381401139
4078.0601205234784	4073.102613224115	4080.7436170972937	0.0	9.775313381401139
4078.0601205234784	4073.102613224115	4080.7436170972937	0.0	9.775313381401139
4078.0601205234784	4073.102613224115	4080.7436170972937	0.0	9.775313381401139
4078.0601205234784	4073.102613224115	4080.7436170972937	0.0	9.775313381401139
4078.0601205234784	4073.102613224115	4080.7436170972937	0.0	9.775313381401139
4078.058072245167	4073.082603858301	4080.7436170972937	0.3117691453623979	9.775313381401139
4078.0601205234784	4073.102613224115	4080.7436170972937	0.0	9.775313381401139
4078.0601205234784	4073.102613224115	4080.7436170972937	0.0	9.775313381401139
4078.0601205234784	4073.102613224115	4080.7436170972937	0.0	9.775313381401139
4078.0601205234784	4073.102613224115	4080.7436170972937	0.0	9.775313381401139
4078.0601205234784	4073.102613224115	4080.7436170972937	0.0	9.775313381401139
4078.0601205234784	4073.102613224115	4080.7436170972937	0.0	9.775313381401139
4078.0601205234784	4073.102613224115	4080.7436170972937	0.0	9.775313381401139
4078.056031322273	4073.082603858301	4080.7436170972937	0.5542562584220407	9.775313381401139
4078.058072245167	4073.082603858301	4080.7436170972937	0.3117691453623979	9.775313381401139
4078.058072245167	4073.082603858301	4080.7436170972937	0.3117691453623979	9.775313381401139
4078.0601205234784	4073.102613224115	4080.7436170972937	0.0	9.775313381401139
4078.0601205234784	4073.102613224115	4080.7436170972937	0.0	9.775313381401139
4078.058072245167	4073.082603858301	4080.7436170972937	0.3117691453623979	9.775313381401139
4078.0601205234784	4073.102613224115	4080.7436170972937	0.0	9.775313381401139
4078.0601205234784	4073.102613224115	4080.7436170972937	0.0	9.775313381401139
4078.0601205234784	4073.102613224115	4080.7436170972937	0.0	9.775313381401139
4078.0601205234784	4073.102613224115	4080.7436170972937	0.0	9.775313381401139
4078.0601205234784	4073.102613224115	4080.7436170972937	0.0	9.775313381401139
4078.0601205234784	4073.102613224115	4080.7436170972937	0.0	9.775313381401139
4078.058072245167	4073.082603858301	4080.7436170972937	0.3117691453623979	9.775313381401139
4078.0601205234784	4073.102613224115	4080.7436170972937	0.0	9.775313381401139
4078.0601205234784	4073.102613224115	4080.7436170972937	0.0	9.775313381401139
4078.0601205234784	4073.102613224115	4080.7436170972937	0.0	9.775313381401139
4078.0601205234784	4073.102613224115	4080.7436170972937	0.0	9.775313381401139
4078.0601205234784	4073.102613224115	4080.7436170972937	0.0	9.775313381401139
4078.0601205234784	4073.102613224115	4080.7436170972937	0.0	9.775313381401139
4078.058072245167	4073.082603858301	4080.7436170972937	0.3117691453623979	9.775313381401139
4078.058072245167	4073.082603858301	4080.7436170972937	0.31176914536239786	9.775313381401139
4078.0519715427813	4073.082603858301	4080.7436170972937	0.831384387633061	9.775313381401139
4078.0601205234784	4073.102613224115	4080.7436170972937	0.0	9.775313381401139
2852.7835153729943	40.67627896922103	4080.7436170972937	1720.0879537438184	9.775313381401139
2858.2058637119962	24.976363349990745	4080.7436170972937	1707.9877813908017	9.775313381401139
3672.2445434276847	46.833607925033064	4080.7436170972937	730.5413129998307	9.775313381401139
2855.0235909482367	24.899456291124363	4080.7436170972937	1712.4110836387147	9.775313381401139
2448.528916072269	33.0832518865785	4080.7436170972937	1955.713844424667	9.775313381401139
1630.8257697705546	22.97945499048424	4080.7436170972937	1958.1156397169227	9.775313381401139
2855.119854994753	24.955039164377528	4080.7436170972937	1712.229830181089	9.775313381401139
2449.9779542733986	5.7142332736114305	4080.7436170972937	1953.868168617737	9.775313381401139
819.1825518986184	22.09633273721202	4080.7436170972937	1320.6662765575036	9.775313381401139
2445.353064997812	14.475532561880279	4080.7258506888584	1963.5782934781814	9.775313381401139
1225.4898774053613	22.32059735003882	4080.7436170972937	1721.731719437847	9.775313381401139
821.5277714637244	20.79148169463342	4080.7258506888584	1302.9682319714232	9.775313381401139
132.01788973629738	26.731583948336866	475.23277822511005	207.51497625058104	9.775313381401139
76.48923842515103	19.87495952703725	420.4011257670624	159.39217564828644	9.775313381401139
20.336812220035984	7.289310809744249	90.43304503030652	36.40460837639443	9.775313381401139
9.106291716516296	1.5197661671199547	61.31007854875621	12.632249445038543	9.775313381401139
8.839960544881913	0.6621261407531015	46.97420310475062	10.641022972804148	9.775313381401139
14.90524394916593	1.338336845987006	51.00320323151993	10.490364308236101	9.775313381401139
11.818104516592191	0.591888757771467	47.33686680783748	8.809396441450676	9.775313381401139
11.077467055596621	1.1482301530665835	47.330242439497916	10.497725142593168	9.775313381401139
11.938500636195133	2.686791634638077	47.154365471059265	10.158667331147422	9.775313381401139
12.901418979105959	1.5456476962628785	48.54564387916417	10.65384883687899	9.775313381401139
11.563793631929162	1.9871751630932295	37.48619899143412	9.01364883316074	9.775313381401139
10.977008563164627	1.726713662832662	47.68977010603362	9.766582180975725	9.775313381401139
10.285848775698817	1.8502588528734567	47.529067615830044	11.479384557700156	9.775313381401139
8.344531075001047	1.4815519012583198	51.18618548945151	15.304991847877421	9.775313381401139
14.636473206137154	0.9598113106471589	36.323616809786444	8.331998658965277	9.775313381401139
9.89425122905477	0.9724732130104939	46.83154310001635	10.2420081675601	9.775313381401139
10.847866353379699	1.1452052082077855	47.51517037561995	8.811942381408016	9.775313381401139
16.025976415529065	1.8373669635188867	56.82979584793091	9.827235954727856	9.775313381401139
11.34447056514496	1.5113288525308013	49.77397397209283	9.109876313894112	9.775313381401139
8.370645852931448	0.7239375486945173	46.970055654602284	10.26295002663648	9.775313381401139
11.845828591685327	0.24104099588305977	47.10793851659353	9.056595034239615	9.775313381401139
10.664770855396688	0.34840636236076367	47.10035474129946	8.711279846501112	9.775313381401139
10.627295627636997	0.39177702109030377	47.12028821201321	8.80381890498627	9.775313381401139
10.69625182625018	1.1505819928019476	46.96802056628119	8.732410309838729	9.775313381401139
12.575743554846735	1.5969362983196809	47.44095544179725	8.127682804877741	9.775313381401139
13.310236639890807	3.2049762678296827	47.965531307253336	10.714635807610353	9.775313381401139
12.175990784934397	1.034220247179061	47.679607344338045	6.460765752241558	9.775313381401139
7.425088765044973	1.1079186596318187	46.6243062732708	9.782752746215554	9.775313381401139
6.749102451649587	0.7853367142814422	36.2618345478721	8.806886983790339	9.775313381401139
7.1337397810496865	0.8552811237171569	46.60957497389675	7.353716591245949	9.775313381401139
5.761908618848749	0.9086610909126441	46.4468683313825	6.105111155406168	9.775313381401139
7.2528154910757605	0.5895271623275288	45.9623029362467	8.886901061418968	9.775313381401139
10.848295910679646	0.912351709066348	47.12925370181718	8.969713203642149	9.775313381401139
6.684934504601539	0.8651715501625041	46.48465645582413	6.163107984516745	9.775313381401139
5.4383235126792595	0.48887461996449844	46.474359306588994	8.898715292727633	9.775313381401139
7.671159129187174	0.8752628019022846	46.08649050167102	7.703125853642301	9.775313381401139
5.156564563805523	0.3046663048902489	45.019472731528786	7.566925243696483	9.775313381401139
7.9066337380640395	0.1990851202886299	45.55611830111992	7.602945398928294	9.775313381401139
11.205694404325376	0.8762780161213213	36.472627263608935	10.770808636671344	9.775313381401139
12.014816001338195	0.4033734631059295	68.17453077744297	14.886892617495025	9.775313381401139
17.846905292206706	1.189376448384613	56.82742680590523	8.939321715644322	9.775313381401139
21.512126735633604	2.1799298221956103	62.8069278503593	12.814891459859684	9.775313381401139
13.575286823302331	1.0248021763263353	50.001052798402604	12.40573897438891	9.775313381401139
12.298050597049638	0.8173278288238567	35.84846802631588	9.572600133378758	9.775313381401139
27.632183352262825	0.4405258696109483	73.88909586756368	17.118372571973104	9.775313381401139
30.738959031687763	1.1787181738869867	91.73518050339864	17.010449084842328	9.775313381401139
14.923655424681787	1.1064127616515564	72.90951160721376	19.053850915861624	9.775313381401139
12.675083098960267	0.5334798010717593	58.67747866507349	11.85271295392022	9.775313381401139
20.56410978760722	1.106630424686975	59.49424275955814	9.088772202909315	9.775313381401139
15.04507503230513	0.4392094986504026	47.52511483447916	5.818543852071041	9.775313381401139
9.89223069641286	0.9739742224807512	47.50018696206961	9.544152242520862	9.775313381401139
8.077331150805895	0.674903950185831	47.5035361897699	6.951221459517936	9.775313381401139
10.013987402907532	1.2700162300507185	34.28027423103802	5.536787541976341	9.775313381401139
11.490651889107617	1.433712819626348	36.05111975618714	9.688333835527066	9.775313381401139
13.153076581532412	1.4521172881570337	36.54867844804364	9.705470736708767	9.775313381401139
8.56134109326044	0.2671955035351882	47.72308993389677	12.565190746053885	9.775313381401139
5.239188665735922	0.3366143796460484	35.352913357907276	8.453201563931454	9.775313381401139
30.552372022652772	0.17699766955562138	74.21768844985242	18.54313909009915	9.775313381401139
12.91362434994644	0.3955325772236346	68.16713566834137	12.247131266976654	9.775313381401139
11.981478939751078	0.19955483121642506	72.91934962599268	16.929514441461016	9.775313381401139
27.69476349285781	0.7934035783113669	91.9028962139516	20.294294279811428	9.775313381401139
22.939873415197507	1.2292796845824376	99.00726932835755	20.227981514103746	9.775313381401139
5.798073231706364	0.6240920558545524	46.11036151849533	10.633552261159751	9.775313381401139
16.99659586801757	0.6010443849259126	50.576015797262656	10.9724059811742	9.775313381401139
14.818233256116004	0.6608852048782119	50.55713969701676	10.381375982971885	9.775313381401139
34.61888532766056	2.1350116845547094	72.42587606806714	15.423389610006193	9.775313381401139
22.458785962882054	1.4520212822532745	73.04792271172445	13.701098718342482	9.775313381401139
21.1647372757953	0.6386194395793037	72.6971257986161	17.29896365152781	9.775313381401139
19.30871937955594	0.46761324667539056	47.11858789750091	11.019354591739056	9.775313381401139
13.346736977954471	0.7202356059896468	72.46834066562074	16.784976781760612	9.775313381401139
13.023502989432405	0.38168776754010403	113.68688069407615	21.14600781086308	9.775313381401139
10.123396462685287	0.4295889132918965	46.95492549347887	8.027457919059795	9.775313381401139
3.3794744318426413	0.4123055848806464	46.60752378848689	10.18015921767384	9.775313381401139
9.71243282841469	0.649548474114805	49.41559644855855	17.014970762626028	9.775313381401139
12.61004719745991	0.4253124699078193	67.54783796042527	14.53429526446811	9.775313381401139
14.591295415826162	0.8295862037589309	47.46304569130249	6.74653556522793	9.775313381401139
7.24764764420306	0.6132303229242614	46.96101853622662	8.371563658813	9.775313381401139
3.606612389953595	0.30194460527917455	46.476903613096816	8.605544947108303	9.775313381401139
11.383727176169467	0.08205072586064603	67.60586991751074	14.808537397865058	9.775313381401139
5.571857946618072	0.14908295878654654	46.698207560991655	7.416836779487755	9.775313381401139
9.17015434978415	0.024933339768211445	46.601988720886226	8.235286281303143	9.775313381401139
4.59836005046234	0.15581414301639027	47.71664561004351	12.097668951746043	9.775313381401139
4.618433404943579	0.12883445786183956	34.03606469541848	8.796266957289472	9.775313381401139
3.7339722033439955	0.05677611701469061	46.52634099270482	10.62940808654351	9.775313381401139
8.142775690357082	0.3510598844341504	49.902792764863285	12.75989649019798	9.775313381401139
7.4818722061539304	0.2739939712169451	49.99314976001067	13.678133612585508	9.775313381401139
4.774139075486776	0.4929228778904098	49.90573474769172	13.687917537929607	9.775313381401139
11.207680640212477	0.4733265429539552	46.44516535652568	7.3471094617953	9.775313381401139
5.679965791941381	0.36523052724813687	49.90481742113831	12.601562407600388	9.775313381401139
11.220496836720544	0.5581512413080868	237.10376148392774	42.472454889536735	9.775313381401139
12.577092443412317	0.3204767545874381	46.837343714628	7.62275020638163	9.775313381401139
13.137880029158376	0.7671504175999083	47.31011500763682	6.480986343362043	9.775313381401139
6.6879306099794915	0.9148667054736882	45.91771585142043	7.954683765047447	9.775313381401139
77.13076489223228	0.626042715064054	307.847948869428	98.05798624042862	9.775313381401139
3.4441942375046914	0.21388313678188156	67.53962163213636	18.762294272727196	9.775313381401139
12.501168199133732	0.5524743498675297	47.46031698199871	6.909706620047362	9.775313381401139
13.670721746236499	0.11978390371443906	46.46816158918237	6.351923167796285	9.775313381401139
9.316779454136869	0.1216225444406729	46.710952663996665	7.536670302096448	9.775313381401139
2.7727171904871297	0.14316864861706255	49.99530856943593	11.181315915321926	9.775313381401139
32.877109232969524	0.4296119286355649	200.54609099406835	48.61451942708426	9.775313381401139
94.8500924644586	0.11095153720475588	374.6327313438626	129.15217027545003	9.775313381401139
5.148956226928498	0.08169380857234278	95.18079343465946	26.516382511013326	9.775313381401139
16.0784946642937	0.7256473650561427	57.202161441889636	6.095856807634441	9.775313381401139
18.140142772258265	1.1556273719143395	57.27617020186922	5.312939639005106	9.775313381401139
12.043515282151333	1.1974427793723081	58.054454710629045	10.595408129857903	9.775313381401139
10.869442927480964	0.8461223003168699	47.50667391471212	10.173208781180339	9.775313381401139
48.33957717977463	0.8428282465149283	379.8278306113012	83.8720009055368	9.775313381401139
8.487059835794954	0.31951928031640564	47.54875724545438	9.352588984679974	9.775313381401139
12.046140480118165	0.22252506298927424	47.513395658874515	7.652832366393929	9.775313381401139
16.76771519505973	0.8732391696742555	47.45619119385993	1.9189720623133895	9.775313381401139
13.243426729225817	0.6415714637877881	57.31365976987578	8.396593898604536	9.775313381401139
15.469965091303582	0.10185874108088007	47.12223017530252	3.3632013292593816	9.775313381401139
17.403277157629873	0.1632189476270971	57.24074369585698	3.7410775044336093	9.775313381401139
10.70525759319759	0.11117165602506235	46.60473776301108	9.302477578744774	9.775313381401139
11.80651792780729	0.3595475738445181	46.47376752245329	7.463888492772632	9.775313381401139
4.420740133216173	0.06800743983789077	46.60404372548104	15.76246909431164	9.775313381401139
3.724908902770836	0.11240028096072979	46.468886668487634	8.330065200484778	9.775313381401139
7.845015574892994	0.22744260764482868	56.47706710146668	7.413379997272003	9.775313381401139
8.142485204737433	0.1883140372813384	46.6027964136475	8.165738850898618	9.775313381401139
11.92554952321327	0.18702165378083282	46.81874124880661	7.548208686627968	9.775313381401139
5.152118191184746	0.1483261936425225	46.44003084984826	8.16817085725994	9.775313381401139
6.528942092423878	0.18361633327113366	46.693880475889294	9.453488553080966	9.775313381401139
6.5556887920559035	0.11312634883152796	72.4626592132367	19.023511340765133	9.775313381401139
20.441339042094448	0.2093063484046996	81.74130154953303	26.62992494522793	9.775313381401139
15.9111910697111	0.3047731874342292	58.693318190929915	7.749673900685556	9.775313381401139
17.698842110117294	0.04287034858886888	57.16628731771662	4.044463259736231	9.775313381401139
11.192802714976661	0.11413532170403641	46.44903140569922	7.465391035599102	9.775313381401139
4.76991483863634	0.11938031331231565	49.41759698102838	11.625294850310103	9.775313381401139
5.021259019702131	0.08217798309848776	46.46772832998521	9.399494659766866	9.775313381401139
7.799544336411949	0.33408879094276656	46.59877698404602	10.017899103933642	9.775313381401139
10.598359238374089	0.14529107850590958	46.69733970445811	8.339870906862417	9.775313381401139
10.853732628522435	0.20511682199253276	46.525472987926534	8.046484443434373	9.775313381401139
10.645698642979553	0.21367817021956462	46.6988343660969	8.188102557818926	9.775313381401139
11.8245978080366	0.19974742490401662	46.697709525628355	8.550599087892563	9.775313381401139
4.011429589451236	0.11858173033853006	67.54507247551248	14.34145928827356	9.775313381401139
132.82280680223417	1.036103290458774	562.7389997870131	163.7348784172265	9.775313381401139
353.527363143506	0.21489534395186843	770.440523755682	349.94463929528877	9.775313381401139
426.6045798046768	0.2622205793086064	617.3622137709115	194.98566197471092	9.775313381401139
41.99885247023771	0.4131208674998011	510.93739337056667	90.71496355449061	9.775313381401139
17.15005768252328	1.3986242153475898	58.04646715841502	8.415992517531546	9.775313381401139
46.65188598089106	1.4756080504145273	562.773455969739	104.94547126847996	9.775313381401139
15.922208400152831	1.6452283753552253	57.42838359254088	12.858436573380292	9.775313381401139
23.065956571634594	2.6158102216819707	57.6337380887814	6.573911255043318	9.775313381401139
23.18955541870627	1.8861477725812301	57.63062178588794	5.772461252151059	9.775313381401139
19.51062499919554	0.7725050003112494	57.60643502299958	6.1990566674602405	9.775313381401139
8.868477152743957	0.6831758894779585	46.96875973327301	11.19674199503279	9.775313381401139
13.868581528772118	0.8002168748301592	47.6235240999808	7.375484244358072	9.775313381401139
15.927780603529515	0.7495198029819038	57.31371682660577	7.152935954982539	9.775313381401139
7.216414196325872	0.7532306740361076	46.823945997491066	11.236058901898904	9.775313381401139
7.01268485186984	0.8852031204934416	46.96368856781454	13.004606193437562	9.775313381401139
16.11491312059568	0.10386672742154042	46.959107260666634	4.503140588183504	9.775313381401139
3.325226403297942	0.660387112225714	138.10184251544507	27.080042428793867	9.775313381401139
61.80272551470117	0.44509974073990755	666.073383356412	118.29720143957948	9.775313381401139
18.877965804722233	0.902707831357416	57.333539082246126	4.392425608401558	9.775313381401139
10.909028908537925	0.3623395262539341	208.65674256596057	37.8610611469732	9.775313381401139
14.296647678764083	1.0808885976224645	57.25659357780605	8.632384287383932	9.775313381401139
23.73206816434954	0.4324963594598587	59.64989713455705	6.817425385187683	9.775313381401139
16.62957665488685	0.45464314203052447	57.22123243969849	4.907613849164433	9.775313381401139
42.61285152211618	0.4308612722605018	570.6778298849056	102.45357278254798	9.775313381401139
18.53782721574589	1.4502907354999175	58.7522876302612	5.48767607288108	9.775313381401139
20.852838607921008	1.5345933235875624	57.91685008774064	7.8036244782325594	9.775313381401139
24.75754770222247	4.650448572513661	67.5155191833997	7.853431769356227	9.775313381401139
18.823861883299138	2.3222098336031487	57.45527618696691	7.13799853530418	9.775313381401139
12.374774436569817	2.0771153707113577	57.89695396233918	15.187312992208202	9.775313381401139
16.61394662056531	1.7065934701509988	58.66348333326032	5.998209125682531	9.775313381401139
15.731526783005341	1.3463132451247661	142.3438932878558	36.76312290111446	9.775313381401139
13.46661971625003	1.1899768603779655	57.212194685011525	7.641093667274086	9.775313381401139
17.128138813730423	1.1408154225508582	47.32159654635135	2.1757465199085235	9.775313381401139
14.5290677442598	0.848862041877645	47.96988042269278	6.015181031985049	9.775313381401139
11.368364696123372	0.6083198475042162	46.964580730718644	8.713905124187793	9.775313381401139
12.617500799709118	1.1278299942242989	47.11942117172865	9.126410857473838	9.775313381401139
13.143984973289037	0.6023079845278225	48.23970028272387	8.123435065039113	9.775313381401139
21.782309037454414	0.5710262077253571	174.8496546654353	36.057588491102685	9.775313381401139
85.54576356432355	0.37332996833998017	231.0271460844732	68.23413944768836	9.775313381401139
11.985681234988233	0.9130038385013269	67.612993624232	21.350543420361777	9.775313381401139
24.517729721050213	0.4212854993779521	73.88128707253227	24.905218202553502	9.775313381401139
8.270399763959011	0.944734507310373	73.93835224896777	15.721859283817992	9.775313381401139
8.25472134986657	0.34243369125373724	46.96524693752969	11.395592732335029	9.775313381401139
11.650237128247806	0.6883196009987419	46.61237820950051	8.116772550139013	9.775313381401139
5.414243039515391	0.5592283446593115	46.710202476898075	9.078005893524683	9.775313381401139
8.324999374379077	0.7272587458611779	49.90295511479293	12.876049844818462	9.775313381401139
5.731484424145113	0.48055088729830786	99.00287735949523	20.838770911658138	9.775313381401139
4.85375934145845	0.8031188052980459	119.30480881011795	24.494139402912772	9.775313381401139
7.468496248384872	0.12398122746264092	47.49070324578581	12.009123976910843	9.775313381401139
20.23013486453982	0.5659613471649255	137.35340016875912	34.24411388047465	9.775313381401139
3.268965912811338	0.5735689160650637	50.10096206352363	17.8325270914679	9.775313381401139
65.0363581128035	0.5615557168199863	770.4420853904016	137.99004023564072	9.775313381401139
11.960566227301936	0.2539615850421886	48.28594663493927	7.677663637436936	9.775313381401139
14.824055431800918	0.15135388832166485	47.3051918111033	6.213238429463715	9.775313381401139
53.19029654186624	0.5660696871045352	309.2300418115463	95.74990779061835	9.775313381401139
2.6197602116905023	0.3933049042259942	49.83443537228727	13.000300397094993	9.775313381401139
67.31901539433976	0.13216008243368793	770.424452941368	137.5126481912156	9.775313381401139
7.310206261000249	0.09529466657553178	46.707256686104095	9.675943542800384	9.775313381401139
5.148377167049837	0.5435920432680756	142.37616597367636	25.868419167013222	9.775313381401139
116.44351942084141	0.350152448344446	467.6916397326529	160.65958769990672	9.775313381401139
19.367840049520066	0.8241887059441174	301.3051050497426	53.3410070735154	9.775313381401139
13.978458638178573	0.6855796731937936	46.984877632840494	5.989965886011803	9.775313381401139
45.94910060355385	0.7264002209875936	475.1199598834263	88.47914629989126	9.775313381401139
15.625480947392864	1.0211470441730386	48.248845722116485	5.032330244223297	9.775313381401139
29.741911153840388	1.0766423176574649	387.93759951926097	69.4356567845715	9.775313381401139
117.69774040597802	0.8634527245399554	517.7814172361519	177.20141748714232	9.775313381401139
13.222784508163839	0.9318261070652745	57.241955563356974	11.022094451415764	9.775313381401139
15.11928425479586	0.9550081394947069	57.18353917837793	8.13318344675062	9.775313381401139
52.06777968074045	0.9784790447203554	666.0675538033494	119.81348207971118	9.775313381401139
118.1574028957857	1.0754888620885614	510.9688202964439	159.7247203291925	9.775313381401139
22.281844427033114	1.296947760186067	351.62126261058734	63.30810521465802	9.775313381401139
19.089383340605718	0.7227120138730924	58.02618322197198	5.3473051645518455	9.775313381401139
17.769255108052942	1.38437283765497	57.884524829968534	5.139629411134551	9.775313381401139
11.276067719633321	0.6039590934309246	46.9872824116653	8.337005756125361	9.775313381401139
10.625439835133946	0.5597470628274105	46.963531467957125	8.650053963622547	9.775313381401139
12.899005778980083	0.591512284353217	47.98808408280853	7.048812920772894	9.775313381401139
13.249629457965243	0.8227599466827302	49.809400550795274	7.968975382044462	9.775313381401139
5.867480260179142	0.6939445282460005	46.71135752321454	10.495020014160739	9.775313381401139
13.41434577297324	0.1367376344834177	47.50272069176464	7.3500105634546316	9.775313381401139
14.205370803353338	0.3568101249541363	46.96709110790696	6.32144034458868	9.775313381401139
11.12233626952013	0.923299225705963	47.50449895465042	10.25810526217248	9.775313381401139
9.957882447053663	0.13582629119250578	68.02486607521739	20.572940812200095	9.775313381401139
15.623615530052733	0.036455040923517194	119.37783931883085	22.537899592570145	9.775313381401139
9.727001423850492	0.3484140000595434	46.96442539971406	10.781532740144499	9.775313381401139
12.417199845539828	0.6401905836651299	47.3023682782224	7.74309828152592	9.775313381401139
22.114604747710285	0.6623004967419976	351.6356438615043	63.26735098124666	9.775313381401139
70.91269725219448	0.8334402533643688	317.96063740861496	106.31236301991673	9.775313381401139
13.60539433219012	0.9324882858487168	48.235345983774614	7.8190514523334596	9.775313381401139
16.70636247900046	0.7031127774628546	47.97607297044506	3.946105025579139	9.775313381401139
15.689248833874446	0.24185755355630306	49.46323305792194	5.749996740074405	9.775313381401139
22.616439440976805	0.17254836659850067	174.92697253018704	34.930725665749755	9.775313381401139
36.7782897456833	1.1650541959614351	167.90723661027872	54.432722241832245	9.775313381401139
10.463486837179587	0.48324856699914076	87.65489621801811	23.404026157144603	9.775313381401139
4.355774489346387	0.4589888531075957	49.990952205990325	12.553675104513275	9.775313381401139
4.997504926796917	0.26351573571995396	47.66177181627449	13.24733483098909	9.775313381401139
6.686343527394348	0.3630082476116731	46.607762130317774	10.167554648222987	9.775313381401139
6.937530778049551	0.27868139919069507	46.436185700305685	8.265924285619942	9.775313381401139
4.858120329458356	0.28001506027691286	56.567168821809	12.240666536939445	9.775313381401139
2.995415402027504	0.09079960552013744	46.428673186924634	8.965997592442529	9.775313381401139
5.3961255000526585	0.2981109483531202	48.76611305902871	11.797968067863906	9.775313381401139
5.1053736710812485	0.23093610361535571	45.18152100918823	5.340317096146956	9.775313381401139
4.380654222086527	0.19944885444782054	35.473546041363434	9.42984976644828	9.775313381401139
6.788983446250936	0.18504546179438755	46.168103163770496	12.430700336337233	9.775313381401139
3.5942942684544996	0.07790701510399677	35.25291465683606	8.720586340815206	9.775313381401139
5.495270698466898	0.09277592465643349	46.52349411508643	10.244785009332986	9.775313381401139
3.3401371235052975	0.07753861608435475	34.90622480157408	4.488270470564797	9.775313381401139
9.073076997222419	0.2810211938542977	56.38757425101143	11.486381205998558	9.775313381401139
23.07757566371169	0.03941457206154341	74.10954030722904	18.926868021551133	9.775313381401139
5.502674520966392	0.2416506671814793	48.502392934173216	10.823017359131757	9.775313381401139
38.734062859570415	0.2851648979895479	148.95231589630967	26.471984581631936	9.775313381401139
43.39271271058142	0.5718149434010501	262.6947231744335	58.297057050647574	9.775313381401139
15.590798406668918	0.960337532784838	47.98420875775501	5.932234236052452	9.775313381401139
16.386296104133038	0.63590662331075	57.627912817840354	7.78376725799499	9.775313381401139
13.966017912702561	0.7421172791451237	46.833483119513	6.633734857565328	9.775313381401139
8.212750152060458	0.3066281483385457	46.601394989759065	8.474940651777574	9.775313381401139
8.436601486401985	0.4296591663284708	47.732260970134995	10.613668823205513	9.775313381401139
10.80714670302722	0.1347248035423032	46.727211586141024	8.626688516884292	9.775313381401139
9.318631188888276	0.6709847154841703	68.15739198017754	13.858462656061885	9.775313381401139
53.92512907200807	0.35096763785722573	379.88050361717455	88.74966344441782	9.775313381401139
10.09160137370007	0.289573458347457	46.609386945006705	8.27611131129929	9.775313381401139
46.708154816329646	0.4694353807980426	200.5799461641759	64.27340722968198	9.775313381401139
6.285575986917291	0.2230754615206048	99.026674784596	18.341956759048518	9.775313381401139
5.626139540379893	0.24471133357901204	91.58930810342117	19.5204773626209	9.775313381401139
4.839768102586429	0.26840080752627093	46.954521942379834	11.866510857532472	9.775313381401139
5.4541474572394515	0.22380522124920765	46.081151018130655	8.693344449354068	9.775313381401139
29.31479765810303	0.8335812358976131	121.27500471743994	36.10430971723508	9.775313381401139
4.430287598200858	0.17702066208002668	51.18299317803321	10.037822836185892	9.775313381401139
14.654595860431051	0.1330947411023112	57.2963542391988	6.411864562816463	9.775313381401139
13.886516218590556	0.11484394876974409	46.532919485100265	5.409894544722848	9.775313381401139
5.740816022033668	0.5302025506166007	46.83705742762186	8.809998098400381	9.775313381401139
5.390428117953311	0.10464939741763256	47.504160751451856	11.504928052132467	9.775313381401139
12.3417841724182	0.24758878445640953	57.30236358329224	8.645521621323002	9.775313381401139
10.290634112458404	0.435380957015344	46.82349319676658	9.675311226432711	9.775313381401139
37.74849425708963	0.15687051823841686	517.7881726064171	93.1974021471561	9.775313381401139
17.656331452663938	0.5441788860592529	307.7827742993304	55.068535609777015	9.775313381401139
12.154530239022296	0.17755401411700686	47.501132001719355	9.394519383862647	9.775313381401139
10.941995240126378	0.36880619446862906	46.70188991993932	8.205394107734872	9.775313381401139
25.556480932940588	0.38011818169273087	343.9102220518338	60.92465870070316	9.775313381401139
11.339315415001	0.4086357111058616	47.71760168245479	8.559905438408979	9.775313381401139
11.391944177456368	0.3594857258345106	138.0599100894715	28.349531735465348	9.775313381401139
12.582075835122733	0.3697655877298021	47.10738764508966	8.459669321859657	9.775313381401139
8.776474282155979	0.4218354164769881	47.30137142510799	8.39481666314241	9.775313381401139
10.125218787895536	0.4911386269608252	46.608042247472596	7.560515454597966	9.775313381401139
6.711152197860148	0.06170136492496311	47.114702182786345	10.695619451506051	9.775313381401139
5.2183943932091035	0.4894993916002321	46.81911490996447	9.08164811891571	9.775313381401139
3.713536514363373	0.3162693003279001	46.69653449197483	10.838947830971478	9.775313381401139
9.087840271042333	0.1977345547219748	49.84317673736196	11.606143827725305	9.775313381401139
12.359507657480425	0.2522878079311193	46.60603073413947	7.2079839772265135	9.775313381401139
5.494648099465484	0.3091596766147957	46.81301857519517	9.996957223814096	9.775313381401139
5.660936109779643	0.25495039381961027	46.810409660453146	10.547926085760022	9.775313381401139
6.002828970842921	0.3830368550964042	47.96048695194615	10.073284511905232	9.775313381401139
2.952998322645993	0.1502933084258434	46.46826628443547	10.53006393860076	9.775313381401139
3.4352205228890162	0.0501784128285036	46.59871183590532	9.002039772915289	9.775313381401139
6.687592824720625	0.0752060181619953	45.644488980110914	11.458476748016576	9.775313381401139
3.445709602154592	0.10495329023019705	33.97932238180303	6.4668182253315605	9.775313381401139
4.178719900183974	0.5868401628538947	46.52143063152529	11.092999031218358	9.775313381401139
4.124761902522386	0.3245635808458262	34.45113284588399	9.141901138923735	9.775313381401139
5.016008455866694	0.07784664951874148	35.4913880195936	7.386328910366778	9.775313381401139
4.437705074151328	0.05852706013323114	35.2456815752425	9.27071333682667	9.775313381401139
6.084683444256623	0.020753004034330225	46.06905920600004	12.259300313211039	9.775313381401139
5.314317283458803	0.1868951772877839	46.69353676482188	11.279815358096629	9.775313381401139
6.8253499949217895	0.19869354935890737	46.4680140258787	8.498127405799755	9.775313381401139
1.320931008563575	0.12166913794598	46.43572480300311	8.77159379600439	9.775313381401139
6.8650288085962785	0.04632390623440164	46.468947398420816	7.593492237418873	9.775313381401139
7.062211174118433	0.07865899388196132	46.46713671791904	8.348452980414276	9.775313381401139
3.952033267423411	0.25515061359130187	46.42591273291594	8.563725587202416	9.775313381401139
6.804199598051477	0.03730618503255751	46.69437958216665	8.045344189647782	9.775313381401139
4.139632651325291	0.33234991306544287	46.43908590841555	7.849742523557751	9.775313381401139
4.384478489279034	0.2038214861656524	46.43436757515049	8.774999406299077	9.775313381401139
3.955469048231016	0.2849850293711725	45.8176238036598	9.816529946734358	9.775313381401139
6.829206060104696	0.17945194052342583	45.590469002232346	8.279543902881862	9.775313381401139
6.103946864883124	0.28271876975500904	49.99802644323947	9.091888397934609	9.775313381401139
8.421413667747485	0.21593951210440732	46.469371623746326	7.912621126464979	9.775313381401139
4.169975361137858	0.12170366539773178	46.81471095344843	10.550446716712521	9.775313381401139
4.256347387883224	0.1887158445464451	46.43454519289338	9.324875617516545	9.775313381401139
4.661669973750559	0.16317891530507186	49.83110975744528	13.922537878091163	9.775313381401139
4.344502047343687	0.14270008688495614	46.69502354249443	7.439235158240012	9.775313381401139
4.5895959669189645	0.20405695023667197	46.809887268243074	10.260222125974654	9.775313381401139
4.308974938986285	0.07651046363823398	46.521251067691765	8.5275045407306	9.775313381401139
5.126914859951143	0.2557884376992698	46.59775981096099	9.48320595414479	9.775313381401139
6.615685080078993	0.24569509310480725	46.47068091939269	8.945309660486313	9.775313381401139
8.076518403469173	0.18931004499969897	46.95104131026145	8.483556728183325	9.775313381401139
5.5417033388329315	0.19109091191384253	46.59821020812141	7.412892748596893	9.775313381401139
7.933276201846078	0.11559856559045113	47.956995534444445	8.681179388932986	9.775313381401139
4.86092650406382	0.23286788503472497	46.4383275541538	7.987774096576101	9.775313381401139
4.524996187031283	0.3726096082100902	46.95452011445175	9.803897553981695	9.775313381401139
4.202328623571309	0.09931800847081657	56.387068850491644	12.54645279235071	9.775313381401139
4.700986885469776	0.13422863474950664	49.89366483917792	12.043198733408206	9.775313381401139
7.855512279178867	0.27060777356135984	47.11690008066805	8.38360631211132	9.775313381401139
7.1088954982088035	0.1571986876468069	46.436602941927276	11.036241458853885	9.775313381401139
9.425247969980104	0.19065369738135188	47.960264543078694	10.68811563879571	9.775313381401139
3.7064511760328305	0.22021032833702986	46.43744541198485	9.95723411037145	9.775313381401139
4.8081811233060545	0.06121953440727612	46.69803597389586	10.04816408401076	9.775313381401139
4.878563799863441	0.3826522329670939	46.4728108757539	9.370536778789537	9.775313381401139
7.401808339541949	0.028515032838809032	47.299037448947445	9.964276588774544	9.775313381401139
5.878796452281947	0.4918094980372311	46.44076255169533	9.402681250722946	9.775313381401139
5.4501349067408125	0.30999737959811885	47.49684320386166	8.815575686548932	9.775313381401139
4.939199493420215	0.045825412780720595	46.52490212927975	9.741447435129963	9.775313381401139
6.661716987978623	0.5287775486585828	46.602074506413565	10.939508695778212	9.775313381401139
10.220985677854737	0.30267882409436	47.381338246986225	8.619915166780052	9.775313381401139
6.888923061641783	0.6267601298969971	46.604559914434894	7.7466059469951745	9.775313381401139
6.594932572917872	0.14997284329066715	46.07291798442783	8.016778322011906	9.775313381401139
5.036082088250952	0.5846798154796445	45.90699658896911	6.624415145203033	9.775313381401139
4.738948671244775	0.15678348985714227	46.952122736241606	9.968057248831489	9.775313381401139
3.2070486089813244	0.17420220249107107	45.0141280828161	6.913053491403261	9.775313381401139
7.6270173237952745	0.10024506663256921	47.71955218586382	6.837341413371024	9.775313381401139
6.829524484145583	0.42294862756430324	46.602166758390396	9.270725872812434	9.775313381401139
5.795058410799214	0.5537460830202962	49.90608332688705	13.473258372409475	9.775313381401139
6.554518850220489	0.3891023384870219	45.7239493964481	7.154903188911102	9.775313381401139
11.218976031754398	0.35337729201287993	46.812238118165105	8.375386300710796	9.775313381401139
3.775170541072781	0.05741940191154073	34.89651344492388	6.635329462310226	9.775313381401139
4.125089574583955	0.3178239489234091	46.46795294327206	7.620975902926385	9.775313381401139
4.668883956138572	0.26040238553551065	46.424061360192916	9.391893829931304	9.775313381401139
8.253497322887986	0.39281898712416136	46.96137947914709	8.596833385797355	9.775313381401139
5.430346935697447	0.11837728967488172	46.43211275261351	8.686024811837099	9.775313381401139
6.896251618484291	0.07456710592889175	57.51485480371761	17.17331538548495	9.775313381401139
5.889098445401484	0.34920627805256116	46.601080014017235	10.196090817881089	9.775313381401139
7.224584451748908	0.38481099778441596	34.89804468833635	7.524546511494933	9.775313381401139
5.790002096148402	0.84273732188937	45.72482091688045	9.966326793025459	9.775313381401139
6.887845673559317	0.5852942086360098	46.25360173534728	8.854354029402595	9.775313381401139
5.843664831631499	0.4949555628801626	46.082083584548286	7.204292797115701	9.775313381401139
6.28045942258707	0.36799129096815086	47.49389351233577	10.52310184044382	9.775313381401139
5.713617540755806	0.20441149473383752	43.94780639738415	11.371361636106638	9.775313381401139
6.201472819787924	0.1454917143100541	35.62584277979451	7.594358884886343	9.775313381401139
5.944028855567547	0.07139378578152471	46.164030302333025	10.058207407139959	9.775313381401139
7.76884561807498	0.1560383580433089	36.04146291482241	8.823345145411098	9.775313381401139
3.4076821055378144	0.2696988287810081	36.03520091343532	8.863449694139609	9.775313381401139
6.271920049974666	0.18434992152553234	46.63621928916926	8.201442911620179	9.775313381401139
3.298031466317982	0.4598535004614674	34.26694493092205	9.30363097469511	9.775313381401139
6.510928039148717	0.15157899133724287	46.471125555911605	9.503786414166822	9.775313381401139
10.47533845063481	0.6282183320683946	47.49732600777266	8.808325027317979	9.775313381401139
4.295251351655683	0.22811323976596568	45.72263164458062	6.593633510178099	9.775313381401139
6.1194065933950705	0.28087471849378715	45.72433263072354	7.200277001639539	9.775313381401139
4.4612171853093425	0.27404424929907445	46.60117317773245	7.848092660476118	9.775313381401139
4.300381929583331	0.22925157295662626	46.60168635993464	8.238323088496715	9.775313381401139
4.817010212872258	0.21582011489906877	46.438318145539846	6.6520396054839255	9.775313381401139
10.670269199543045	0.21003497377135885	47.95636737220344	8.734132825320426	9.775313381401139
6.950972471174758	0.06633177471900965	45.55548885965321	8.477164225790675	9.775313381401139
8.490934909844679	0.3499084770743164	47.49145233784362	9.265046029184605	9.775313381401139
4.719591998787545	0.21040832434556295	46.42648227950963	7.373705488219633	9.775313381401139
5.850469553666251	0.3345131531558861	51.933420968551175	11.730382077249326	9.775313381401139
4.452445164493099	0.0824730274890888	47.49705036905902	11.386191183879506	9.775313381401139
4.315881408380873	0.09333575114486142	45.558365009775805	7.2970261287702085	9.775313381401139
5.52617203301489	0.21942755516209436	46.084156796979265	10.73095530050994	9.775313381401139
7.916501702002411	0.09196935984886702	45.57065141008245	9.330981803544729	9.775313381401139
6.0257903085257984	0.2995114400373051	46.62840611547794	8.656721748859677	9.775313381401139
3.1659711330796108	0.06063970355237849	46.42661514215162	10.495320291554185	9.775313381401139
4.391815691383279	0.12954524575582393	35.02181008777086	7.027435709712867	9.775313381401139
6.342563888416581	0.23360719264649826	47.49387014176702	9.503906458767768	9.775313381401139
6.55478795819961	0.28966180457223656	46.42400420303664	10.060608494430644	9.775313381401139
7.257350576178682	0.24517376137087155	45.64487255435016	8.048038287292425	9.775313381401139
5.476340792411262	0.2376991721428437	46.61142699274248	10.45950082458496	9.775313381401139
6.464503978833267	0.2539582210123021	46.95706207556161	9.329420687597365	9.775313381401139
9.549667856898385	1.0195296890082737	46.63712056372116	11.627060586010009	9.775313381401139
7.464979072499211	0.6573638065757769	46.82247035098959	7.831344024974541	9.775313381401139
7.216200083701135	0.3638063082431741	46.60828230841977	11.885508874401419	9.775313381401139
10.039316154904538	0.5451442880963691	47.49829788975387	8.903277743107441	9.775313381401139
6.166176407286566	0.45184131084233037	46.81504817228417	9.142981631004384	9.775313381401139
6.017248228500524	0.5117435450234709	37.15008653155368	9.671718952928462	9.775313381401139
4.730054122502896	0.7323091735260747	45.59480602935043	11.728524918249741	9.775313381401139
7.755788411746425	0.6130550817011662	47.450772893069434	10.218831963636843	9.775313381401139
6.6304760256242075	0.38872959471976604	46.81770641508373	9.259382081452802	9.775313381401139
6.2280432043918355	0.44313145189157543	45.65065322807168	8.999178843133702	9.775313381401139
7.553853229063152	0.2759736345813022	47.96964058877612	9.664408414994256	9.775313381401139
5.562447670439624	0.12153976962312357	35.433213609534796	8.297515221324087	9.775313381401139
7.939461450930591	0.07656687515801135	34.50045544263366	9.525186208247346	9.775313381401139
5.954613012093202	0.35857017743639014	34.91240302752015	6.810491531496771	9.775313381401139
4.610146650592447	0.3895067412628078	45.90230599539047	8.72295772021979	9.775313381401139
6.6246644635189655	0.2404708076925344	46.6038197745809	9.071933210804016	9.775313381401139
6.422270019894706	0.7490293510854678	46.871327045817615	8.655452947195338	9.775313381401139
7.285957455549954	0.634955992662795	45.826388098342804	9.653189207626918	9.775313381401139
6.220139965865918	0.14562883420242118	35.43044102971207	7.6602523049450015	9.775313381401139
7.513880721181374	0.1368146643575259	35.4179799167839	9.98915751907202	9.775313381401139
5.521026456744446	0.13923052116804993	36.378075875864425	8.781448834021102	9.775313381401139
9.943245651315806	0.3267400659046299	35.71329879520213	8.511844362479874	9.775313381401139
5.527043688972319	0.41162652344490813	45.94181418638712	8.713814866015131	9.775313381401139
3.7358997241747707	0.0951691318233755	47.50103544089287	10.691063024410385	9.775313381401139
9.659132639829162	0.8942004797433486	47.50072335176485	10.842898826295428	9.775313381401139
5.030581570102721	0.3703561942916727	49.90348330303892	13.119175827986084	9.775313381401139
11.204055256258696	0.6240245357153329	48.812978724168644	8.718554617757016	9.775313381401139
4.618853860561873	0.6074499751113375	46.45216472451909	10.32867044129759	9.775313381401139
7.292704638138476	0.42271990753521643	46.700810246240735	7.568577071820835	9.775313381401139
12.716840956715178	1.2742244137635867	49.46323459465412	10.282646270186993	9.775313381401139
7.942451650660414	0.6210427744542316	46.82376555690197	9.544983217900592	9.775313381401139
6.887100208957927	0.3420491856269278	46.60468325951682	11.348072756423612	9.775313381401139
9.547542113472307	0.4606007774189459	47.664069956546626	10.855718518135507	9.775313381401139
8.896715232425052	0.4139550493022997	45.949564540091444	9.300611533292598	9.775313381401139
6.938000045135344	0.16795847509052605	36.05020167994933	6.066299536761902	9.775313381401139
5.250987720891132	0.6159003898836487	45.5664689774711	8.063203382532171	9.775313381401139
6.261500610524094	0.06692406960039207	47.959499417551484	10.975488198019306	9.775313381401139
7.982474042036228	0.39826327764588537	47.29695054266647	11.17560186987639	9.775313381401139
9.916169931559837	1.048634239911655	50.16333059018239	9.977016740956199	9.775313381401139
7.354690224481715	0.8075484226402995	45.83984959674228	9.853107096121002	9.775313381401139
7.97792346969062	0.7403963678724932	46.09765849143977	10.062239317129018	9.775313381401139
6.850369028706219	0.30066822978566377	46.96261626764593	9.138551910481741	9.775313381401139
6.486357076219729	0.537252357900373	47.96871690197415	9.053105291442801	9.775313381401139
6.989567715552114	0.1778808002987748	45.735679532698455	6.529369350136788	9.775313381401139
5.113271210259262	0.5120241797553631	46.475944616187654	7.9847243585187355	9.775313381401139
4.723048536930655	0.2707787752949104	46.60453366798425	10.74278642175128	9.775313381401139
6.227334327298635	0.34293652143047676	46.9792894180599	10.581280533620747	9.775313381401139
6.836411779210511	0.3440734132046146	45.19032704060189	6.568989315851947	9.775313381401139
4.223183998109101	0.49106264906537767	35.42347965943775	6.525612339020485	9.775313381401139
6.605890611178976	0.6469016932099316	46.61648399909113	9.953444333436064	9.775313381401139
7.677044678609954	0.602299875435925	46.69862936101925	8.870381709576561	9.775313381401139
6.153365343717572	0.3877534348243527	45.83852096004161	8.902328971938378	9.775313381401139
6.42988485028837	0.738146875559355	46.605692844987	7.406356169873845	9.775313381401139
5.670141342286319	0.3864428634999188	35.67630863517597	7.296930157134821	9.775313381401139
5.7082220460102295	0.6232518507649584	47.97371593874734	8.196136165944694	9.775313381401139
9.392960681647816	0.08759774132009082	47.5111665859667	9.67335111662005	9.775313381401139
13.502607352124643	0.8466166832240869	48.52511372387352	7.27047069716631	9.775313381401139
5.518216628270979	0.7102324527463837	45.96881153362291	8.997232348622115	9.775313381401139
8.524748499583202	1.1385367698307873	47.50905688599417	9.320703077762929	9.775313381401139
12.166402465814224	0.7838445173810074	48.24757887469368	9.100522697196089	9.775313381401139
14.265867767379502	0.9641275641344396	48.82356985753143	8.407036356960527	9.775313381401139
9.39431995977954	1.1000799784625626	47.514840584415545	7.602821592619624	9.775313381401139
10.716008158843403	1.0361179424711104	48.967641274498106	9.513396528623497	9.775313381401139
11.182295986963066	1.3763738166285693	48.83256880796662	9.402930575559392	9.775313381401139
8.063944739199242	1.2669643351808206	47.13145689342168	9.119457223465897	9.775313381401139
9.142134466183997	0.7873904315202741	46.90182202076675	9.547539626775253	9.775313381401139
8.383511266610368	1.0136152927118425	45.209403043296156	9.867117824079578	9.775313381401139
12.142904808620269	0.772412252477955	47.975490801536914	7.31165494215483	9.775313381401139
7.825437972708967	0.7623203812747571	46.97376689743781	6.777489482869425	9.775313381401139
10.488381572477149	1.4664266670851618	48.29842385639288	8.341964986270613	9.775313381401139
8.474931059329275	0.6129841949116894	48.81772192655855	10.85356710446791	9.775313381401139
6.845970243214832	0.5374168753070647	35.44027426739155	5.2655314048012825	9.775313381401139
9.44536401843461	1.4341918418636126	46.82705555381183	8.634651415030689	9.775313381401139
7.103386020178727	1.2923617200686133	46.96706005362568	12.6231726344411	9.775313381401139
10.412255819534249	1.138984432550577	51.688324210859655	12.335066876190123	9.775313381401139
8.818305193495203	0.6511308994094918	47.12045977847144	7.591071349019458	9.775313381401139
7.790251398579955	0.6483239124717296	47.202920623057516	10.470111977620778	9.775313381401139
7.473777490612127	0.4088048358830612	45.28988893323016	8.70961702271521	9.775313381401139
7.556290245960803	0.45203821902359603	46.445721948700346	8.811101516111922	9.775313381401139
6.49896201895803	0.7651503723289768	47.734146631360495	11.585971691546325	9.775313381401139
8.281716240509356	0.7897588279227961	46.83499943736847	9.237673375670553	9.775313381401139
10.568664442428512	0.611677865916628	48.64826758240232	10.18355578305952	9.775313381401139
8.076566889969353	0.4907848629095343	46.86046868924528	8.39552689151364	9.775313381401139
9.414796836480846	0.48963682278236675	46.08740699461405	10.339094979789625	9.775313381401139
5.677302067973328	0.4940976536280181	45.73909721204336	6.128961969693169	9.775313381401139
7.331614958324877	0.6009416462774269	46.697729944250014	10.702360003709721	9.775313381401139
5.413207947744112	0.5396541294241755	46.63371874181471	12.71613666474366	9.775313381401139
5.945956592739337	0.3075338865365052	34.57005784530529	4.851981534782914	9.775313381401139
5.643604358327893	0.12962010922406814	46.81274849054728	10.768150164863938	9.775313381401139
9.229010469891131	0.4349357116836107	36.52280729415799	9.650873788992275	9.775313381401139
8.879560204682189	0.9555840530755417	46.06582712866225	12.626262556902386	9.775313381401139
6.192223313052717	0.30451921892429124	37.39373883905149	7.41702271860072	9.775313381401139
8.082867099766158	0.38353040123394766	46.06890994731171	10.807731588811397	9.775313381401139
6.870436864534341	0.19429559675418068	36.74340496633524	9.604759685785881	9.775313381401139
4.489762052041903	0.15052949757807635	46.59683627874286	8.842261104097378	9.775313381401139
5.839293200177208	0.37903584066972984	48.37751245459859	8.640580209945393	9.775313381401139
4.654524957107443	0.6782099675178568	48.21740573929127	10.482092381383653	9.775313381401139
6.894268923524732	0.44473067540531114	46.61279663146435	9.927251690141501	9.775313381401139
8.579766543524158	0.6455023406385055	46.60641066376591	8.477604982090904	9.775313381401139
8.585876095189242	0.7623997863786981	46.96165097609971	11.429266476414309	9.775313381401139
8.906330541861728	0.4316242708495659	46.609258071816306	7.801704875222349	9.775313381401139
8.888669186709304	0.6001689548680601	49.46844906019772	9.153356931635027	9.775313381401139
7.493347500777522	0.5979585202322563	47.5045278970553	10.824829623683245	9.775313381401139
7.416718062095741	0.5309341560007145	46.59448320617022	9.184368712086307	9.775313381401139
10.684360851378456	1.2619899507095353	46.99100180878946	11.084272620400393	9.775313381401139
9.317299889581063	0.31096046287972817	47.67800501468485	11.147616559604021	9.775313381401139
10.153159215943164	1.2326840950510602	47.511657952424926	8.126249859525391	9.775313381401139
10.886399655624388	0.9504326955551918	47.12569335806491	9.365882019572734	9.775313381401139
13.227954998890096	1.2741956375309853	57.88344867734615	10.741823226568942	9.775313381401139
11.663363376085822	1.210841834084388	47.974631589182934	8.230792498056172	9.775313381401139
6.6395940704411505	1.1904502705322475	46.45973891906128	10.137011936095927	9.775313381401139
14.969457868535184	0.9040033810749117	50.988116278295145	8.872304988250221	9.775313381401139
10.663781991740855	1.0242476225473511	47.98472131835309	7.920185263118346	9.775313381401139
14.29821220743291	1.0550157347791547	48.527090959882884	7.590973076628616	9.775313381401139
10.316853785593693	1.02162039295848	49.49928756612213	11.157652162597781	9.775313381401139
9.772860013653055	0.6607145174896136	48.83812372544531	8.625768230083816	9.775313381401139
12.883194963460772	0.8639076016321806	48.83395935288496	8.557869727792474	9.775313381401139
11.37107687673489	1.0356607478027298	48.516654936007434	9.714895432175894	9.775313381401139
12.642401662380099	1.2224986083532614	47.33966552643446	7.599858694808118	9.775313381401139
9.36161174586413	0.9950985607242353	46.997633918783954	8.657329955155735	9.775313381401139
15.18266312175682	1.1525328122158012	48.847300368315075	6.650756442218284	9.775313381401139
10.91287539855429	1.3160534974474567	57.60601161369457	10.69071825423077	9.775313381401139
9.243626625375809	1.170300571743917	48.257548746281714	7.8197843872493475	9.775313381401139
9.755132265025816	1.3616307720396315	47.124836367399666	9.068483434955201	9.775313381401139
6.688022983601481	0.5861972536695317	46.88101728035775	10.862345996200693	9.775313381401139
13.482428266748682	1.1463715893033901	48.822093700136904	9.725133788515107	9.775313381401139
12.602892381558346	1.2306647509973059	57.316363208166074	9.804960691820051	9.775313381401139
9.662752935267536	1.1375964980925117	46.831700364551175	9.93955559855804	9.775313381401139
8.992598385708588	0.9113172240899673	46.85524811154592	9.96257879098572	9.775313381401139
13.65378299410773	0.9044300004288638	48.64787870912405	8.421834690643058	9.775313381401139
9.533630263935198	1.1350574308953743	46.965978708453754	9.905517809510533	9.775313381401139
8.516267804315337	1.0795415126329542	47.53542667824996	9.961596723629722	9.775313381401139
10.484409075910138	1.0039803684135147	49.46353436321742	9.338053076640943	9.775313381401139
10.016668065614736	0.8002068623205509	46.86837530310539	8.753017330865152	9.775313381401139
11.669613631685225	1.001193425292517	48.12824859623554	9.630489478471478	9.775313381401139
9.119286324097306	0.6827708304171481	46.62236168915599	8.23066418426459	9.775313381401139
8.695603399386496	0.5887916687082495	48.31963448608142	10.974424422202315	9.775313381401139
6.536999962215206	0.9295157178017964	48.952314076071374	12.545178154377608	9.775313381401139
11.482604457081543	0.7356036512281431	47.97788463120497	8.456439066628251	9.775313381401139
7.574155558917638	0.8625546249983063	46.49034009693647	9.647515285881832	9.775313381401139
9.559234684583933	1.4326566591129424	47.52332468471513	7.992833094161694	9.775313381401139
8.745681095894144	0.9241300799129254	49.470019860141086	10.164567109427699	9.775313381401139
10.91648515221336	0.9468660511891188	49.0025947507507	9.199630078772993	9.775313381401139
7.122838629334028	0.653188200919093	46.98354851943511	9.177664235699813	9.775313381401139
11.294996537004396	0.529196828629932	48.65641836882892	10.3549613269787	9.775313381401139
13.378453816193314	0.8087697144107203	47.990753221253556	8.910447145594066	9.775313381401139
11.035884178876232	1.0682495407437949	46.97283009341069	8.768461289074693	9.775313381401139
12.327664175852805	0.958149231603423	47.67100437594028	8.576814209445635	9.775313381401139
9.357168482771078	0.9808039554533452	46.98375380017049	7.75580236777183	9.775313381401139
10.397453889239546	0.4107524931119717	46.721288744096086	8.753306371718	9.775313381401139
12.760832595141702	1.127174357262335	48.822186724695044	9.594446859171011	9.775313381401139
7.242360629813143	0.8793480323254175	46.98396189264672	9.748728846554878	9.775313381401139
12.05653724717299	0.6785616451716359	49.473914065848916	8.645252031292156	9.775313381401139
13.685724909633889	1.5600312321581047	48.955949391018976	10.184398759385331	9.775313381401139
10.251155908686526	0.9219165698192816	47.527527194062	8.4550893437663	9.775313381401139
9.172585814917152	1.0648339513493694	46.7151062969032	9.12114156823225	9.775313381401139
9.450240678208992	1.1531910190458243	48.536877610018614	10.723486598252054	9.775313381401139
12.774117048671325	0.6772505916469217	48.823256040815075	7.820894100786783	9.775313381401139
13.861522051072866	1.0114298676652567	47.75224699090992	7.34944082448524	9.775313381401139
11.617379055934629	0.6877928266307801	48.81919482220925	9.746614823557206	9.775313381401139
13.357215423007334	1.1081563175007363	48.81566945607486	8.469602272399133	9.775313381401139
6.789517297613964	0.968791143164973	46.7446202598707	11.099842060274685	9.775313381401139
8.936063457248721	0.8841918078910223	46.98105172207136	8.142950043370499	9.775313381401139
11.642279907119548	1.3949407370219764	47.13412313129273	8.494960773322	9.775313381401139
12.541658528836034	1.3128052753798156	46.98582289312883	7.986374498671199	9.775313381401139
13.68050182958203	1.488724936537208	48.815118073104124	8.118724668036496	9.775313381401139
11.484002815261647	0.731202786471546	48.662304966425665	9.550466159783706	9.775313381401139
12.152919992537067	0.9042886945637317	47.43691915292156	10.15435053512395	9.775313381401139
9.775634086196334	1.0437542165472546	48.530662335806966	8.97022840276308	9.775313381401139
8.040951779264901	0.8042055266321605	48.60793181117433	12.055088641655113	9.775313381401139
12.01875952245524	0.9281376974906225	47.68600031962529	8.976660313389745	9.775313381401139
11.678287980146225	1.1102833573167443	47.537840283636676	8.568640650479178	9.775313381401139
8.971473771608748	1.2390499196659843	48.977414074610564	14.261430784572187	9.775313381401139
11.372849071245538	0.516597547683938	48.810223686389826	9.533419238799649	9.775313381401139
12.423220288563671	0.7093091585645915	48.00324262959759	9.38212596216156	9.775313381401139
12.127086381831546	0.8075253776741838	48.13312609344067	9.12715715476542	9.775313381401139
10.153927846108317	0.637583239803391	48.26191990651917	8.93228644537183	9.775313381401139
9.606656418563261	1.004496380208732	46.990960896091444	8.900675636879742	9.775313381401139
9.77535247624095	1.0273235479871823	46.4645074504026	10.537861174527436	9.775313381401139
10.007542858948026	0.8067624862486813	47.136238136973844	7.954936814514757	9.775313381401139
10.370870000217062	0.859443865215787	47.32191552314608	8.279728350419974	9.775313381401139
9.916128027276928	0.5369052766274613	47.34905087871624	8.92051658009784	9.775313381401139
15.014757206835428	1.0769571094641763	47.97487130939827	7.68191519407723	9.775313381401139
12.126188506051488	1.2572811179057035	48.81970560716271	10.047629417857518	9.775313381401139
8.331170429130186	0.5816008058642507	48.3164203962308	10.570570450017353	9.775313381401139
9.926093846060352	0.8461801988929101	47.32118015976106	8.579560236299324	9.775313381401139
12.076310952722869	0.1330151276569745	48.247985192567	9.015096474335959	9.775313381401139
11.954431984053668	1.084740794015688	48.64096331874882	10.001509931106252	9.775313381401139
15.319806403969569	0.4826871967671604	48.629815752807396	7.830558826366589	9.775313381401139
7.583990094249779	0.8979051889404335	47.34872614385853	9.316820336422087	9.775313381401139
8.498830628206486	0.829795322235343	46.64515586297193	6.641005086119451	9.775313381401139
8.94487518144877	0.32165970292140933	46.62259464008572	10.351250655580976	9.775313381401139
11.546445233376245	0.9222133923156509	46.61706440851028	8.674692947001878	9.775313381401139
7.308034419529711	1.1737363460328005	46.625845258950235	9.39005734757603	9.775313381401139
8.98285731127137	0.7010122922364374	47.97664923581712	8.311023538027591	9.775313381401139
13.366817440411905	1.0238455458800182	46.833540940214256	7.311406475897867	9.775313381401139
10.435411197979256	0.6944244308310273	46.97789568049369	8.195674039515982	9.775313381401139
9.112165756527139	0.7739651961925327	46.83218093786274	7.843367275154449	9.775313381401139
8.675182592212597	0.7903319359009947	47.31465550881097	8.133606456319283	9.775313381401139
14.919662079243604	0.6092709969858771	47.51152301346565	6.044970234020568	9.775313381401139
7.962223958519893	0.40300187623060263	47.9673425384159	9.597102973384084	9.775313381401139
7.310192053892643	0.7867689303239499	48.8273629302077	9.230555855163804	9.775313381401139
11.608259672163685	1.1300145802153032	48.257156139137436	10.568826578291155	9.775313381401139
10.42092280397809	0.7981277641895445	47.98408282143926	10.493046932884457	9.775313381401139
10.82162269544419	0.9237414913815295	46.48658189065385	8.43923075357439	9.775313381401139
8.907686177447264	0.5436613914425283	46.65910966225617	9.919886636652773	9.775313381401139
10.861258711708013	1.2017277628729155	48.662679475093086	8.727750627303339	9.775313381401139
15.316344823151349	1.4386073369239318	49.480821848380444	8.040065004356265	9.775313381401139
10.953994740577299	0.6553780263172946	47.32025934295077	8.477293008297313	9.775313381401139
10.759224498388082	1.441610117026566	48.834878824066166	10.429762459759083	9.775313381401139
8.08224652924512	1.0017401063904532	47.53869161521766	10.700677334835719	9.775313381401139
8.975914247100896	0.9697781097236169	50.60858936286337	9.979438350069353	9.775313381401139
12.088766923517282	1.186092282146852	47.52940837576574	8.54001155541639	9.775313381401139
12.38618247831261	0.423315825417892	47.99147708591086	9.162565162719172	9.775313381401139
10.611827561077746	0.6097235439085489	47.516795494437766	9.06119858756886	9.775313381401139
9.570706831583049	1.0504262638245694	48.512985261465644	9.976476140521164	9.775313381401139
11.52975113595397	0.4423272591909844	49.8270360337336	9.465629543904559	9.775313381401139
11.912306658979231	1.1821240909142074	47.312693088341206	10.078121021688181	9.775313381401139
10.03887229878936	0.6840307515574487	47.5179479237579	10.492302974249686	9.775313381401139
6.333990263527399	1.147136284774999	47.532469671412095	7.921365132016514	9.775313381401139
10.989785056099393	0.9540896361883849	47.51382686971801	8.630560771465378	9.775313381401139
7.448592374718958	0.6606981609939458	47.96785143152345	11.496171203727133	9.775313381401139
6.559156978313226	0.1811392327244903	46.83762380568235	9.253167747656954	9.775313381401139
7.720134317975662	0.7858347289859667	47.338846601686555	8.684533824240686	9.775313381401139
10.693952802491202	1.1987675744507242	47.54056989399971	9.030987509027247	9.775313381401139
6.968853878023969	0.524043211262213	46.466799768997184	6.777732124858981	9.775313381401139
12.741423505223812	1.2113478000958628	49.47833826458574	9.203087273494743	9.775313381401139
10.435289208015217	1.1027387896555645	46.97746618177756	8.559111817561392	9.775313381401139
7.906413615043769	0.40920583550214734	47.99253208132068	10.652144375399867	9.775313381401139
10.390964480785748	1.2955391960119698	46.63388559708128	9.505324271898907	9.775313381401139
8.609869538310443	0.8342094279290488	50.18488773196986	9.628353896407429	9.775313381401139
9.749743731606033	1.2252758313306793	48.822801744099706	8.97000770579976	9.775313381401139
7.6622502596041135	0.9592739444214005	47.02433159461918	7.685946236980456	9.775313381401139
9.95039746294278	1.0162450633983597	46.97577852861464	10.219884392534002	9.775313381401139
10.405594038748719	0.9721566569707366	49.85711258190149	12.072010003508746	9.775313381401139
10.193193086773288	1.0604274877979325	48.83415546751862	11.665250095482904	9.775313381401139
8.326892856609554	0.4425636189490379	46.98982010174311	9.942995856008272	9.775313381401139
12.834168910444943	0.5561373915106141	46.975263398559825	8.212331225547757	9.775313381401139
5.480767604623169	0.5499243333046161	46.85705786602637	10.368393587829924	9.775313381401139
13.299938480760835	0.9832356699793301	48.814363069817944	9.342510881475075	9.775313381401139
7.830883904061752	1.3836390676488766	46.96640304057193	11.430166552396903	9.775313381401139
10.033156155514613	1.1772175238732665	46.981896997144986	8.229992735041007	9.775313381401139
10.804658791723467	0.9006248607162304	47.1236497889188	9.108830340809238	9.775313381401139
11.060637587626408	1.4988566662368386	47.528790750932515	7.245140557718057	9.775313381401139
7.393141912549563	0.7568492530503904	46.83290019348447	6.966405185193594	9.775313381401139
10.584734223209514	0.6680490845199847	47.39230907749263	9.62851503846004	9.775313381401139
10.958204444220183	0.8373962915905846	47.96902313689918	10.221874839184057	9.775313381401139
7.7678439746858015	0.7975441279954901	47.52540313463397	8.936095092115576	9.775313381401139
8.376493772719934	0.5009512394844645	47.751327805736906	9.527643858473246	9.775313381401139
7.809390731556609	1.22876466492384	45.73481518909445	7.179281294287418	9.775313381401139
10.12401030713377	1.3582956747187942	46.854974025678445	8.630264195043406	9.775313381401139
7.570567775022004	0.8609709803802323	47.30469336024532	10.210588841268606	9.775313381401139
9.720485258060728	0.79218814862037	48.24308139304356	9.77866399229892	9.775313381401139
8.722809893728513	0.8688151795981561	46.10887680889659	8.660443650756443	9.775313381401139
10.447786134211606	0.7843363220524853	49.025947176621024	8.930463050391317	9.775313381401139
7.606007153411189	1.2985840428040554	47.74761395376073	9.60315493486746	9.775313381401139
10.207011779599634	1.2132338591472192	46.98053461096573	8.036846407698743	9.775313381401139
7.136616145637148	0.5414643877392821	47.50538342151173	9.584433050177456	9.775313381401139
9.699505248182327	0.9233866040617242	46.985368136669464	8.74628380577737	9.775313381401139
