steps	episodes	elapsed	mean	median	stdev	max	min	average_discriminator_loss	average_rewards	average_value	average_entropy	average_value_loss	average_policy_loss	n_updates	explained_variance
10112	79	83.76895546913147	0.0	0.0	0.0	0.0	0.0	-0.611986802965519	-1.1413274928927422	-52.90110353279114	0.612746287971735	92.65029228210449	-0.06382196651771664	1280	nan
20096	157	176.2263114452362	0.0	0.0	0.0	0.0	0.0	-0.8510383168321568	-1.8671762115425534	-113.44809987258911	0.49172912106662986	464.036290435791	-0.06211536226794124	2880	nan
30080	235	268.6658179759979	0.0	0.0	0.0	0.0	0.0	-0.2955854342943057	-1.9802614940064294	-107.79578573226928	0.38596346937981435	723.4042602539063	-0.03658011302351952	4480	nan
40064	313	360.236531496048	0.0	0.0	0.0	0.0	0.0	-0.11285226562502794	-1.9564653305630935	-112.958320520401	0.2713235317608342	307.96101623535156	-0.030150465834885835	6080	nan
50048	391	452.16197061538696	0.0	0.0	0.0	0.0	0.0	-0.2708798675737635	-2.15165289118886	-130.36203091812135	0.17536410655465443	1829.239206237793	-0.05267553398385644	7680	nan
60032	469	543.2794501781464	0.0	0.0	0.0	0.0	0.0	-1.1998875686093233	-2.7403416376689385	-246.11981321716308	0.1639933660682291	5586.397775878906	-0.06564981488510967	9280	nan
70016	547	634.8707213401794	0.0	0.0	0.0	0.0	0.0	-0.5254074675777519	-3.268224287559004	-100.57342757034301	0.008126760614325577	197.94694946289061	-0.004724496826529503	10880	nan
80000	625	726.626451253891	0.0	0.0	0.0	0.0	0.0	-0.3157174474615604	-3.0998094349335403	-50.70611814880371	0.0010103636888849307	67.12144294738769	0.0002092406013980508	12480	nan
90112	704	819.4543421268463	0.0	0.0	0.0	0.0	0.0	-0.5820731148920022	-2.8027793671935797	-6.287084961861372	2.8664836248512113e-05	15.0975576877594	0.003503775279968977	14080	nan
100096	782	901.2833335399628	0.0	0.0	0.0	0.0	0.0	-0.6964595554978587	-2.5432976467224457	24.547930720865725	2.8870533009006784e-05	22.382975730895996	-0.001729731410741806	15360	nan
110080	860	993.2058305740356	0.0	0.0	0.0	0.0	0.0	-0.8030418084757402	-2.2121658523408874	49.00522371482849	4.596584117952237e-05	40.5671053314209	-0.0023740505520254375	16960	nan
120064	938	1084.0667748451233	0.0	0.0	0.0	0.0	0.0	-0.8829433942558244	-1.8915138549075043	64.45963241958619	1.402339618165797e-05	41.59773530960083	0.004381202766671777	18560	nan
130048	1016	1174.9866206645966	0.0	0.0	0.0	0.0	0.0	-1.0165382186295464	-1.5828519828972363	87.65544861221314	6.016060782324519e-05	51.67679557800293	-0.0013604355417191983	20160	nan
140032	1094	1265.7478272914886	0.0	0.0	0.0	0.0	0.0	-1.0775347553356551	-1.285414686645655	97.42186863708496	1.7236487303643515e-05	53.67841625213623	-0.001141052832826972	21760	nan
150016	1172	1356.182800769806	0.0	0.0	0.0	0.0	0.0	-1.2060236689755692	-1.0052022163386214	109.63188475036621	1.4315988602812099e-05	72.15277248382569	0.0030389428324997425	23360	nan
160000	1250	1446.5282628536224	0.0	0.0	0.0	0.0	0.0	-1.298582613829989	-0.7404755947108452	116.08294788742066	7.600201781295633e-06	91.85509685516358	0.0017846329044550657	24960	nan
170112	1329	1537.9389498233795	0.0	0.0	0.0	0.0	0.0	-1.3667451595980673	-0.49048725210399513	128.81244513702393	8.842162091377732e-06	93.33622659683228	0.0014220447093248366	26560	nan
180096	1407	1619.228699207306	0.0	0.0	0.0	0.0	0.0	-1.4762373596145772	-0.30247840499398354	136.69800856781006	8.975400512156172e-06	117.67244705200196	-0.002170194871723652	27840	nan
190080	1485	1710.452309846878	0.0	0.0	0.0	0.0	0.0	-1.5110940782721154	-0.0780260469764471	144.77768282318115	1.174646153571439e-05	110.35309566497803	-0.005857516564428806	29440	nan
200064	1563	1801.3462872505188	0.0	0.0	0.0	0.0	0.0	-1.628784972473979	0.12766119768631826	147.40867456817628	1.4738817315759597e-05	136.73549228668213	-0.0008833041973412037	31040	nan
210048	1641	1893.0362803936005	0.0	0.0	0.0	0.0	0.0	-1.7138291944563389	0.3215676139236665	169.3317043609619	0.007087532595773979	139.7281294631958	-8.358749561011791e-05	32640	nan
220032	1719	1984.7323553562164	0.0	0.0	0.0	0.0	0.0	-0.3342810548363341	0.5277528620072615	289.0493250045776	0.15865418093757921	3318.5608825683594	-0.02890960892662406	34240	nan
230016	1797	2076.6156957149506	0.0	0.0	0.0	0.0	0.0	-0.20337355620869493	0.6396113795760486	156.3128415336609	0.21504493255641738	856.0845266723633	-0.040965707134455444	35840	nan
240000	1875	2168.6831719875336	0.0	0.0	0.0	0.0	0.0	-0.2478136398693314	0.696996800092041	120.41118038415908	0.11743037559209835	454.09770935058594	-0.021900250250473617	37440	nan
250112	1954	2261.1625509262085	0.0	0.0	0.0	0.0	0.0	-0.2718974342134898	0.7574419615576502	110.5519762096405	0.11983272208570955	386.47456420898436	-0.018578067291527986	39040	nan
260096	2032	2353.004637002945	0.0	0.0	0.0	0.0	0.0	-0.20381495667609853	0.8213196619171795	113.80541545882821	0.14959754604363965	431.36243850708007	-0.026672090925276278	40640	nan
270080	2110	2434.293153524399	0.0	0.0	0.0	0.0	0.0	-0.20046110701328143	0.8619088991793967	90.48768107765913	0.17344829628175382	402.4381979370117	-0.028988512754440306	41920	nan
280064	2188	2525.9918217658997	0.0	0.0	0.0	0.0	0.0	-0.2202911856083665	0.9066564021632075	93.9014838322401	0.1680658269592368	426.71552642822263	-0.03474325792863965	43520	nan
290048	2266	2617.885336637497	0.0	0.0	0.0	0.0	0.0	-0.23226817598147317	0.951037642116665	107.31554488995671	0.15525822343799123	333.61248458862303	-0.023632191093638538	45120	nan
300032	2344	2709.989065170288	0.0	0.0	0.0	0.0	0.0	-0.2451139590279199	0.9905735606914514	95.09589430427552	0.16793370696567098	215.72740982055663	-0.033689818922430274	46720	nan
310016	2422	2802.223082780838	0.0	0.0	0.0	0.0	0.0	-0.2267047168329591	1.0208480935913837	90.84765151877701	0.1546045330549726	285.722700881958	-0.029925493225455284	48320	nan
320000	2500	2893.919153690338	0.0	0.0	0.0	0.0	0.0	-0.24883956266869792	1.0573373430718978	104.01694586235284	0.16161788829046736	225.62931442260742	-0.025150064527988434	49920	nan
330112	2579	2985.970860004425	0.0	0.0	0.0	0.0	0.0	-0.22984946348675295	1.096627667222334	104.00897057008743	0.15803343254821492	302.3387794494629	-0.023684697337448598	51520	nan
340096	2657	3077.9219043254852	0.0	0.0	0.0	0.0	0.0	-0.25670778219553175	1.1321633028607052	103.92835469068586	0.16193480852724496	330.80567443847656	-0.030734341572970152	53120	nan
350080	2735	3159.7469918727875	0.0	0.0	0.0	0.0	0.0	-0.24049816022871529	1.1573930622461963	110.39925753319264	0.17139527633865737	307.90125244140626	-0.028183106314390898	54400	nan
360064	2813	3251.491406917572	0.0	0.0	0.0	0.0	0.0	-0.2725017445955891	1.186524364735399	103.50160175937414	0.1758024563150343	237.44144592285156	-0.031139610139653086	56000	nan
370048	2891	3343.4304842948914	0.0	0.0	0.0	0.0	0.0	-0.27323337565455585	1.2168557201408678	109.53556167650223	0.17238511438448864	327.58397094726564	-0.02938308985903859	57600	nan
380032	2969	3435.280634880066	0.0	0.0	0.0	0.0	0.0	-0.2616650718495948	1.2449716897832381	103.38094550357759	0.16257558268842512	301.50856628417966	-0.026075692027807237	59200	nan
390016	3047	3527.1286811828613	0.0	0.0	0.0	0.0	0.0	-0.2843034978247015	1.270755727157781	102.88366675508023	0.17790249413141282	269.94366577148435	-0.02923786586150527	60800	nan
400000	3125	3619.0205166339874	0.0	0.0	0.0	0.0	0.0	-0.2844678092561662	1.2938211778417612	90.57085067882389	0.18207586725921465	235.92245262145997	-0.027420580163598062	62400	nan
410112	3204	3711.6183121204376	0.0	0.0	0.0	0.0	0.0	-0.29083370470779485	1.3158361930772662	96.99093443703651	0.1864638702709599	218.99475051879884	-0.03190690414980054	64000	nan
420096	3282	3803.8218882083893	0.0	0.0	0.0	0.0	0.0	-0.3143021500397008	1.3359632243107005	101.65121175074577	0.1717148858680157	168.71611694335937	-0.03072035849094391	65600	nan
430080	3360	3895.4797916412354	0.0	0.0	0.0	0.0	0.0	-0.32535979808308185	1.360971965782699	104.1804386484623	0.1759974634035725	232.361279296875	-0.02725376537069678	67200	nan
440064	3438	3977.0961225032806	0.0	0.0	0.0	0.0	0.0	-0.31640024372714104	1.382005300024681	107.75539138308167	0.1668998295739002	246.38718574523926	-0.031922401655465366	68480	nan
450048	3516	4068.96155333519	0.0	0.0	0.0	0.0	0.0	-0.3198228257073788	1.4043879308588973	113.04986292266845	0.16397704225814777	214.5733171081543	-0.026250952603295446	70080	nan
460032	3594	4161.069933652878	0.0	0.0	0.0	0.0	0.0	-0.3187031715714838	1.4229318622965366	102.10160034263134	0.17387730791256034	289.26256462097166	-0.0225385395437479	71680	nan
470016	3672	4253.140661478043	0.0	0.0	0.0	0.0	0.0	-0.32805592250986954	1.4386864308121423	97.60805609285832	0.16587382976639675	244.4414771270752	-0.0232850999571383	73280	nan
480000	3750	4345.719244718552	0.0	0.0	0.0	0.0	0.0	-0.3424146711169742	1.4579075703190432	111.97267320308089	0.16748569842095276	218.0064895629883	-0.02678662964142859	74880	nan
490112	3829	4438.7924864292145	0.0	0.0	0.0	0.0	0.0	-0.35479306924249976	1.4765416703900034	108.19651491859555	0.1527014044788375	182.85201942443848	-0.024865497658029197	76480	nan
500096	3907	4531.1013770103455	0.0	0.0	0.0	0.0	0.0	-0.3537297700049821	1.494841724725776	106.73299187719822	0.14841552336429048	235.7814476776123	-0.02455135479569435	78080	nan
510080	3985	4623.688997030258	0.0	0.0	0.0	0.0	0.0	-0.34985992922086734	1.5178798964643574	113.87262936353683	0.15938567190437333	201.2867237854004	-0.01812586335465312	79680	nan
520064	4063	4705.935061454773	0.0	0.0	0.0	0.0	0.0	-0.3442941321784165	1.5326945127646914	108.00266303634643	0.16983033759025237	302.9306282043457	-0.023238255009055138	80960	nan
530048	4141	4797.886168718338	0.0	0.0	0.0	0.0	0.0	-0.37145597640576306	1.5487155457741992	111.97457856559754	0.16011990518103267	292.00722137451174	-0.022725094724446535	82560	nan
540032	4219	4889.817219734192	0.0	0.0	0.0	0.0	0.0	-0.3762727677614894	1.5644000406897567	113.2359471693039	0.16116613456733273	285.61636001586913	-0.022271575294435023	84160	nan
550016	4297	4981.741462469101	0.0	0.0	0.0	0.0	0.0	-0.386955812578788	1.5818094296186274	115.53119552761316	0.17279859677964124	265.90577209472656	-0.026093150386586786	85760	nan
560000	4375	5073.421010732651	0.0	0.0	0.0	0.0	0.0	-0.40456971567543226	1.5998081755670872	107.46285397100449	0.17218734461427904	262.46234603881834	-0.025779758850112557	87360	nan
570112	4454	5165.195074796677	0.0	0.0	0.0	0.0	0.0	-0.4077270300548989	1.6162970551430322	121.46108020591736	0.15558856810926228	269.6298077392578	-0.021856293976306916	88960	nan
580096	4532	5256.968547821045	0.0	0.0	0.0	0.0	0.0	-0.39968716640269847	1.6354861584600626	124.42294132947922	0.1509603987123337	160.07432720184326	-0.022024977952241898	90560	nan
590080	4610	5348.091579914093	0.0	0.0	0.0	0.0	0.0	-0.42683419777895326	1.6547111194942974	127.49393586190045	0.15334781524997199	294.219454574585	-0.021508426535874606	92160	nan
600064	4688	5439.086499452591	0.0	0.0	0.0	0.0	0.0	-0.40162367015657946	1.6733638195403606	125.90109893491864	0.1528247746593297	232.32735855102538	-0.021967927049845456	93760	nan
610048	4766	5520.435065984726	0.0	0.0	0.0	0.0	0.0	-0.4418313252974767	1.6890374495074003	123.58991287899018	0.16100824607207675	239.41101524353027	-0.024267985429614784	95040	nan
620032	4844	5611.971554756165	0.0	0.0	0.0	0.0	0.0	-0.3976783713810146	1.7069033917952452	124.28175940835476	0.1628794808224673	284.608719329834	-0.01710770243778825	96640	nan
630016	4922	5702.990495443344	0.0	0.0	0.0	0.0	0.0	-0.4272737632652279	1.7228153074942893	125.57376356601715	0.1666390647188182	248.67682037353515	-0.02211055440828204	98240	nan
640000	5000	5793.954237937927	0.0	0.0	0.0	0.0	0.0	-0.40174652548856105	1.7381300487531683	111.81523948615789	0.17445314049760874	268.4359087371826	-0.024330988880246877	99840	nan
650112	5079	5885.17809009552	0.0	0.0	0.0	0.0	0.0	-0.41181886494578795	1.7518000539497998	117.47783640795946	0.16928257664737248	259.7506330871582	-0.02443592675961554	101440	nan
660096	5157	5976.237822294235	0.0	0.0	0.0	0.0	0.0	-0.4239813771122135	1.7630883977974054	116.01508490109444	0.1682107535040933	220.57973121643067	-0.02023570779711008	103040	nan
670080	5235	6066.985919713974	0.0	0.0	0.0	0.0	0.0	-0.43440591493365355	1.7771841922621114	117.64571148562432	0.17273212147797495	185.8579588317871	-0.02614674052223563	104640	nan
680064	5313	6158.386235952377	0.0	0.0	0.0	0.0	0.0	-0.4445876894877292	1.792931781902191	125.51479760551453	0.15274197727868885	216.21778884887695	-0.020113851223140956	106240	nan
690048	5391	6239.429146051407	0.0	0.0	0.0	0.0	0.0	-0.454319993944373	1.8057829287745768	126.41402560563385	0.1720611357093162	196.5690309906006	-0.020274342708289622	107520	nan
700032	5469	6330.692231416702	0.0	0.0	0.0	0.0	0.0	-0.4601956256965641	1.8225393460249621	136.19637720513344	0.1580471129746875	331.6022666931152	-0.01940264812670648	109120	nan
710016	5547	6421.654197216034	0.0	0.0	0.0	0.0	0.0	-0.44806704279454423	1.8383173174897716	131.3560188614577	0.16059024161403795	270.2665760040283	-0.0161302706040442	110720	nan
720000	5625	6512.888046741486	0.0	0.0	0.0	0.0	0.0	-0.4739273593199905	1.8546859203198356	132.51772287201882	0.15970032668182557	251.52461288452147	-0.01999512976035476	112320	nan
730112	5704	6604.146118879318	0.0	0.0	0.0	0.0	0.0	-0.4822554094223306	1.870654922920499	139.35009522295	0.16376120188842105	158.06342025756837	-0.01607403453439474	113920	nan
740096	5782	6695.479004144669	0.0	0.0	0.0	0.0	0.0	-0.47106709819776005	1.8865577194457899	140.02624483847617	0.15825827924773944	361.1517143249512	-0.014284360241144895	115520	nan
750080	5860	6786.94317650795	0.0	0.0	0.0	0.0	0.0	-0.47855329955834897	1.9016768467190162	133.69250942611694	0.1538834937525461	377.77628845214844	-0.014531959500163793	117120	nan
760064	5938	6878.498062610626	0.0	0.0	0.0	0.0	0.0	-0.4796034332038835	1.9167030851113185	135.81641152596472	0.17255608877973283	212.35953826904296	-0.0175753060169518	118720	nan
770048	6016	6970.274613618851	0.0	0.0	0.0	0.0	0.0	-0.48455093694571405	1.9308844757801358	136.2025324831009	0.1668138548221359	289.9907305145264	-0.019016534332185985	120320	nan
780032	6094	7051.98756480217	0.0	0.0	0.0	0.0	0.0	-0.49212264365004377	1.9419761404199036	132.8757936849594	0.17097785467609627	302.5494895172119	-0.017900710497051477	121600	nan
790016	6172	7144.027009963989	0.0	0.0	0.0	0.0	0.0	-0.49539644786086867	1.9567488760723697	134.906292812109	0.1586090233723347	322.5151304626465	-0.012952336445450782	123200	nan
800000	6250	7235.874132156372	0.0	0.0	0.0	0.0	0.0	-0.5142651774752885	1.9708732357965066	136.37364954715966	0.16272088800330933	248.54662414550782	-0.017165970895439385	124800	nan
810112	6329	7327.613670349121	0.0	0.0	0.0	0.0	0.0	-0.5008092413579579	1.9854637252190446	142.60772730207444	0.160006351237996	257.50046737670897	-0.017885310854762793	126400	nan
820096	6407	7419.553505182266	0.0	0.0	0.0	0.0	0.0	-0.504975810036296	2.0000662795268	143.84293028874694	0.16383798044705328	343.0062599182129	-0.01359099853783846	128000	nan
830080	6485	7511.494758367538	0.0	0.0	0.0	0.0	0.0	-0.5166223356274422	2.014367000317132	136.6652704269886	0.16284177201109742	188.31572563171386	-0.01509891489520669	129600	nan
840064	6563	7603.790594339371	0.0	0.0	0.0	0.0	0.0	-0.4869739352371544	2.028509708493948	142.5738755427599	0.157393461355794	377.98273712158203	-0.01614890780299902	131200	nan
850048	6641	7696.029233217239	0.0	0.0	0.0	0.0	0.0	-0.5220961140207946	2.0419583237853396	141.94320334357025	0.16028305887224542	336.6439385986328	-0.013456684779375791	132800	nan
860032	6719	7777.792667865753	0.0	0.0	0.0	0.0	0.0	-0.4980624101404101	2.0522219517883937	138.52101177984477	0.15728991738431886	301.72500679016116	-0.013801488196477293	134080	nan
870016	6797	7869.420335054398	0.0	0.0	0.0	0.0	0.0	-0.4767929329222534	2.064487598186253	134.46222316360473	0.16797243700564285	341.0151397705078	-0.009754925351589918	135680	nan
880000	6875	7960.8630402088165	0.0	0.0	0.0	0.0	0.0	-0.5234929955722765	2.0759212901785378	139.01678685045243	0.16029053274768376	270.371798324585	-0.012764361798763274	137280	nan
890112	6954	8053.314857959747	0.0	0.0	0.0	0.0	0.0	-0.5354305568237323	2.0877811324177524	143.8851616871357	0.1586262239872376	256.36972396850587	-0.015890044793486595	138880	nan
900096	7032	8145.451969385147	0.0	0.0	0.0	0.0	0.0	-0.5300947191060986	2.09977258288711	141.29784220409394	0.17112848213136594	266.57761054992676	-0.011111010611057282	140480	nan
910080	7110	8237.225192070007	0.0	0.0	0.0	0.0	0.0	-0.5407086722331588	2.111979474137361	133.95427355718613	0.1720452383304182	310.61059677124024	-0.011030100546777248	142080	nan
920064	7188	8329.104485750198	0.0	0.0	0.0	0.0	0.0	-0.5465025992919691	2.123642170399361	143.85304399603606	0.17164229207322934	345.94566497802737	-0.01258996395394206	143680	nan
930048	7266	8421.272829055786	0.0	0.0	0.0	0.0	0.0	-0.5351560798189603	2.1351536877847193	141.8636213133335	0.1571279815026519	275.8732733154297	-0.012546686930581927	145280	nan
940032	7344	8513.085470676422	0.0	0.0	0.0	0.0	0.0	-0.5397659038978163	2.1471301156678493	143.55636950919032	0.15442395920724084	365.95082580566407	-0.012422342412173748	146880	nan
950016	7422	8594.404939889908	0.0	0.0	0.0	0.0	0.0	-0.5453488930421881	2.156481520709286	151.54145247030257	0.1559230249083339	290.4579597473145	-0.008704213760793209	148160	nan
960000	7500	8685.857344150543	0.0	0.0	0.0	0.0	0.0	-0.5554127975823357	2.1691859846409316	150.1149545881152	0.16302466481518058	285.1308031463623	-0.011051246523857116	149760	nan
970112	7579	8777.897331953049	0.0	0.0	0.0	0.0	0.0	-0.5661657988268416	2.182073821776387	132.3386172451377	0.17164474271710878	286.5945127868652	-0.011452469527721405	151360	nan
980096	7657	8869.4840695858	0.0	0.0	0.0	0.0	0.0	-0.5504516364105512	2.1949792674364654	150.51764014577864	0.17902935300120135	338.46655776977536	-0.00913998156785965	152960	nan
990080	7735	8960.847648143768	0.0	0.0	0.0	0.0	0.0	-0.5601859571496025	2.207124613132906	150.884490350008	0.15216786868914187	278.48829689025877	-0.010042624305933714	154560	nan
1000064	7813	9052.309338092804	0.0	0.0	0.0	0.0	0.0	-0.5534275746617932	2.219347533922581	150.3327529439926	0.1692970671455114	256.706418762207	-0.013668951746076345	156160	nan
1010048	7891	9144.332146167755	0.0	0.0	0.0	0.0	0.0	-0.5888567797159776	2.231156087837524	155.54474065494537	0.17157743455307353	329.15356246948244	-0.010188156114891172	157760	nan
1020032	7969	9235.98058104515	0.0	0.0	0.0	0.0	0.0	-0.5712654244184959	2.2438592578482677	150.85514895758033	0.18180384752163808	333.32929656982424	-0.010245972461998463	159360	nan
1030016	8047	9317.412506341934	0.0	0.0	0.0	0.0	0.0	-0.5386571937035769	2.2534941109973357	145.03462400227784	0.16997877472133952	283.46113693237305	-0.00916224718093872	160640	nan
1040000	8125	9409.021227359772	0.0	0.0	0.0	0.0	0.0	-0.5909545680710581	2.2651085367305037	145.8267223060131	0.17482806927498312	334.4933203125	-0.005447201011702418	162240	nan
1050112	8204	9501.746466636658	0.0	0.0	0.0	0.0	0.0	-0.5921399661172181	2.2775531250954373	152.4414663300514	0.1625959987723371	278.74584854125976	-0.00885066704824567	163840	nan
1060096	8282	9593.779994249344	0.0	0.0	0.0	0.0	0.0	-0.5684700554455631	2.2902452233652775	155.49615111470223	0.18156866572165745	438.7501091003418	-0.008371105631813407	165440	nan
1070080	8360	9685.966528892517	0.0	0.0	0.0	0.0	0.0	-0.5672858307813294	2.302164094015899	162.07085973501205	0.1625254376864468	323.82582077026365	-0.0076119516231119635	167040	nan
1080064	8438	9778.27212381363	0.0	0.0	0.0	0.0	0.0	-0.5877657880352344	2.3143034074490845	154.85882293257117	0.1692636225417209	431.58964126586915	-0.007860444281250238	168640	nan
1090048	8516	9870.871416568756	0.0	0.0	0.0	0.0	0.0	-0.5962334949052892	2.327132516603609	159.67680789124967	0.16629134360002354	359.99966003417967	-0.0026209135353565216	170240	nan
1100032	8594	9962.952120304108	0.0	0.0	0.0	0.0	0.0	-0.5614412358694244	2.339889276668679	163.68052451997994	0.16938832627901865	334.92913635253905	-0.0024172580055892468	171840	nan
1110016	8672	10054.933578252792	0.0	0.0	0.0	0.0	0.0	-0.6005513203714509	2.3525407444479502	169.43652788758277	0.17190188206404855	380.75480499267576	-0.006979508977383375	173440	nan
1120000	8750	10136.564304113388	0.0	0.0	0.0	0.0	0.0	-0.6008558359728194	2.3630795494513417	174.04470798397065	0.16479976452408301	421.47522201538084	-0.005681276246905327	174720	nan
1130112	8829	10229.405176877975	0.0	0.0	0.0	0.0	0.0	-0.6121654348412995	2.3762107153309886	160.98190191584825	0.1696372669986249	327.88420806884767	-0.009223219258710742	176320	nan
1140096	8907	10321.30777001381	0.0	0.0	0.0	0.0	0.0	-0.6019688155832701	2.388639873563707	167.7984859972	0.1666314916785468	427.23046142578124	-0.003595534972846508	177920	nan
1150080	8985	10413.383887052536	0.0	0.0	0.0	0.0	0.0	-0.6249326612413861	2.4010560455567695	172.27895721074938	0.17049878368666396	343.767140045166	-0.004707512408494949	179520	nan
1160064	9063	10504.884281873703	0.0	0.0	0.0	0.0	0.0	-0.6136543661500328	2.4135059453547	169.03194624900817	0.17805306518904582	308.4379315185547	-0.001651722751557827	181120	nan
1170048	9141	10597.278585910797	0.0	0.0	0.0	0.0	0.0	-0.6070376174359117	2.4257704529343678	167.60613737893104	0.17998714835607096	320.0065922546387	-0.003564724177122116	182720	nan
1180032	9219	10689.565374135971	0.0	0.0	0.0	0.0	0.0	-0.5960436878420878	2.4388576404890046	175.1356603255272	0.17256586522126055	636.3036656188965	-0.002703753150999546	184320	nan
1190016	9297	10781.894814252853	0.0	0.0	0.0	0.0	0.0	-0.6084328610822558	2.4513829216463634	172.961031560421	0.17145372966035075	379.9806407165527	-0.003928436376154423	185920	nan
1200000	9375	10863.785358667374	0.0	0.0	0.0	0.0	0.0	-0.6229456340922043	2.4610660628757923	177.13850553679467	0.17100711011636668	446.8378012084961	-0.0015368586964905262	187200	nan
1210112	9454	10956.31258058548	0.0	0.0	0.0	0.0	0.0	-0.6343595677695703	2.473865137097694	167.74377006542682	0.17014838025603785	502.94489837646483	-0.0021438489016145468	188800	nan
1220096	9532	11047.662519216537	0.0	0.0	0.0	0.0	0.0	-0.6114946265495382	2.4864530705979893	182.43945200538636	0.16434662104035125	382.39016822814943	0.0005663349479436875	190400	nan
1230080	9610	11138.883974075317	0.0	0.0	0.0	0.0	0.0	-0.6243744086986408	2.4993651742115617	184.14239306521415	0.15960888467573023	489.6238854980469	-0.0020021019876003267	192000	nan
1240064	9688	11230.51937031746	0.0	0.0	0.0	0.0	0.0	-0.6233354380670935	2.512138059550573	182.47682398033143	0.14633723375905539	546.9073803710937	0.00043146313168108464	193600	nan
1250048	9766	11321.976875782013	0.0	0.0	0.0	0.0	0.0	-0.6092832000153139	2.5246824665514174	180.28255492520333	0.17814607389787124	583.7354690551758	-0.003762028943747282	195200	nan
1260032	9844	11413.520551919937	0.0	0.0	0.0	0.0	0.0	-0.6217684860464651	2.5369426853651924	178.63084877058864	0.16643258894317842	405.3624119567871	0.0012273135408759116	196800	nan
1270016	9922	11505.45990037918	0.0	0.0	0.0	0.0	0.0	-0.643167992890114	2.5495512095550374	175.9613931747675	0.16333778396797424	720.1502502441406	0.0022227001748979093	198400	nan
1280000	10000	11597.949766159058	0.0	0.0	0.0	0.0	0.0	-0.6261224073723424	2.5617451807379723	186.5936890668869	0.1600516174459044	562.8094813537598	0.0034524292871356012	200000	nan
