mean_dist	min_dist	max_dist	agent_within_SS	expert_within_SS
31.172927525466896	3.2608618116163455	122.29736471240457	29.723227634896215	8.983867526726288
140.9019775728653	7.09121832564539	696.9058258632277	195.52295423319384	8.983867526726288
238.36487983412707	218.1070537587185	246.4872397881125	0.0	8.983867526726288
238.35003658136458	218.0359761583132	246.4872397881125	0.3117691453623979	8.983867526726288
238.36487983412707	218.1070537587185	246.4872397881125	0.0	8.983867526726288
238.36487983412707	218.1070537587185	246.4872397881125	0.0	8.983867526726288
238.36487983412707	218.1070537587185	246.4872397881125	0.0	8.983867526726288
238.36487983412707	218.1070537587185	246.4872397881125	0.0	8.983867526726288
238.36487983412707	218.1070537587185	246.4872397881125	0.0	8.983867526726288
238.36487983412707	218.1070537587185	246.4872397881125	0.0	8.983867526726288
268.44503656361485	142.95605782889623	412.7888524025401	69.53650281418201	8.983867526726288
51.13638627445823	8.75411158882608	148.45801601509731	38.19029616284193	8.983867526726288
15.618565258943185	1.1758778841109614	66.81980919388016	21.383912489504304	8.983867526726288
26.323630945214354	1.2058057376596807	160.9909576427384	27.84018128954549	8.983867526726288
15.171375753965643	1.8413301232870452	93.11029372408687	23.51980812597256	8.983867526726288
14.942175813938869	1.6488802864626706	58.052501090083396	14.149110429612566	8.983867526726288
12.512645354545516	2.0036638468003867	60.979680592448325	12.083152112950309	8.983867526726288
21.44161396877126	0.7651718963361465	122.81353593496381	25.783187785255585	8.983867526726288
25.236621840812347	1.1381308677015407	77.74933613277412	25.02484917729146	8.983867526726288
22.620627694709768	3.008639366544097	58.92046737269446	11.856813625450592	8.983867526726288
13.635436566620202	2.0333165392755688	78.27425593383441	19.80754447549139	8.983867526726288
11.311155473353415	1.1217522607517012	46.70611865980053	11.600458145407046	8.983867526726288
16.484799450285426	1.1903166835778576	69.2595889755555	18.927205550759446	8.983867526726288
8.330138880163085	1.5332079811336095	41.078703663749984	11.982512136644687	8.983867526726288
13.820926697967243	0.7369456375461138	67.65830466758617	17.229341571073476	8.983867526726288
6.970250894262181	1.0326102913503747	39.37357484018681	7.989549033096758	8.983867526726288
5.439115382824848	1.113660347832029	46.09775492365314	10.473512933166372	8.983867526726288
7.859426356511413	1.8481003040621287	60.546332193802776	14.146240276601295	8.983867526726288
42.08438115960056	1.048992340747384	171.47877265277248	39.46516176584903	8.983867526726288
10.4085480599064	1.286488932477562	54.70377356529149	11.493445978825488	8.983867526726288
11.765209920095828	1.7718087310558333	37.81618573038591	7.805132399244078	8.983867526726288
6.213374523309787	1.000823934545517	36.92890773068835	9.09443798873055	8.983867526726288
72.7314229161103	8.424065471842486	475.7349533584018	78.67980342246801	8.983867526726288
12.549578205616417	0.8481130459373107	45.749448703244646	12.426936233911348	8.983867526726288
40.86700512095014	0.979784659392229	309.08652010691753	51.10868453446574	8.983867526726288
36.053828124727076	1.372782911041911	183.1544342393016	41.89815721548996	8.983867526726288
49.910696434811186	1.5745472127189915	359.8884584432349	69.51352430173264	8.983867526726288
23.509976684092447	2.3245500788937052	125.11354511298278	30.163780648719438	8.983867526726288
11.336055359548004	0.710919025925114	53.42186507545458	12.63848530657943	8.983867526726288
7.765442429470983	1.9806848652981663	46.56616913403033	11.357930175204313	8.983867526726288
10.906343588844658	0.3492688547169569	51.38944806222593	13.454703858143308	8.983867526726288
10.746618292847943	0.22899993544204394	70.60503709183939	19.26365396625217	8.983867526726288
7.197891788022907	0.2320727397964317	63.72365159002091	16.654768102356662	8.983867526726288
4.721299028679742	1.0166552664791353	46.533944871709934	11.397489950445536	8.983867526726288
10.3089363850743	3.733654569451596	67.1499597763709	13.618671390428194	8.983867526726288
8.207520615776275	1.3061556545781705	69.01061332944751	13.460203145897347	8.983867526726288
10.028433958219983	0.44052214263893746	89.35401410280721	16.413451080111447	8.983867526726288
7.170617926397322	0.28381788624425924	54.32921595076775	15.372547863093285	8.983867526726288
6.074453503036072	0.5725010597221158	56.25453514625844	13.26295851952715	8.983867526726288
20.501475157404553	1.133837042753267	69.05107175574723	17.20883173049696	8.983867526726288
10.244312084515789	0.09257348102953133	67.90517946374665	13.845720835210367	8.983867526726288
14.1442885717726	1.087693714680536	74.01897650316818	16.025203856392018	8.983867526726288
10.075415607676067	1.4334825966326812	75.23646267660642	17.58616002761743	8.983867526726288
16.47385592607998	1.010938171777021	84.0319716705857	15.74912842087086	8.983867526726288
13.300674007351992	1.220476627594189	107.2827611254915	25.35339357219464	8.983867526726288
20.349224394765596	0.5457311638713916	122.99188044625832	26.334021124672137	8.983867526726288
14.433187992718103	0.6547157879522355	54.83549824773331	15.003303747370031	8.983867526726288
7.35618705749177	0.30725140786392063	63.7481230248234	15.666145751786024	8.983867526726288
6.227081532183915	1.0651007370959404	55.75918311087344	18.336966907563106	8.983867526726288
54.31796839740493	0.6722626118896113	376.0191013929083	72.04994292974371	8.983867526726288
24.380658631068986	0.29119073658076605	99.20118211443489	22.343402777979612	8.983867526726288
6.362967867283859	1.0139535465518323	50.137634103939526	12.772174065379044	8.983867526726288
44.00349131778261	2.680122758013859	108.51541732628061	24.61790559991776	8.983867526726288
6.594297221882679	1.0992721148967912	49.79766884226816	10.028718185997949	8.983867526726288
16.85389893084481	0.18537971145650536	70.61482999640131	19.187123897255194	8.983867526726288
29.95300319182203	1.0250484004569704	106.92576674809223	25.460543486822182	8.983867526726288
37.815043590583294	1.1860302126483357	206.12042431070654	39.38141374635704	8.983867526726288
38.04754795525339	1.4999999999999991	173.42476526153425	31.017553768947938	8.983867526726288
9.801767402901936	1.2749711238573385	65.77674171332163	14.869412879112101	8.983867526726288
22.46178346683171	2.1398271459206133	81.6785174274198	22.06664006358256	8.983867526726288
6.966923620723946	2.2219661291002897	69.09737759862583	14.358337878127397	8.983867526726288
9.733877392498359	0.0807867751015343	55.24236173019348	15.343324542200628	8.983867526726288
104.25985603872908	1.7500737237032031	515.6615873574823	143.51513845567248	8.983867526726288
26.010001102097075	0.6596566154053504	108.75189030102518	23.394357391912415	8.983867526726288
4.311199662996673	0.9816331255573916	36.63384945294265	9.663391342211753	8.983867526726288
30.171073877795966	1.4744774838393153	113.57728389209261	27.447078442400162	8.983867526726288
104.56804112918392	1.451433122807285	516.030408406482	114.04590398816711	8.983867526726288
13.88420520009955	0.5072789384014373	60.07444970694181	13.466930698751451	8.983867526726288
4.997286637627506	0.7671880877909483	49.3357169634869	11.683353207186931	8.983867526726288
13.692193825259627	1.4259481799353322	71.30436351161853	18.260968266264083	8.983867526726288
6.4736754003242885	0.24520006740580869	88.19406957316835	15.832850726817378	8.983867526726288
12.540647873063424	1.0894515640728788	84.05561682439567	15.754093833675665	8.983867526726288
6.656207984811812	1.189825885957303	59.12472702322735	15.058048495024806	8.983867526726288
5.943818786502494	0.904673746088211	36.55945874429809	6.670116675680622	8.983867526726288
16.61915103726325	0.47831729380295884	70.47911077442193	22.60225388756032	8.983867526726288
13.948284272179752	0.8942949378968177	123.50362819176276	28.300879024783463	8.983867526726288
14.490302731601307	2.7084068769818406	53.08160005780168	14.038032840544364	8.983867526726288
4.266234060638801	0.5763653271092435	42.61659212601467	9.334323238078913	8.983867526726288
3.241505913565681	1.029272581827086	48.16853870141097	13.922069327043914	8.983867526726288
13.924906371058324	0.7607510456566509	70.62903008036203	20.424045776422503	8.983867526726288
8.843555671993641	1.6069165375658516	37.58186619611648	8.041046484829597	8.983867526726288
6.375275285962464	1.2856200127072943	40.398515684315576	8.911830954617535	8.983867526726288
4.005220530177669	0.8409091033509424	41.051338309069024	7.904040509330393	8.983867526726288
19.21874768937234	0.9484689545741802	72.15823952704248	15.335056551986739	8.983867526726288
17.049656329432423	1.4219774584591907	66.77093199982576	14.096258575170387	8.983867526726288
2.2946381304249277	1.2180656463817485	42.33971820682791	12.343516061888653	8.983867526726288
7.188747998241277	1.440565564897999	64.6779445640617	14.225247554567847	8.983867526726288
13.368859316503993	0.34214733803358816	58.18356970762757	12.618466633125546	8.983867526726288
11.1189048234445	0.7064512635012085	68.07840206082098	16.069528095516908	8.983867526726288
16.379465472293496	1.0091162090403296	109.8074668981506	20.09191784095133	8.983867526726288
4.967378148138095	1.1859289211516395	46.52739741903216	12.076017137717079	8.983867526726288
8.588314072498227	0.219863722042166	56.64637044798844	12.556271837042217	8.983867526726288
4.224424454637362	1.207357830212456	39.52853074893374	6.409261922613202	8.983867526726288
23.970703610200125	1.0959853151079373	83.53443604686257	21.456525458875806	8.983867526726288
9.307641171600903	1.0333436051044274	81.36330527347938	16.70091123137866	8.983867526726288
11.05634584991201	0.31702451096728096	99.83445639217437	22.84269191983386	8.983867526726288
21.776355763624217	0.8606812155424682	84.9130972782911	17.39097323587585	8.983867526726288
3.66794154205424	0.5232201101494869	70.8584372350585	14.453314098118037	8.983867526726288
4.065748531080087	1.1017906014132055	47.78812752240596	10.227098714826326	8.983867526726288
16.726086512834613	1.1359565655080153	70.18529552792897	18.375853710873635	8.983867526726288
5.125560191911162	1.9505398844076982	51.722630379979265	13.937641006154347	8.983867526726288
20.366047943477735	0.7860186868909901	225.25165228504144	38.98863422680284	8.983867526726288
22.210024645648712	1.0271451755646186	134.79628539191484	24.09541520767248	8.983867526726288
15.74954932274853	1.2307311626952742	56.67113826829086	14.529359135474124	8.983867526726288
11.32072497801246	1.6982142428458935	58.93980512026316	16.419177180778213	8.983867526726288
10.088358686223584	0.4549633562467611	40.153558243905906	8.061313065899004	8.983867526726288
10.724737241027057	0.19298966203691226	39.554224064560685	9.166401747948312	8.983867526726288
7.253331820818649	1.1080497273960188	45.81099101341824	9.594298456745793	8.983867526726288
6.668135213553443	0.9068567646945691	51.988657550814295	10.48101444010888	8.983867526726288
1.570020170599867	0.35929608475068187	39.883747854531194	8.532587041701708	8.983867526726288
25.70090781963046	1.5176721425754223	171.43238220513678	32.084106181138836	8.983867526726288
2.1513203602116633	0.5196081365753226	57.99175485224581	10.527955256369992	8.983867526726288
9.081490578051945	0.6616645554676958	36.36236976833735	8.288370270283306	8.983867526726288
17.20975619679559	1.4196800924907131	49.31656406946984	10.888272640578329	8.983867526726288
16.310725210060156	1.147173803800452	69.61465925923957	21.865947831653962	8.983867526726288
3.763045895577166	1.00783940387216	40.550575171618924	9.761288895386555	8.983867526726288
21.252683821711905	0.1261371469492285	81.00662661005614	17.12830505856424	8.983867526726288
5.4257352211667795	1.02874172247695	48.94929118811752	9.882938734909171	8.983867526726288
10.806084901640673	0.9263501910328548	87.01543272981314	16.59887070232035	8.983867526726288
9.975566175290785	0.675460961017362	67.32244736970618	12.35191180764458	8.983867526726288
20.494726876149226	1.0123188011890254	73.973620379447	14.861848835036628	8.983867526726288
34.532471136392715	1.6023100170610318	118.4649830881896	31.654722847553735	8.983867526726288
12.293182768322602	0.19306317114404978	71.24336239937094	18.38868049199584	8.983867526726288
19.987855608051987	0.49118865075243034	72.2520844269063	13.926373633258626	8.983867526726288
30.035311764747462	1.3597481126272233	98.57066069110395	28.015706637176287	8.983867526726288
4.3337189241405065	0.19146347578375467	40.257835554403414	10.62185752855672	8.983867526726288
9.41115554433918	0.6241972009300396	68.0423108014653	13.223729791003043	8.983867526726288
13.97276467079519	0.9280915071797045	69.94586967993762	13.510435119522185	8.983867526726288
14.17487722556513	0.018161682813706115	69.04534785387455	15.880471764464309	8.983867526726288
3.4443231134558654	1.0078153893516395	43.72996267505876	8.308516600054421	8.983867526726288
6.744743546569792	1.1143176106472743	53.31558453887308	11.362154173066338	8.983867526726288
20.45850429857783	1.1802287639983047	85.00976809989986	21.81979116356549	8.983867526726288
11.759955149359254	1.0177908552219712	61.993274669734944	12.77386113562192	8.983867526726288
12.334832058939824	0.47298113344737724	47.54855933559097	11.789754375299786	8.983867526726288
25.315713519436073	1.0059667676669686	122.16516507462792	23.824355133674498	8.983867526726288
1.5533452993738885	0.7288538575947032	46.334273037166014	7.157310435731429	8.983867526726288
18.15953039694229	1.0777924689601464	107.6521664959758	23.874470398080955	8.983867526726288
2.0343589882099535	1.0782327240029423	43.4199380675952	7.968439763169191	8.983867526726288
8.065031106599314	0.4011481215029631	39.15683988718638	8.635333310600748	8.983867526726288
5.388699631282928	0.9124510162490738	45.91162388671414	7.6681621335206005	8.983867526726288
20.330902875464336	1.0871290013181076	146.78027340217366	28.392636983428297	8.983867526726288
25.56751203096301	1.4750331099999487	76.5348954766711	18.450817753615546	8.983867526726288
21.979878654194547	1.0388721044652152	89.37028798948641	19.88618666050126	8.983867526726288
29.814396681100032	2.7725707338675645	90.54104252239296	18.774914464971957	8.983867526726288
5.963223282937379	1.144391935924067	62.033616784744694	14.340667183382697	8.983867526726288
18.558219360979084	1.0492652937926243	59.138232734068374	14.198224347824873	8.983867526726288
5.6530743895685	0.31277265560137035	64.03652544425394	14.784218819589563	8.983867526726288
13.360042156718714	0.3998951286568844	67.19044497355608	14.37292973166214	8.983867526726288
21.807811733666547	1.6729998172153668	64.96165093602744	11.923674778825324	8.983867526726288
10.043585589990764	1.1248922485919475	55.32707969074198	12.525071527432665	8.983867526726288
25.024429267304583	1.4975035057728558	73.42346877009061	14.493998209236873	8.983867526726288
26.85396971599646	1.4228908433967151	92.94127617536611	22.073208061053524	8.983867526726288
11.447691481246482	0.6764297271649872	87.35634559193322	16.342729989865965	8.983867526726288
9.094020005905342	1.1834654199375905	89.17524523912039	17.559649416077683	8.983867526726288
17.67505631655375	1.1245745684774555	79.83061715491381	22.03331882243579	8.983867526726288
10.511783282242751	0.5678612079543244	55.98125952130109	15.620268388639516	8.983867526726288
31.233578819170944	1.2852548835125464	146.03812177444505	27.701434455656504	8.983867526726288
21.159521431491225	1.217492476923552	69.89902947851368	19.21060393793643	8.983867526726288
12.013168615424618	1.5428560002261742	80.67974422738698	15.671969532165338	8.983867526726288
6.199421311717734	0.7031243621244905	33.173465805629654	5.634878197362391	8.983867526726288
1.9568118066399056	1.0158358129236549	45.64165024481091	7.51516679536779	8.983867526726288
4.461365175726723	0.44865128272452176	33.374800153129954	5.602056306294086	8.983867526726288
11.075637053984595	0.3270736261766728	70.98343423670187	14.989517897297102	8.983867526726288
26.900853259638893	1.075138948146654	103.36300984723582	27.951025403296416	8.983867526726288
17.18661615878157	0.705401847010964	107.9064600199448	21.92270431547616	8.983867526726288
108.85664812973015	0.3885741698806602	341.5992785778395	98.56496114329869	8.983867526726288
49.17918610355447	2.1289536893549124	382.9552911881258	69.82319333264734	8.983867526726288
12.598972321639145	1.1546258493164674	101.91205152044357	27.63458289441649	8.983867526726288
42.59945928990891	0.7849532827496206	192.43188062718818	42.67792283884124	8.983867526726288
54.45375362236284	0.7861919869968987	241.251848890904	63.213880122101976	8.983867526726288
8.561192072417274	1.4290825569582593	31.336938395590135	6.448589610136224	8.983867526726288
8.198325285880864	0.766830208210066	39.272514581972786	9.959631900408963	8.983867526726288
9.874499806256335	1.0953784940400673	43.45445681139552	11.297641362551483	8.983867526726288
7.451086956623511	0.5814511136095005	43.7572114950128	13.172621895579287	8.983867526726288
10.549493285889676	0.6209184411183527	39.35427338437224	11.2355176373911	8.983867526726288
9.956800227803114	1.0636354152926886	49.055243592685315	14.493497542518032	8.983867526726288
6.203479628670599	1.8042184512458128	57.0741792569504	13.081853694727887	8.983867526726288
32.266758558090764	2.4033043279310116	110.2999952627439	30.13820200291092	8.983867526726288
10.057404501681075	0.46832138964498154	36.323532297028564	7.09970061037901	8.983867526726288
18.43963656440766	1.0350618425319345	111.95707653699503	25.068129951161612	8.983867526726288
10.782102399636972	0.48933527532780224	48.32209553287523	13.196160928471034	8.983867526726288
10.271607231946719	1.0465975639129332	49.642186711299836	9.831730084519169	8.983867526726288
9.23044673346276	1.0013756566139413	37.25845423123738	4.235754927709566	8.983867526726288
8.25604112599383	0.7981611638635023	75.97736286005824	15.77550592159343	8.983867526726288
15.574269133014331	1.2126078514845138	106.04789138664384	21.586639192198042	8.983867526726288
21.586834268038547	0.8049308565115117	150.6789374253496	25.266985337412684	8.983867526726288
6.920355898082847	0.19244199993906683	55.78264227964202	13.529082979070589	8.983867526726288
33.15552675476841	0.07930868818701953	123.74399435993709	32.067600813690945	8.983867526726288
5.902174688468605	1.69891840380625	59.54932749282979	16.008155127139236	8.983867526726288
11.66846219842778	1.5669265000637007	46.49667310771787	12.364969542992348	8.983867526726288
74.9935661723298	1.8084120205485787	299.18684012416344	93.38567598837439	8.983867526726288
6.453883674110471	0.4504206822413294	65.54142743786424	16.378649526609596	8.983867526726288
12.693344890439244	1.0427497081027308	56.32554866140582	10.873558093800415	8.983867526726288
11.900888476063134	1.2176429434668188	44.78887918525868	13.587630189496906	8.983867526726288
9.556932183876237	0.4943522084154625	47.940952205802375	12.453179621260398	8.983867526726288
9.06066047372725	1.2924298155100207	67.6312972331811	16.95994826852286	8.983867526726288
16.243048817960144	0.7518869325167392	74.47668857607351	20.60926664564887	8.983867526726288
14.38648593727347	1.5213913374370573	124.15745723500036	26.741043402947394	8.983867526726288
15.071216160128825	1.0610853028469187	43.469411945130815	9.897179795612189	8.983867526726288
69.87549503050344	2.2486852456746074	263.290324593849	61.238591102490815	8.983867526726288
11.928175353235792	2.5808177029452413	79.49444078458407	19.23856744765721	8.983867526726288
22.62822693338693	1.2892810242022732	131.4200430887081	27.520415450623027	8.983867526726288
57.58583166446707	0.699405809361204	176.267869789078	42.84795703258588	8.983867526726288
8.904722286156572	1.9466278763242595	53.24809964015459	20.151495253255725	8.983867526726288
43.08850075994688	2.1213203435596424	256.627418840972	52.809379224496354	8.983867526726288
9.923394275362188	1.1257054536497024	49.459798872870614	16.01534031444886	8.983867526726288
27.70689597299608	1.1047771503425086	176.32661030426203	46.76274615878289	8.983867526726288
79.80000125966083	1.4417384041181007	308.55557260135845	71.73270390617974	8.983867526726288
16.359663606771612	1.7803019119662835	66.19125598858857	14.823968969341001	8.983867526726288
7.240583153155876	1.0022618219002337	43.030178888642276	13.117751773763185	8.983867526726288
19.25315381908768	1.048307157576692	65.42953728859008	13.544783811267312	8.983867526726288
10.68406175965726	0.06387280303945671	86.1631083515776	24.31561948932735	8.983867526726288
9.304053118710724	0.22259461210787418	88.12943661601899	17.78683479933756	8.983867526726288
29.388175684267477	1.0193019396435525	110.13729531793393	24.713011535770814	8.983867526726288
94.05138895351753	5.535659283820658	374.4067039251185	105.27353926816252	8.983867526726288
15.239525659922931	1.2325930925986233	40.500599053183244	10.177912501527198	8.983867526726288
31.187817446187886	2.06227930233788	103.01686390246886	32.273026404044806	8.983867526726288
12.366699072807734	2.5523655066499695	46.69885750264736	10.543959349410192	8.983867526726288
10.702428336942713	1.1381997578634542	83.95167311657487	20.215503661592415	8.983867526726288
54.639445780826684	0.3568752402474918	200.6540429708582	52.183274428333064	8.983867526726288
50.82409872572449	1.0520488427883694	215.5577704483604	63.79888763534124	8.983867526726288
19.250164469353184	2.8781622501665836	43.77616394029236	9.746711329137318	8.983867526726288
30.207104444133282	4.688805149215149	307.4712027958212	62.667157603895475	8.983867526726288
22.286299224220294	1.117944486811974	170.04655173371646	46.496930561660164	8.983867526726288
8.562814806089074	1.35285250246909	84.7260521106721	17.678467699473668	8.983867526726288
20.09500157083935	1.7646524977195186	133.69275644090416	39.595326821533945	8.983867526726288
10.542346219299514	0.8024976298778115	40.15181540378599	11.25908207726818	8.983867526726288
12.176638432054258	2.052168016322503	145.91483214689893	32.286039590908835	8.983867526726288
7.590955545058406	0.7525299761744513	114.08063701966374	22.89307444036985	8.983867526726288
9.853256808060713	4.88633924373263	104.26005902262916	23.152937647659456	8.983867526726288
21.404528520966288	5.178275519404435	89.48072418124475	24.06128830646896	8.983867526726288
12.327463827353851	1.1433483960440423	46.92456116884347	13.42784475638715	8.983867526726288
48.465404603739216	1.873438379934476	332.26603503678047	72.87378509850204	8.983867526726288
15.901269246264535	3.4434072677533583	51.308668682318775	12.902505004434763	8.983867526726288
40.06621187698177	1.0427428758170463	169.2418434354105	45.264890387542934	8.983867526726288
10.44951471256293	2.119560968822271	37.2402814628281	8.752716650345038	8.983867526726288
9.079689576609297	0.4360873950474065	38.36025582355833	9.977864873968366	8.983867526726288
42.15534880311885	1.690344641040538	260.5003965156511	51.78858465882475	8.983867526726288
12.973285454905417	1.4226264431949176	120.73546126022892	26.790610834286724	8.983867526726288
28.78757514913068	2.0900069974727535	171.91316504199057	46.75434530474005	8.983867526726288
10.002134754382299	1.847217587213715	54.4268787537643	13.270782794686403	8.983867526726288
16.020891859935478	1.8730778982997884	102.20328969105594	29.27334270081895	8.983867526726288
22.3001336893272	1.6077602029320954	59.02896907457313	15.048343265774653	8.983867526726288
23.719193393994413	6.772854136061339	55.48581876443317	13.755225158531795	8.983867526726288
16.03677242517794	1.5324131132087817	55.48581876443317	18.440945842287636	8.983867526726288
15.420936897111316	1.875531153505002	130.791190172084	28.291078100182823	8.983867526726288
15.280386541059665	2.72029813540125	55.48581876443317	18.359635134079802	8.983867526726288
6.282355865453434	1.7302198156902269	71.28538606052311	18.85857378600046	8.983867526726288
21.241725112434494	3.8699730961841117	56.22096712112889	17.206822270672383	8.983867526726288
25.854841693379747	0.9049142268699749	56.39271644884182	15.551753094877103	8.983867526726288
63.067652352702375	5.055488687710731	368.1868508919678	83.87231235117204	8.983867526726288
27.688429116487804	2.941748748434854	78.3605769401889	24.102407781572886	8.983867526726288
11.031201435680426	1.977245981999596	44.74175330548724	11.989289098002068	8.983867526726288
15.972139204739928	5.5356899980193415	53.25240369083759	11.03232971547676	8.983867526726288
8.585936724267858	2.5296323206919307	101.43482363177274	22.21410194563314	8.983867526726288
10.570140279093971	3.4677693380695045	88.36897647294114	21.495748711739928	8.983867526726288
13.49575136616403	1.6175744263905625	88.51076199125086	22.438771934339663	8.983867526726288
12.056498939497924	0.30719077402433936	58.31652573874694	18.642092074883497	8.983867526726288
30.506245203994013	1.5137446137092356	134.5348415218287	47.60533335387702	8.983867526726288
24.416813515866288	5.284659882594218	66.33676471008823	17.956748054694565	8.983867526726288
18.818934767044365	1.9958420651881965	56.24910159376011	17.591632436911155	8.983867526726288
22.729512954565205	2.6710801783067004	56.24910159376011	15.20202936100193	8.983867526726288
7.346212231951562	1.1701506054737794	51.16834477873944	14.671593081314692	8.983867526726288
10.86019055968726	1.9289503264491545	35.824852230363916	8.250302713383403	8.983867526726288
11.804659352516603	1.5320040407384732	55.35186947630437	14.016684020919877	8.983867526726288
20.666698631569353	1.0546220221095919	100.73861549150003	28.32953692345884	8.983867526726288
8.962531993969616	0.08435076030425503	131.01434883451878	22.80490068132631	8.983867526726288
9.545110752421163	0.7833029309473862	66.66343007788939	15.150797187709367	8.983867526726288
12.812765932128018	1.4715241241355261	40.425553829273085	12.528633733381076	8.983867526726288
15.109852288892267	1.2625109202807736	103.20183464629157	27.250835379788263	8.983867526726288
23.32798059227172	1.028287287619582	125.97292070912879	24.716710271467598	8.983867526726288
17.940509254525942	1.0058171965235714	64.99022488709159	15.95814660086686	8.983867526726288
5.267745586272791	0.9647496846767935	44.41371133030337	11.15980946642861	8.983867526726288
10.946102382482612	1.15779560653418	49.07312357764278	11.894131104919097	8.983867526726288
10.338014166014522	2.9616322402057924	56.1763540477619	16.254513867653095	8.983867526726288
24.577568131502638	1.2007951557629424	88.64986032630416	31.620120782759948	8.983867526726288
26.237635805532182	1.3002053705224614	100.68269990807748	34.21325144949678	8.983867526726288
21.185258152925844	2.560941713979662	170.1736181393576	35.43846602194499	8.983867526726288
13.257704281716347	2.0657129076098535	45.40570434929239	12.794850598881707	8.983867526726288
11.633345069059864	2.2025431247192433	49.96193588753419	16.384136483792105	8.983867526726288
79.09744598063304	0.9221518774715092	194.7373492584985	60.97864310787379	8.983867526726288
14.003801531136743	1.490579472957426	73.76130498089007	16.769473303744924	8.983867526726288
22.896970991679297	1.0645140450974508	83.8003693447034	23.929422225285442	8.983867526726288
5.065608393752262	1.0697196574159622	41.31578932308994	8.32689606859236	8.983867526726288
7.898231324239915	1.024271403479004	49.80392097804198	10.090194062741677	8.983867526726288
8.896473649918578	1.5508509897283427	65.7350286427299	12.81262074946344	8.983867526726288
10.125780635416552	1.1956237933051934	38.741366759617755	9.099748247763404	8.983867526726288
5.675802930217915	1.024271403479004	35.20991344849533	6.562156053321611	8.983867526726288
10.081145971183645	1.017957715807786	49.50378073007842	11.78789998109234	8.983867526726288
12.66515925262894	0.8935113958027191	39.777430525088725	8.814963435323076	8.983867526726288
10.153275086697361	1.3526655161678518	38.77371965035985	7.985709733426136	8.983867526726288
9.711279774573129	2.6839206164044915	43.67699321042389	10.363183566929814	8.983867526726288
16.431084258260476	2.6839206164044915	44.25260358647755	10.414046262808139	8.983867526726288
10.504339372159302	1.5777674509412047	47.56361342421296	13.091709421437944	8.983867526726288
7.350825051845308	1.017848757361745	72.54948839554578	12.57792029669677	8.983867526726288
16.313047720263018	2.084412911524293	54.298685059684566	15.122574982020755	8.983867526726288
8.07833560144663	1.886407383879457	73.84396721579984	13.227382006375766	8.983867526726288
13.751441322322888	1.7808445624531706	117.10760267087964	22.80778630772831	8.983867526726288
16.748346172427613	0.6028613470103598	146.94128494888255	29.02003222602654	8.983867526726288
8.748253116479384	1.6404685106378811	51.98182340107004	13.457859361214185	8.983867526726288
9.921660920490526	2.4517999316554353	35.06586820932543	6.053927173377781	8.983867526726288
18.2426772392036	1.7329080738901521	48.202178505714876	12.28107986003153	8.983867526726288
10.331714553768014	1.3200045186525582	37.166664869190164	8.369032806703654	8.983867526726288
23.297899558167554	1.6432425655354463	119.48796592594479	29.877730502488465	8.983867526726288
9.581762074424729	1.1265067833475153	33.36272857189696	7.98182275458386	8.983867526726288
11.158459074530041	3.2067946589147347	36.25999010359218	8.063443504590941	8.983867526726288
12.421900930485364	0.7355001574815204	71.99846485841664	17.98457908859413	8.983867526726288
25.307530050913105	2.270489423091903	268.0958037439511	48.229672072533894	8.983867526726288
16.583256550942327	1.3047497464551707	43.19719859674358	8.00117294659347	8.983867526726288
15.018717098330686	1.4878411660785322	67.78577591698041	17.467880915847406	8.983867526726288
9.675394657485977	1.3732910525847137	67.36623062950159	18.831027311291386	8.983867526726288
10.356546162059367	1.237131743120409	32.98685403634536	7.145121449672322	8.983867526726288
35.615876374252295	2.485393559589744	260.4908112595491	49.191006690446876	8.983867526726288
15.522467576665605	3.102682113327627	48.12986635427945	14.908601057774172	8.983867526726288
19.920308215282496	1.2460317206898006	148.7290952566951	29.6405127038199	8.983867526726288
13.299911884122471	0.898642591392608	44.70729981665953	12.210277450717058	8.983867526726288
46.13412842843089	1.1070621577808957	234.03557089309007	64.29565128356431	8.983867526726288
12.137628998407386	2.125222514616884	44.70729981665953	11.139216387229187	8.983867526726288
20.020622407162186	1.06797353964867	42.07986580117854	10.095489188451218	8.983867526726288
16.351408086384588	0.8131521537759159	42.52080899917238	13.609081704888595	8.983867526726288
14.438242163829702	1.0352884451739366	100.77081289982804	22.01626249051171	8.983867526726288
7.362687151146237	1.1708883535444268	37.30158797715342	9.296820993658196	8.983867526726288
12.61623722739347	1.5226692944656228	41.378644534987245	10.51408894905147	8.983867526726288
7.122840491727517	1.1814232341294357	41.550073077044345	9.801094920289236	8.983867526726288
6.632910698500596	1.4398215112191655	43.90514176897289	9.553044015140149	8.983867526726288
22.797505480769043	1.1062536842798514	105.66931143540153	27.484836606653943	8.983867526726288
12.690069617229069	0.2861937485594042	152.9515442418773	26.07958827861909	8.983867526726288
35.43372154963888	1.1488793475362025	214.7043148270307	38.00280263515426	8.983867526726288
9.945155781087207	1.243173761246176	83.31468476818745	20.51398961012818	8.983867526726288
6.684150060941325	1.191917166049969	59.281373629598406	14.46810534320367	8.983867526726288
8.877375990490004	0.3824036526367253	36.288307646296566	8.515311419912013	8.983867526726288
7.667987531704686	0.31429324233272943	43.692286642811396	11.25946268096753	8.983867526726288
11.140898766967922	1.5770796577853843	43.38038359357135	10.245196913360658	8.983867526726288
22.16242027124971	0.2936869168188109	206.49565470423795	36.99460144057058	8.983867526726288
12.511164710046735	1.6154195814438408	73.73132067199975	17.975245152208863	8.983867526726288
20.552254883929752	2.327439903904924	144.75844300729509	28.164074432320074	8.983867526726288
5.654481449218043	1.4379630468170994	54.30470772851254	14.380950370360797	8.983867526726288
9.273933685539197	1.0109439738220831	55.545774957348215	11.999180897573243	8.983867526726288
12.310308932950058	1.8470110014029204	68.69174539277323	20.478663071229015	8.983867526726288
13.88135782907941	2.219288140929719	48.05164414096029	11.784704478841707	8.983867526726288
9.185125406447563	1.5785313388838627	33.47673650653117	7.550641851478853	8.983867526726288
16.247435305876348	1.3525224148207426	44.91370628205976	12.638617488125844	8.983867526726288
5.943526910986773	1.0478138474882188	51.95861572660468	13.251911693707381	8.983867526726288
5.2729447880824125	1.102122814072792	34.55386630894594	9.010832765620577	8.983867526726288
10.799211329708754	1.3028005231899336	48.05164414096029	11.919099264666805	8.983867526726288
5.303194052128245	1.0055178883113844	41.703166373132845	11.682683443856243	8.983867526726288
5.198436422888948	0.5892658436765335	48.21888688754772	10.571439712033836	8.983867526726288
14.910754839056503	1.8846310113477738	147.66103448068128	27.97940735717603	8.983867526726288
7.972131637588914	1.7039739610928084	46.3800528375876	9.282932865648412	8.983867526726288
7.2147572241495865	1.483420176635749	59.81682123821807	16.139632078796275	8.983867526726288
6.172963654653686	1.0050337179444668	56.32582754328906	11.973894020044208	8.983867526726288
12.561546317092816	2.262435882249327	38.601081954736976	8.607925713833904	8.983867526726288
5.642264949142466	2.1991792312022223	52.022852058213225	15.609012866117155	8.983867526726288
6.249709802493652	1.3988956396503602	39.10238505670745	10.19233584852261	8.983867526726288
10.426047467351616	3.498187945075208	40.7124438826826	12.194341697619443	8.983867526726288
24.162320644094518	1.120365666078985	101.41202080184114	31.831718936259836	8.983867526726288
41.74016277762681	1.0369733447122096	195.00714525820447	55.02652742775083	8.983867526726288
15.356596923230523	0.6920150126729918	45.04320798531662	10.700518690428435	8.983867526726288
9.741087005866852	1.0886764590204838	54.83447390163741	16.667003845661363	8.983867526726288
7.558096191217967	1.4757499125338363	53.90354383719576	15.74045304143156	8.983867526726288
5.5733272558901845	0.80949494700065	40.279050348528784	10.997210015312254	8.983867526726288
10.437457528992729	1.5016202778014938	101.49062260705271	21.172259449966955	8.983867526726288
19.946929275236926	0.6912161715255285	82.8449759936722	22.46986382685345	8.983867526726288
7.040413242608846	1.208780590790749	66.42182786861382	16.995358951702716	8.983867526726288
5.521731231018035	1.0076636934615038	58.816742205252595	11.999526154138604	8.983867526726288
12.660628359708078	0.6785121658946571	85.7180032983771	16.794361721551027	8.983867526726288
11.646179889995564	1.2375109485300826	77.31464956693347	17.821578893429454	8.983867526726288
12.01563254984574	1.1321462493804215	52.81556551461804	12.067256064852788	8.983867526726288
17.92237127573164	1.2580098597921436	152.07104739749886	31.403318585216386	8.983867526726288
5.503952858431663	1.9902223456292087	50.33163557164538	11.653605301195403	8.983867526726288
6.377408353652914	0.47130924230669274	103.73212743777707	19.250581846897663	8.983867526726288
23.368646356156173	1.0005578863517164	104.09243767545773	28.980921206831177	8.983867526726288
10.265781361531483	1.3548248281014046	33.37270162512362	6.591899676533973	8.983867526726288
10.985101349833373	0.3195933676714837	155.7704410298042	32.35418015515101	8.983867526726288
11.203716713281644	1.84357526262871	34.58976029978253	7.594257668105629	8.983867526726288
6.104494422981384	1.5436030679890047	63.641941492518825	18.828283936757764	8.983867526726288
7.390481273993173	0.8186165677245822	43.98935122124395	11.124287405130369	8.983867526726288
18.214756039723284	4.4792733253730015	44.231797845702374	9.431244407855749	8.983867526726288
8.587476378854507	2.3316010886006286	64.43632373726358	18.851595613100066	8.983867526726288
18.48390970458058	3.9002906918373434	53.439545829865324	13.507136746597746	8.983867526726288
14.095724820517642	3.5625794145275917	45.51407822650416	9.878022158787683	8.983867526726288
5.255170318347802	3.685101892426571	65.86552809189952	16.742607432072028	8.983867526726288
61.841014219736266	1.0805108265403198	263.28081499251897	78.50603529245805	8.983867526726288
9.378097265739601	1.5589730686593501	39.481368639702964	11.227493867968633	8.983867526726288
8.36209280212846	0.4994364192242416	42.56652956153736	13.92268161540276	8.983867526726288
20.89054313784112	7.737433615412526	43.75379911461821	6.58638688822209	8.983867526726288
16.36991561687244	4.209646256352299	37.49778368198795	5.908188018436979	8.983867526726288
4.366462997247658	1.2373590171034852	89.0657322285158	18.126004633347982	8.983867526726288
44.00196185257412	2.362683629484064	341.9009438593912	68.70397878602061	8.983867526726288
8.967343427646883	1.109152778268108	100.04082235964414	20.492424306774236	8.983867526726288
14.647489270566151	1.3867694752203943	45.534144806430966	11.713789840098997	8.983867526726288
10.740038193616945	1.059297246939322	35.4975668534135	8.75804250923171	8.983867526726288
7.519222109403302	0.7080638621366004	92.46716726636808	18.136501855014906	8.983867526726288
11.036705642962838	1.3389426215027853	87.82635689754818	19.674794113139626	8.983867526726288
9.338822805993392	2.477926004823121	83.8639201501045	18.173502715644364	8.983867526726288
7.0710030507909165	0.16151768659845891	64.08635487996224	12.426772541247077	8.983867526726288
23.8243781563582	2.086194624277452	276.82854358992836	51.33860430350622	8.983867526726288
8.741648184249193	1.300629634963236	51.107435204417	14.057587423881571	8.983867526726288
10.046776151530006	1.6670165814539486	38.23264787006314	12.238292394190061	8.983867526726288
11.711595642753503	2.324220417387064	45.36444590531484	12.014224681764613	8.983867526726288
10.282933073101374	2.1252068960836787	68.9452713162998	15.711914145200634	8.983867526726288
9.463346685347599	2.0267773890923415	52.89701572066854	15.192839875317892	8.983867526726288
11.384369400516954	2.866185191998745	54.6594556419143	17.931303968774294	8.983867526726288
12.37562085275587	3.2681104740535156	54.47973544332731	14.97916605800609	8.983867526726288
8.894570294101134	0.6365974157788616	69.05224965789822	17.788911049115242	8.983867526726288
11.2390116809492	0.09828060291473287	69.09951633481633	16.03415984686645	8.983867526726288
15.728664187138804	0.2709778623477601	43.9035876053549	10.579162771694063	8.983867526726288
11.274171845836573	1.5829662803310487	94.06446496645377	26.402179443168865	8.983867526726288
17.580704652358243	1.6951656255131466	44.928437273049724	11.382451895552096	8.983867526726288
15.089261954643883	0.6157986139247025	44.928437273049724	11.336294991020512	8.983867526726288
15.097893038682862	0.4694227006904131	103.41358081893287	23.351425189571586	8.983867526726288
3.0233920773337837	1.0812988506220094	37.60019876364404	9.482712810049943	8.983867526726288
8.035114009057553	1.1137948802223108	45.36621475017374	13.211191562643993	8.983867526726288
12.497905500649917	0.35803462486704046	40.48096861725027	11.31291553214131	8.983867526726288
6.99972294787872	0.29217714313592125	32.862869837795486	6.822629017895025	8.983867526726288
7.644962487050747	0.4583185994848215	51.11587578135751	11.765517483881219	8.983867526726288
7.482851952185607	1.1183208463264902	88.3000376704682	16.553010391815416	8.983867526726288
22.599432644625626	1.0381930186006083	183.5787498592701	34.75410036336616	8.983867526726288
8.670500121012799	1.4213904101356707	68.52961653049705	16.162789769325013	8.983867526726288
16.20580968150947	1.4998830453162066	46.44588661203632	12.95529482372567	8.983867526726288
6.907080470639266	0.6030417048503015	65.93068936483608	15.699226100627067	8.983867526726288
23.910145299172715	0.9429165071606157	124.69712074026644	31.965910502342485	8.983867526726288
16.14228412968683	1.2946824151844556	113.06253082573056	27.751441600033484	8.983867526726288
16.5371438924976	0.2655948053214862	53.77203376424497	11.026468094715577	8.983867526726288
26.17367282590013	5.869067772658028	55.371819302084106	9.275691105676504	8.983867526726288
9.231052494562968	0.20210810985132385	54.95742148177912	16.366547253539558	8.983867526726288
12.154594959178146	1.35967906239994	67.70352129573028	14.776953009063817	8.983867526726288
10.985874578540956	1.067383836177764	52.860791971453004	10.8660771904802	8.983867526726288
9.46010083230378	1.0617572022856128	44.928437273049724	9.782228482789925	8.983867526726288
77.87018895050178	1.0205337891301087	541.9611915211434	130.3420389253435	8.983867526726288
9.079123116362846	1.254387810252488	41.42954799659115	9.998730165671002	8.983867526726288
9.41849829991723	1.2675137573901623	53.84995495364843	15.366158163009768	8.983867526726288
12.725771310529213	1.000444796397155	70.12414346835322	19.63923229007899	8.983867526726288
9.534251694464311	0.9136326626950768	45.050831275266404	12.722958776101633	8.983867526726288
18.2437186111152	1.236820003431958	82.83090567344607	23.572723050198174	8.983867526726288
9.114949894943324	1.2784225106816434	44.13507826455784	11.872480973687564	8.983867526726288
44.5101967789637	3.7045272336056385	269.8604000915493	76.07206042363873	8.983867526726288
6.921533355966905	0.6607440687815513	54.7838819525044	13.040346470647965	8.983867526726288
8.731876893107556	1.0911268819310977	87.96132596560248	19.71650896549542	8.983867526726288
9.504922336969567	1.1313752176228813	45.16593257970639	13.188994661960331	8.983867526726288
21.743531454039736	1.006048353902173	199.80409345959157	42.10350576105092	8.983867526726288
30.787857216562983	0.7352351190903504	174.00995995599055	45.197071737603174	8.983867526726288
34.680981471883854	1.1424943606637374	333.2355613102288	67.63825101581837	8.983867526726288
19.04398587761689	1.7971211962955684	197.55232077026375	35.934866132845734	8.983867526726288
15.534365301923664	0.24511384006080408	124.99548589161493	29.883909005860726	8.983867526726288
10.238421382814039	0.4179194506208161	43.524604123608505	9.240826139418035	8.983867526726288
54.193485346576104	1.2737973937451823	381.3250343698689	83.90232414632496	8.983867526726288
10.246095180663488	1.5944393734318143	98.7653214738173	20.53990764910135	8.983867526726288
8.806128584290983	0.4336640040594201	67.99864923131422	15.74608226992523	8.983867526726288
8.774134383075058	1.6517782154450675	44.98706208916924	12.330186077542598	8.983867526726288
7.246791888374414	0.948435577836951	50.32878081628097	10.748415253365906	8.983867526726288
7.945231429756481	1.2075672788383576	34.537566593265545	5.680195805750299	8.983867526726288
9.03247192199521	1.1746792264143806	34.956541246875375	7.369298059884852	8.983867526726288
16.43786379642376	0.6355417601031079	176.63459760311616	31.429326134987065	8.983867526726288
4.18330328931523	1.013379213299577	62.48179704890353	11.320680786261557	8.983867526726288
11.435344325916136	2.1138930304247188	42.397449808321056	9.906161668449254	8.983867526726288
5.413252685136679	1.1084990765658307	52.351003735195455	10.241669852087806	8.983867526726288
12.324347053972328	0.2521592212275481	74.23034655028704	18.650086487255795	8.983867526726288
8.804275231084866	0.7159444970934362	51.04433561975761	14.010584481040762	8.983867526726288
7.279090321009546	1.050031225163685	45.57230627652691	9.302592189835057	8.983867526726288
6.371030168432129	1.1267354514927463	86.01496602770042	18.855544287420344	8.983867526726288
5.301733303210798	1.584407992237697	66.23588064406967	12.36361418359127	8.983867526726288
46.309127793634694	1.2187689971433047	174.8419345781327	56.5830953585485	8.983867526726288
9.015742713839773	0.542306115348733	44.14061828070382	8.454237025550894	8.983867526726288
13.708680819324627	0.6701052522470501	69.60254504680918	20.532654020266545	8.983867526726288
8.224337220494297	1.167858032220941	35.335635083106745	5.051532479389305	8.983867526726288
5.9714885817552	1.0611335761655885	54.19202438121806	10.917860151092666	8.983867526726288
4.306480706665835	0.43381441870387305	40.04732351216002	9.929922343614882	8.983867526726288
12.731614217001336	1.0309221406699214	122.67241117632011	27.47240460335354	8.983867526726288
5.220106930206348	1.237974400487452	70.2715731335262	16.33515198627196	8.983867526726288
16.278610635467434	1.330357001962093	84.87634264252584	19.841506950832937	8.983867526726288
4.270463721880378	0.6893936598149515	42.048491115687014	11.354316922080354	8.983867526726288
12.50439902828971	1.2070205761985737	107.86496581902644	24.15233787275693	8.983867526726288
7.056060518079496	1.0623208535276205	41.87749188796737	11.39516773169902	8.983867526726288
7.464064910589821	1.8718508317668536	47.7181325365441	13.185936191155895	8.983867526726288
2.7055118552894544	0.46901936234529645	57.820905592368135	11.687576899448118	8.983867526726288
5.420512127490319	1.1323415560194918	57.79572602046227	14.081617091042512	8.983867526726288
2.9038223593309476	1.117982252587527	49.70622492237747	9.268391300849679	8.983867526726288
4.191840352754996	0.9907582236747048	57.77296372203304	12.615597603041433	8.983867526726288
10.729470468678	1.1461771587222078	66.1513115455186	17.058517191714728	8.983867526726288
7.776284464450573	1.1329772594467071	78.66605738764888	16.75956059312357	8.983867526726288
15.12847940526665	0.542704716615443	70.70567717070091	18.19808178274308	8.983867526726288
5.112429977540777	1.2887031318386855	57.80409921939702	14.341048818948568	8.983867526726288
3.047324007386859	0.4013166543165885	37.469439302005576	7.374298841976399	8.983867526726288
24.529117266504393	1.0918299170207437	128.69375057278688	23.690956453923466	8.983867526726288
9.58970283098464	1.7214916334622496	57.36722813726793	14.997888372577005	8.983867526726288
10.668573741103044	0.9970450054077306	56.09282547653854	11.817465750599915	8.983867526726288
3.132136916910546	0.6005520375241756	47.90124521063029	9.523298948857642	8.983867526726288
13.060687043583833	1.175819040842901	66.767459067467	15.610846824558513	8.983867526726288
5.45611823171257	1.210097606317353	65.87448178863202	16.107430059900338	8.983867526726288
14.663820713407807	1.2862271738712154	107.76638629388971	20.61477438836958	8.983867526726288
14.709006275347576	1.017270989538078	65.57378150950682	16.933280814798245	8.983867526726288
10.59941579931763	0.27133204605102373	84.47496513914976	17.89212626534459	8.983867526726288
10.872222500019067	1.2937730181021825	70.34976167761621	16.016213532253246	8.983867526726288
29.52245197775173	2.061442726916748	85.48354345509138	24.437587881812327	8.983867526726288
24.036970394192075	0.39365486756318296	127.48531697492861	27.11911875816235	8.983867526726288
15.776293895145395	1.4267314761603425	66.27146674618756	18.745618924384004	8.983867526726288
12.293298361582114	1.477830717781984	57.530926706662115	12.300409753221064	8.983867526726288
49.12137441496122	1.100656397875066	263.7280665637465	47.84410583371523	8.983867526726288
20.806762076486514	1.3078567931086218	106.37771581745118	30.01619554036879	8.983867526726288
9.499104184368688	1.672931925313026	69.74984796597955	13.20148215549493	8.983867526726288
12.532426581574995	1.4766183270164732	75.26420480028143	16.07438902104087	8.983867526726288
13.018371495538398	1.0671734122889207	64.41869739943111	14.625441121351145	8.983867526726288
11.561239567886782	0.67013505852929	57.67944664570182	13.297191461783047	8.983867526726288
13.929747203744068	1.2827308199552214	68.66949535643474	18.301794220304963	8.983867526726288
18.514833825592316	2.567726954580388	68.23138411290547	15.97646285724529	8.983867526726288
10.642144286898244	0.6959056412100222	84.52131989812025	19.800524205936945	8.983867526726288
13.234564367347659	2.72740218076558	53.481839182738305	11.820950158780544	8.983867526726288
5.533685314397346	0.41659673363010846	45.283147712063254	10.040327076570284	8.983867526726288
27.325509130672145	3.2748247997618702	66.0292906780605	12.775635133609372	8.983867526726288
20.27006800055197	1.5171905234699832	66.90969673607212	16.29539168610051	8.983867526726288
13.718650042820418	1.2900831705742424	57.10841551105755	11.64255957365027	8.983867526726288
4.452274433626647	1.121290371312083	51.24095407309612	9.520685483327146	8.983867526726288
5.047924667003897	0.702623851730921	51.64481301654222	10.70524365110082	8.983867526726288
6.285166332148784	1.6292221219912393	44.989887746022916	7.834336060896267	8.983867526726288
5.3272376760501645	1.0183616508866795	47.032582046932994	9.660680452472238	8.983867526726288
10.608660269006371	0.4582527780614166	52.20415836558124	11.945127295141472	8.983867526726288
25.619176623675763	1.9981729928358822	125.41179300241164	27.44288193323222	8.983867526726288
25.852276296431132	1.3877753723888038	128.2141060202584	22.31715322519151	8.983867526726288
18.983741178432954	1.2549007103514322	71.18392523752753	16.271996227368646	8.983867526726288
41.17405439511039	1.0226542634351394	109.79169514689471	28.26761546806149	8.983867526726288
24.32765747446566	1.574205484483245	70.08902212561851	19.05468236580098	8.983867526726288
26.693147629398005	2.3563484005336126	77.79088704096336	17.287566974415952	8.983867526726288
55.88999279220811	1.2955534904302155	214.83458052022112	47.18683014829041	8.983867526726288
14.197176837390773	1.301858731797815	51.831855847513076	12.323534990538358	8.983867526726288
28.34430232063701	0.46415347596144757	153.2233555431337	32.71644180277086	8.983867526726288
31.6420265459869	1.5731799967379325	109.17028009674908	26.09912681003822	8.983867526726288
31.479208819316582	1.1261624285514005	119.54041931850921	25.77875315459699	8.983867526726288
29.305925982104533	2.381029050485723	94.92596551077096	25.647814156885453	8.983867526726288
17.366327195187818	0.6249391184869167	77.35794954751854	20.550950891349835	8.983867526726288
9.132111427938359	1.410882700560077	55.364931553271916	12.221044427769161	8.983867526726288
19.029967350762977	1.5965899924242846	107.96997969797981	23.898851868882794	8.983867526726288
38.298041922666165	1.5078605525063016	86.09889108353958	21.14773549174142	8.983867526726288
24.619726933624897	1.0150265240765557	117.19009795754167	22.896713408937185	8.983867526726288
9.794026734993217	1.0274860785490134	57.29002819937803	11.771032322108937	8.983867526726288
18.197844066762677	1.2126345006700776	91.5254021262262	16.53075134073128	8.983867526726288
12.480432506042602	1.2988322964741414	88.95413584325073	14.891027178832434	8.983867526726288
32.72715409007612	2.295026866076762	100.02568681204885	23.32751012646217	8.983867526726288
52.72784425114759	5.129467357356687	128.07652708256475	36.57585635808298	8.983867526726288
23.991034475935443	1.7179611347256907	67.38984296198626	11.533314323929037	8.983867526726288
36.053456976212296	1.1187005597258268	106.38805884020405	20.65027307215868	8.983867526726288
24.406861662313563	2.2112488286949903	57.26163388020036	13.807077781712351	8.983867526726288
35.31335939782343	1.529732145011258	83.54470611642556	19.11402539303077	8.983867526726288
18.253878192393383	2.1739354938752653	60.63067119746856	13.816879774511065	8.983867526726288
18.13437146279957	1.7448826923964293	54.48707690409232	11.888752998915272	8.983867526726288
7.472744484376468	0.25670314281961115	46.72880420236892	10.104714203918236	8.983867526726288
12.662805419388963	0.6403781960422924	77.9085644975921	23.5446748897407	8.983867526726288
16.354137868686877	0.5627554033831497	61.013247487941314	14.535093989396685	8.983867526726288
17.138655217871257	1.3964616906970782	160.41302658665015	30.930733873128993	8.983867526726288
5.802630041055284	0.6339745876486705	45.134622076145206	9.760041989739998	8.983867526726288
20.28380342587752	1.1211185559889503	100.02659956680813	19.000039522310395	8.983867526726288
10.957189118637306	1.0561420247914448	67.77484542105188	16.006776987270147	8.983867526726288
36.59460677706263	1.196923630238631	145.47556305803354	39.90750808723358	8.983867526726288
6.324954141354949	1.1026547908854465	46.899988110043516	10.858849597293233	8.983867526726288
16.646680187180543	1.2446630013884772	95.76809652051507	21.740578397614293	8.983867526726288
20.223784513973197	1.6934891908052807	103.52040176409122	24.757374406104567	8.983867526726288
47.70897793953813	1.871862880657773	121.14514336731419	27.91555924359086	8.983867526726288
19.13685859926491	0.33785747702135005	90.55820464243233	22.306042241582556	8.983867526726288
17.36508125938768	1.1714555160720788	132.2147817461677	26.85732657561624	8.983867526726288
7.396788361101728	1.442657858723507	84.7246402372013	14.672923790701	8.983867526726288
16.629284151193644	1.0637335622811044	54.75169264807798	14.573155377307305	8.983867526726288
19.643785006733257	1.3248713294365997	72.39267859964357	22.182728088128254	8.983867526726288
23.800833807290882	1.2912078829987126	159.87796169775746	30.74068122273213	8.983867526726288
23.353700489572493	1.7129807745881196	83.19633413302772	20.27037349875616	8.983867526726288
27.292505421245043	1.4915632135421393	88.77552838448834	22.58153975821795	8.983867526726288
10.811850112379474	1.5492957943289618	83.40294492804247	16.51380195440812	8.983867526726288
32.12134986478473	1.871862880657773	124.23409694234724	38.06815668503993	8.983867526726288
33.667600609290965	2.0540913972567507	150.499426969092	41.25417645137826	8.983867526726288
18.41843309211293	1.0074464844942583	59.29868160992197	15.393516205225017	8.983867526726288
14.442580022914633	0.39321968876031504	100.50398631884484	18.332646888197456	8.983867526726288
33.49568777057736	0.28286208864421913	126.3285227963014	32.028895298963505	8.983867526726288
26.893254996716824	2.2311626736604695	69.22374164252601	12.495527488001567	8.983867526726288
18.929494558935183	1.6126074431336972	105.3810303091751	22.58814451240396	8.983867526726288
21.198851786739283	1.9021483873781724	70.87429089568737	20.174032020851786	8.983867526726288
24.990313689172147	1.496437237039859	83.32638788679087	21.453823641837392	8.983867526726288
24.830680097311454	1.9527849908116837	92.40821891370975	21.127265447677395	8.983867526726288
42.828194791963114	2.5081545531968157	130.8863857795855	27.321770685917805	8.983867526726288
30.26384727927609	1.1978023735228485	124.79706616269218	24.234938163883573	8.983867526726288
55.39385850643201	15.84809280574358	104.20438698266948	21.40685415436858	8.983867526726288
33.207056055761875	1.8699525839176034	123.71770687182644	31.28411412007777	8.983867526726288
32.80561638515453	1.755859422204349	68.71947608550411	15.487032787902459	8.983867526726288
29.61592930973829	1.49725129952561	87.13734670436492	19.806577800591214	8.983867526726288
16.933780496263505	0.5157576155195566	65.49456600560006	16.213643741183425	8.983867526726288
31.118656513049512	1.9720871519364482	98.66210543280616	24.673626354285577	8.983867526726288
16.58974997940111	1.044930799723163	52.72162302298756	12.592528250547996	8.983867526726288
46.709487652724995	0.29398807800904514	232.22816322056528	41.31787138741799	8.983867526726288
23.23212737058568	1.4428142024173325	89.34810893829498	14.947513894857858	8.983867526726288
25.76340167479611	1.0799542992705027	123.61082478366085	29.54587713054037	8.983867526726288
29.82632489680211	2.191533939657302	119.94431383398931	23.019454070389422	8.983867526726288
29.46271969596645	2.052324599776719	72.49373984564428	16.68905565327238	8.983867526726288
83.47271410339599	2.369056755394503	215.69184011399523	48.21217572646399	8.983867526726288
26.395652379076008	2.357704154060386	160.24957076856103	32.47268115804964	8.983867526726288
19.75597034778969	1.0934556457318885	68.71947608550411	20.8258490688808	8.983867526726288
24.319061920470325	4.20436203372655	67.277507323005	18.16220570200696	8.983867526726288
24.11274318220969	1.5523596072696757	78.14338758936553	19.309074026216468	8.983867526726288
35.84153038581702	2.556046188364915	145.81463667788066	27.648372333302376	8.983867526726288
30.72695440485055	0.7686716547753911	99.89744373304372	18.250765711573006	8.983867526726288
36.2314081842655	1.1911522982603602	125.92072829769609	31.097928805757142	8.983867526726288
21.41534638575968	1.1911522982603602	86.5486979806679	17.53742989185872	8.983867526726288
24.8587117471321	1.1911522982603602	71.92973499895075	13.282541368636743	8.983867526726288
26.880159759320875	1.1911522982603602	91.22780802164567	15.476982961674125	8.983867526726288
8.146210950529573	0.5493832145278069	53.88704497617728	11.72910034122114	8.983867526726288
14.238701220636424	1.3389294477884335	54.809332661606355	14.622269551861532	8.983867526726288
12.055020789484622	1.155954752217564	52.70055559608954	13.537671896180793	8.983867526726288
18.34495475824996	1.1119418809266643	66.91339491132426	17.192037532408776	8.983867526726288
11.906564704248241	1.0379450246060298	65.3274019771677	14.68685719704381	8.983867526726288
18.884116505715358	1.3318345863952192	67.42267075417581	16.748642662385343	8.983867526726288
21.16766967151858	0.8243989127676826	110.13706107925863	18.407057522763367	8.983867526726288
24.885218714707445	1.45631182779276	91.67081275053563	23.77993889115237	8.983867526726288
27.45663913415446	1.2262989263142046	108.25764159448578	24.300890733549515	8.983867526726288
22.638650981771246	1.302257181174366	68.14325058288647	18.927670098689482	8.983867526726288
30.334135025756556	1.1911522982603604	76.22928992359108	20.303978020738082	8.983867526726288
23.124280659892907	1.1119418809266643	80.51354079079236	15.673702385700107	8.983867526726288
13.298835783948125	1.1119418809266643	84.73845031550677	18.069811681067897	8.983867526726288
22.33808503161002	1.6337424456696874	108.82366329764079	27.630219549929528	8.983867526726288
19.081372244179718	1.1409098278404861	87.89001388133418	19.497323026549488	8.983867526726288
25.010661890800684	1.1500150921282333	71.5915800384413	15.548004725496956	8.983867526726288
6.649731200088508	0.5647818493785678	40.8714858607337	9.57945158112403	8.983867526726288
19.51316602060955	1.1264724145609415	53.54623957955458	12.150311177841967	8.983867526726288
9.457967443936504	1.1500150921282333	47.22003688382775	13.101438374805932	8.983867526726288
30.57807962103805	1.1119418809266643	90.70081887263484	19.63986565144352	8.983867526726288
24.239374775021933	1.1119418809266643	132.49126494148726	27.871961229087713	8.983867526726288
31.328891817659553	1.1119418809266643	101.2281141044925	20.742145406470282	8.983867526726288
25.077798469380046	1.1119418809266643	100.33967875875871	22.604585022108935	8.983867526726288
21.893555263840952	1.003407423228292	59.83179714874911	14.440799619518128	8.983867526726288
23.97931293332884	1.00374833607926	89.53866496234875	18.916770684648665	8.983867526726288
45.933712114602436	13.05349527204218	101.45793839958841	16.481671210397916	8.983867526726288
34.67761282841798	1.1119418809266643	92.84228552684151	27.500036692426136	8.983867526726288
11.099917466521699	1.0629853935698195	66.42156442598534	12.618088076011858	8.983867526726288
23.808297176602625	0.8409490715407091	91.69902861529089	20.722012778674806	8.983867526726288
34.72959653792282	1.0985314801986712	120.652751554289	29.428603244030718	8.983867526726288
23.297336967599925	1.4118316493487089	72.48198484318732	22.60730172042789	8.983867526726288
27.864687475172584	1.1119418809266643	70.77936286989984	15.918961654219828	8.983867526726288
20.12218333941634	1.3165756024469122	71.43583745884304	14.077560202508826	8.983867526726288
25.548832146482017	1.1911522982603604	72.5969378443209	17.704108645106494	8.983867526726288
45.49026893316014	1.1978023735228485	115.99975164423523	30.195629610201195	8.983867526726288
26.807989444100507	1.1911522982603604	67.21104874086542	12.033630900537657	8.983867526726288
37.92116145907061	1.581228692873699	106.30832199675412	26.41134493835806	8.983867526726288
21.71807512931879	2.3036184671642235	67.88487294247948	15.175159460425544	8.983867526726288
25.95489353183922	2.3806210982783815	79.44388901490491	19.6096948019621	8.983867526726288
35.938607773030164	1.861928528044599	83.16086466829894	20.31033593060466	8.983867526726288
45.25867520920885	9.38376528417828	90.98659503496387	16.48218297564251	8.983867526726288
47.31581021899154	1.417229500726517	115.91924586506138	34.32800436469219	8.983867526726288
61.269732492063056	1.0570098861267267	146.4921616981516	35.30476657974963	8.983867526726288
48.735858146937645	0.5504924642613871	106.49505495813754	28.63959018063459	8.983867526726288
41.85101188849738	0.985424476015949	116.79823506808336	33.073452972498	8.983867526726288
59.74756249017261	1.0595021004919072	106.49505495813754	27.717626983368046	8.983867526726288
39.19946669201185	0.8176991441001585	108.35353079558452	32.970140651681206	8.983867526726288
44.24090522428593	2.227783226119878	116.73301496664102	34.00386266401401	8.983867526726288
23.214049750166208	0.5703999745351614	121.48843352585655	24.220631451357473	8.983867526726288
45.41363076574766	1.0117846322764992	128.9990328206852	30.251064567192657	8.983867526726288
24.527375023143083	2.857833438527067	103.59214198559076	26.717327132985258	8.983867526726288
18.137627550102085	0.4587379199383923	99.83961285381496	22.40664667449011	8.983867526726288
28.710172077703472	1.2089879021940937	101.68664803502085	21.817656128614804	8.983867526726288
29.380077914535498	2.086469125140243	98.66079882090519	21.38029181324564	8.983867526726288
26.573998814614406	1.5636063109285923	72.31338562455515	22.026810612268015	8.983867526726288
41.172953511664815	1.654659104472865	101.45341662749671	28.689017026019332	8.983867526726288
30.673370353256622	1.134297430175088	107.94057877856878	26.773529633197462	8.983867526726288
51.70798342308818	1.477764800779702	125.389761148612	34.025174009548024	8.983867526726288
46.8669979047148	2.593440006960365	117.92716508683894	28.93091371120492	8.983867526726288
36.91242407459138	1.9932167771209486	90.18864032791727	28.263557409500002	8.983867526726288
65.61599946324809	28.750192473736796	133.11567986322368	20.208767577127805	8.983867526726288
46.533943735978895	1.0505331492864813	127.85852333784153	28.331314889934568	8.983867526726288
36.89506719247271	1.0961026240141687	146.41908031455574	35.550050462074104	8.983867526726288
25.99493612733373	1.1962324720981987	111.37601642353421	26.429794037885774	8.983867526726288
45.770402127681095	7.0894671640332625	124.52573593698233	30.12038417925646	8.983867526726288
40.0992045290227	3.497866505798874	101.18969275090569	21.000645731724838	8.983867526726288
51.59801736680892	4.55948495968023	118.08645065642055	35.62724188918278	8.983867526726288
27.499692164647048	4.098965136490551	110.8140265815201	25.8788883227566	8.983867526726288
28.697070996917752	0.5652408889270815	101.78943893651059	20.258379066300346	8.983867526726288
19.9875382521812	0.6144204350290876	104.84175281166766	24.37706684842056	8.983867526726288
36.79045184487836	1.9177284517136017	121.41585390096961	24.64949939694664	8.983867526726288
31.806822461607748	3.1783619222888513	93.26732861108707	20.00934076933489	8.983867526726288
61.796544957694934	2.4910089266086337	156.09115554285185	47.375503784971315	8.983867526726288
41.54589135801838	0.7812885581454082	119.24602317722741	42.5627908961619	8.983867526726288
47.843523256933835	1.968542770009079	124.47517587949804	35.90564971048129	8.983867526726288
29.81054434024924	0.8035168536260849	127.319246686572	29.504735479667517	8.983867526726288
30.074406001473324	0.8489526288077806	101.68361036548569	33.326979073531064	8.983867526726288
33.46212711182494	1.8218913359929287	86.71161599439591	25.431194492560564	8.983867526726288
25.650720228247522	1.167125542059625	84.77732950045151	27.96955412216429	8.983867526726288
34.817322420938424	1.3526362640615366	81.17426245487377	24.185149804924958	8.983867526726288
34.771605728832895	9.113688125329523	69.53948277368288	14.118032473468043	8.983867526726288
9.354704118831943	0.2950254336700011	46.30001429380988	10.816292156491382	8.983867526726288
30.93929157942003	1.3627824347867328	95.8678175363627	23.036844108739025	8.983867526726288
18.83639671073695	1.2448566423300527	64.94401505920068	17.6299741607857	8.983867526726288
13.588634884548854	0.48958760756552294	67.08423915678846	13.16959177154354	8.983867526726288
20.846031334453368	1.6767997119478844	112.60821887574657	24.51009863481681	8.983867526726288
30.245673173109356	1.1806542894756207	100.008009773311	29.36496842810365	8.983867526726288
27.110570237309382	2.3033211885140195	80.67447194859446	23.486973509631774	8.983867526726288
35.52433084538265	2.416936078763439	117.01580135048935	24.179794792058935	8.983867526726288
19.34004494156966	2.416936078763439	105.90986964058223	24.35980928695952	8.983867526726288
16.585677355580263	2.1106764432485856	69.29829439662933	15.391614629606618	8.983867526726288
22.05768773310336	1.0540948818352913	75.6088847950575	23.141564430593657	8.983867526726288
16.623922014323913	1.0221878342769624	84.04012229993383	22.59045398279916	8.983867526726288
17.621415345448014	1.0190171730917492	99.89123573365202	23.51879239066149	8.983867526726288
6.535177626815508	0.4562536255305312	40.299823792045814	8.527754535326496	8.983867526726288
39.41634341191115	0.6668181651052284	174.49768908447592	46.032179494585094	8.983867526726288
49.63591699883601	2.1106764432485856	193.09819581835566	57.76381336993376	8.983867526726288
14.94921365382186	0.49357248412974636	66.23948697205923	18.138965440594163	8.983867526726288
15.044356359060451	0.22773851570893391	78.40940459295322	18.741859399915544	8.983867526726288
22.36114378232118	1.0858341001926701	100.45913048550707	27.255896394362527	8.983867526726288
15.319920047095962	1.0064780351021634	76.00550707210057	15.50143529270963	8.983867526726288
24.000968782801593	1.2087795374658694	112.82666631019092	25.039909435350406	8.983867526726288
15.397542552604701	1.3035270623050468	70.26109865821496	18.765634401828756	8.983867526726288
22.435554427810295	2.1106764432485856	80.6038271272766	25.040775663203014	8.983867526726288
50.75421565804252	1.1931082970305136	306.6913180561409	51.21669042614135	8.983867526726288
22.337589846068152	1.2263115113429586	106.37781171900039	25.18397920133883	8.983867526726288
28.486850355426068	2.1106764432485856	79.52712552922821	22.46384591027044	8.983867526726288
10.68868140492939	0.6581705694821699	67.8761887174783	16.461496768397016	8.983867526726288
19.03225786270727	1.5	82.86704476881013	23.358264537037037	8.983867526726288
36.53446733096132	1.0722786073313522	135.9115275998641	33.870806356608625	8.983867526726288
23.601785828924868	0.7339178813328932	94.17429871687887	28.085738795624913	8.983867526726288
27.352471832775933	1.3763582691171008	103.63289690310795	26.967951698442057	8.983867526726288
50.43479479823667	2.4045335635739913	225.49296957360372	45.42935877085138	8.983867526726288
39.829971744473454	2.0617226579342245	125.87007402369417	23.21557542863473	8.983867526726288
37.87494763306509	0.6785494787173779	184.72596458840314	48.03077531867273	8.983867526726288
10.624993883462825	1.219898991932124	70.75618803686594	15.338078944280387	8.983867526726288
15.23646212812772	1.0997862253888175	65.46908715381711	13.942223292899797	8.983867526726288
19.179821788175015	2.0233183925056606	93.88255847520428	20.279857922212585	8.983867526726288
11.138176831057029	0.43199548197118587	83.82190897004625	15.888536526739756	8.983867526726288
13.26507138959251	0.31849571930744297	75.8862393956332	22.045681633577452	8.983867526726288
6.560076315400746	1.3571645150860518	55.411730602669714	12.826539847702605	8.983867526726288
22.274887827602694	1.0014709722079727	104.58022534469782	21.031109776171217	8.983867526726288
23.33883103656166	3.1710150225895326	73.27310103873319	13.033552577601295	8.983867526726288
28.237012378108787	1.0798364092611865	64.8384052417499	15.098028533885422	8.983867526726288
36.14223527546288	1.0740280516393104	101.49308778967213	22.415215158863482	8.983867526726288
22.001791535395395	1.0463667116618232	121.99978062502632	21.171474560881766	8.983867526726288
29.242036866685616	0.9393026828184483	71.77851462716043	18.172506743721428	8.983867526726288
26.841519850572574	2.5827754460182253	88.2125997502019	20.70211832865683	8.983867526726288
29.49438125580374	1.259252772799978	100.03908068724769	28.3149323564553	8.983867526726288
18.38524087401405	0.4724798887274715	65.69955031150734	18.34261389404665	8.983867526726288
24.453281903479965	2.3041119979611766	84.6528458578283	18.48947522802756	8.983867526726288
26.31712479300942	1.064631123911577	124.69649016625486	27.5815319399152	8.983867526726288
23.67039271440027	1.9761784605850645	112.89915850338552	21.381779879826087	8.983867526726288
37.375149609432796	2.567726954580388	127.72864757742786	29.906717752988914	8.983867526726288
21.83752977261227	1.1889470550359134	96.49103816824825	21.019804726561055	8.983867526726288
24.296045423102754	2.0759417414144408	68.65299870373165	18.421836990901138	8.983867526726288
23.74204255667814	0.6643291673394727	78.02682695077489	18.294800853282496	8.983867526726288
26.67294994776462	2.567726954580388	90.66420065676921	22.419868918396215	8.983867526726288
15.131561163463282	0.9266375082503595	75.56349643566048	16.26239854955917	8.983867526726288
17.45637251561416	0.4817152290300223	75.6077544749187	22.455999193812204	8.983867526726288
8.390661172925867	1.039628353023426	55.142877796768595	10.564136127429624	8.983867526726288
16.31373273611212	1.2941160358181767	74.1333346013086	15.660030219040769	8.983867526726288
31.224758823842265	1.2273236997424284	119.4614510313221	31.44279910719294	8.983867526726288
32.71004454927489	1.6722756971175783	151.15511268844338	26.98399821711876	8.983867526726288
25.150870129394143	1.880108955930002	87.38742431432566	22.124541187236357	8.983867526726288
22.26484377354968	2.567726954580388	87.79436684015447	17.764336496443548	8.983867526726288
21.90708521199268	1.4488091481822507	83.02546155873343	19.19859147443272	8.983867526726288
10.72091650215925	1.7544745940634097	63.60481411716499	13.914595964642348	8.983867526726288
10.422358224132006	1.9942135868108501	48.6509722949411	13.554401592270668	8.983867526726288
31.557915310874236	2.567726954580388	91.50106747567995	25.876228855025182	8.983867526726288
23.391084882731246	0.6145680476835921	71.49671307387953	19.713006488354655	8.983867526726288
11.464720834282609	2.567726954580388	65.54086494385001	18.151148009939398	8.983867526726288
20.095302783511368	1.6227317645898862	85.36921215483738	19.9942617202528	8.983867526726288
23.115204504698443	1.078890749293585	160.44582767478343	29.722993813099414	8.983867526726288
8.367991903831543	1.4540014312548728	61.15195114053727	14.259709765714002	8.983867526726288
12.687986289105455	1.045182615783474	89.85437847738233	15.514967840834643	8.983867526726288
28.0483481484031	2.5235542538493583	88.80160654580918	20.06114621207663	8.983867526726288
17.843059187476435	0.6884712810693195	74.26973270506049	17.623454656639893	8.983867526726288
16.71020806783896	1.2708100023869182	68.12108331792989	15.65722035129239	8.983867526726288
15.104376293560367	1.3679670817402576	83.02960291666997	21.367410280329853	8.983867526726288
25.245716370548962	1.10028088498717	124.86102432533269	26.768063046192943	8.983867526726288
10.669085108070563	1.0221878914351612	68.85446411758953	16.040052275300717	8.983867526726288
12.075581409085624	1.3596248699919453	54.565919196472066	14.127898462482687	8.983867526726288
25.13911957198352	0.44701995058819155	107.14066230343035	20.266222133517093	8.983867526726288
17.466549195748993	0.7661406260976922	74.42785242391949	17.16225801315825	8.983867526726288
27.316298266438537	0.3761104556307659	83.45340780923961	18.73963165001096	8.983867526726288
32.986915858222034	2.567726954580388	73.21916357411614	17.073046619860342	8.983867526726288
18.215013177938765	1.2717044385118086	64.35856891026306	14.234085545588048	8.983867526726288
20.772329563107892	2.33113451101164	59.7390008685572	13.973814487091294	8.983867526726288
23.3424382829391	0.6399610861977871	84.9205686610007	24.505263767430634	8.983867526726288
13.802053721388852	1.0461120158576636	52.11045698129604	17.302612954222347	8.983867526726288
14.41491334711515	1.8327314561157289	55.31252199356759	11.173742839642916	8.983867526726288
15.527714330242226	1.4243981370781265	69.67534646518487	20.259485453064663	8.983867526726288
18.826672727639167	0.05002842771435567	67.7998970027177	18.88690992437831	8.983867526726288
15.049857902740312	0.6111045527556931	71.79105592692663	14.56677406876187	8.983867526726288
21.63115016743536	1.8937697319709341	65.15108289526935	17.290720325236713	8.983867526726288
22.079152407056487	2.857383912596132	84.98037862978234	22.23470910434545	8.983867526726288
25.603668380533513	1.6301112460296756	108.4072647229283	21.739461618050427	8.983867526726288
19.042843357975315	0.3428110151635071	84.9228766699786	20.60702755437839	8.983867526726288
16.567355632163064	0.3483263558891262	57.84490454979018	11.847473061802605	8.983867526726288
20.43880219352737	0.33004584125411135	102.0294454156337	25.72410829905641	8.983867526726288
9.44563982492434	0.4607965747975344	45.91926604565089	10.075529705974326	8.983867526726288
17.453860606398198	1.1389348165652395	66.75018237748337	14.16352230110704	8.983867526726288
20.561778925508637	1.1412695487850948	83.46498657411331	22.607294719137794	8.983867526726288
15.90278939268793	2.1106764432485856	64.98215381671908	14.784556718170403	8.983867526726288
31.451023110197212	1.7028880633957586	123.10491470045856	28.69871781553934	8.983867526726288
29.383930060588565	1.0789226857402814	90.50763516891143	22.233029374380255	8.983867526726288
18.06720604308003	1.211567439693497	68.854037935145	18.135392756446855	8.983867526726288
38.0822947128953	5.0069268172359	106.69524780380031	25.30321454348072	8.983867526726288
8.738114647808787	0.46960066899531866	43.62154016330757	10.810171210531967	8.983867526726288
10.143537223025954	1.0170294611487345	66.30210443285212	14.276951839312185	8.983867526726288
17.70229138928258	0.9523947858955382	144.8239183885322	29.491278749765666	8.983867526726288
23.524619401290888	2.140727941719778	84.67527667779972	18.047286089943213	8.983867526726288
13.100443424668434	0.49021263793032194	98.83123076874854	19.702947918028226	8.983867526726288
11.998240484276543	1.0540963845658131	59.40107719051052	13.91886585694905	8.983867526726288
10.119926367485194	0.7473878400254349	83.10443422278982	19.971144982238894	8.983867526726288
10.874319559469372	0.9625958832999525	63.66686172657113	13.8492010885284	8.983867526726288
23.41581302156458	0.3859993245499902	84.08036793574124	23.53843925934185	8.983867526726288
18.56338803686482	1.84533901880201	66.74871153701797	11.049558475940444	8.983867526726288
16.951066726150156	1.0657015715336133	59.49966991408193	12.83238977683738	8.983867526726288
19.077109474595428	1.4006008420597318	73.60711698115303	19.28710262524962	8.983867526726288
20.029399125919728	1.530237041079715	84.58391975172624	21.64141159662902	8.983867526726288
9.928094256781963	0.5941602249500196	64.00746091770044	15.742253530675972	8.983867526726288
18.859743170849654	1.0799482954557094	68.80005441590104	13.158398314139983	8.983867526726288
11.02402696778001	1.1064426577613409	62.08214917170066	12.269284811360675	8.983867526726288
17.569923234110707	1.098788999687042	66.9382631311006	11.973561556475657	8.983867526726288
14.656782170589945	1.0587364320703991	67.0958471190885	16.184462980933695	8.983867526726288
30.964138119023527	1.826033819263211	130.31792769054292	26.68769409027122	8.983867526726288
18.851532439540396	1.64131397425382	75.66233711627929	17.136072067356203	8.983867526726288
20.322148043177776	0.9466672653883333	115.52696328998324	29.505797813255743	8.983867526726288
32.26810634483165	1.3610667994682306	88.63219207416783	22.16959550171662	8.983867526726288
15.175313385736343	0.32133501760794353	70.99527896974473	17.595291104721266	8.983867526726288
18.543630695607764	2.969736354652145	62.933179954760874	15.519792644347499	8.983867526726288
18.378255956257487	0.24798340340672112	158.58978887355119	27.063087025279223	8.983867526726288
5.146151346817485	1.4663898659628265	43.6267203236731	8.573724929761859	8.983867526726288
20.249162146706603	1.0570087036383182	68.67239974240213	15.560221742197745	8.983867526726288
8.222057677282468	1.032900383055891	82.9175154377843	16.655697998900685	8.983867526726288
9.158075617746682	1.0320709251012512	55.22482921289728	14.258352542100317	8.983867526726288
21.45223747862468	1.5128748246616317	102.2031397960887	21.972376955635315	8.983867526726288
8.819943799054588	0.8362453436848841	73.80827233273705	16.669560017416757	8.983867526726288
10.750513993715552	0.5771707369444169	55.11019612867401	12.58388181166047	8.983867526726288
17.96450229351318	1.095461325487729	63.736403178823025	13.550717156949464	8.983867526726288
17.7859983174981	1.4171608919338294	63.3550179907348	21.27441314274487	8.983867526726288
20.09438640870864	0.19204968208959788	84.83535223399909	16.247053849602285	8.983867526726288
7.104605353770525	0.5106977815519103	46.83925359448575	11.358495682523372	8.983867526726288
12.72123005526537	1.5137342190484941	57.22305489931736	15.611383593449187	8.983867526726288
26.17941500305159	1.5406375098703358	87.2828319291186	26.92015964080947	8.983867526726288
7.776692139891065	1.188952819004019	67.0976866637154	13.775817750206338	8.983867526726288
19.943144641107143	1.952296890102226	150.77221776914138	30.745859566812317	8.983867526726288
17.70666451516783	0.8674821945938507	87.78958524046111	19.755076694158962	8.983867526726288
16.51994176608162	0.7800041163516396	167.93711298417273	28.945059001042694	8.983867526726288
9.356339427136989	0.6491720198365858	51.1283019796138	11.655084787063252	8.983867526726288
18.292256892198395	1.8055556588911654	70.95463606751291	15.764984945783493	8.983867526726288
24.239613576807738	1.1811704862539345	72.46111103791921	17.494673701044086	8.983867526726288
7.778339344695293	1.4100856940457325	55.41472521748941	9.885942815938401	8.983867526726288
21.8384190703859	0.31945922108403035	113.12922917071403	21.953577160141904	8.983867526726288
5.580782113800755	0.8369356479643495	50.30031539190519	11.888250298980461	8.983867526726288
20.330069795382858	0.9012789559257723	62.983198804958974	13.856409180571868	8.983867526726288
18.990178352643973	1.2641407265628244	70.29571875503814	16.01131087860586	8.983867526726288
12.253604690648764	2.1106764432485856	63.67944460712637	16.64981332246355	8.983867526726288
21.15042514518664	2.1106764432485856	86.93667926281728	24.34865841753814	8.983867526726288
41.80121887747468	1.5811742892009661	130.94879009381668	23.568671414898684	8.983867526726288
10.790968230271025	1.0036746203295095	65.74909292548881	12.81948973267696	8.983867526726288
15.032310675708723	1.981833995295534	81.36380928995794	17.179730292209577	8.983867526726288
30.39790372496105	1.1062369146497468	125.29514962151836	33.668829884314434	8.983867526726288
28.344350275259306	1.0749171444408299	104.17837001309734	22.07772680552966	8.983867526726288
18.97998358949163	1.6336965263863228	81.17653579084804	19.287029539172625	8.983867526726288
11.04264987615689	1.0010542187025806	56.576503341880176	13.612374122239851	8.983867526726288
10.594251012510313	1.278615194340061	73.15106708569546	15.089808637691855	8.983867526726288
34.21668180010411	0.559716893604682	126.95303119217068	30.4664383404808	8.983867526726288
8.770574770366778	0.9442916640562307	66.9305838450381	14.92952294436193	8.983867526726288
8.019697635754731	1.2021340000578	61.19503206324422	14.312178730077374	8.983867526726288
5.779296353953501	1.0663998767916254	50.19537092447766	9.575390821253604	8.983867526726288
21.36305342925431	1.1230740662774792	66.4041307909922	20.735940911412435	8.983867526726288
17.237062350020445	1.1739374203228963	70.79778718076702	17.7339010227988	8.983867526726288
4.745086710241636	0.9035324063363896	48.17316967804703	11.117378720396715	8.983867526726288
7.382644685063886	0.4917087922824529	51.9503758364891	13.381266668413598	8.983867526726288
11.21081484579023	1.1362766112994398	57.41734546177161	15.986993602657412	8.983867526726288
25.9900952878941	1.158263677303986	104.9577555502393	30.614566326485836	8.983867526726288
14.43862473099154	1.613349483336456	67.75783649384215	17.441594458430426	8.983867526726288
18.932635727400537	1.6740719762288967	83.16549641698548	23.507828189585958	8.983867526726288
13.046610969926215	0.780069149513165	97.410232950886	21.292421232756094	8.983867526726288
29.663868180970997	0.7804924384951495	83.50253655609279	19.8623745298541	8.983867526726288
22.561479487080607	0.9376273063603062	103.1191872452919	21.847680613511578	8.983867526726288
9.204493832500646	0.3401760341207395	61.987781015134644	13.09140082411768	8.983867526726288
11.013368591944065	1.3755423565202591	62.50423551773675	12.980888150299837	8.983867526726288
15.807654274079365	1.7881674599246404	67.87583954570366	15.158814950766446	8.983867526726288
12.03577065769161	0.9399574500329041	69.33523362787548	16.308292992737552	8.983867526726288
18.3650123020344	0.8650246421099269	120.78704308782156	22.362479218333462	8.983867526726288
15.479674528649241	0.3672315978628613	65.9181700481031	15.52290335116352	8.983867526726288
12.858352293559385	1.643457910660632	70.73681401680255	15.018221073587393	8.983867526726288
22.47767494777452	1.7461019357772767	106.49730616063911	29.674489583983892	8.983867526726288
13.379548329589374	1.2019797338815383	68.28670327452471	14.355418947484859	8.983867526726288
13.176832233329925	1.8211255695422621	48.94822641073999	12.217777911837015	8.983867526726288
7.053824081350192	1.0619760265763645	42.227909872524336	10.001846479815589	8.983867526726288
10.899340236348634	1.0373676256511162	54.97359052891746	14.386330325657543	8.983867526726288
13.231303721545785	0.031743441332064	90.20840756254863	19.72219876177305	8.983867526726288
7.738256860414534	1.3897155212483383	48.11713802870861	10.72912816922986	8.983867526726288
20.045266410190788	1.3259286124145586	115.00479999249835	24.965390109330897	8.983867526726288
10.880037765012034	0.5267920801336974	51.9947944839567	13.257012791848407	8.983867526726288
25.009885220384263	1.647198790478291	116.35308006757225	28.10653188721791	8.983867526726288
20.99059069954407	0.7031095837935782	81.39844979633648	20.729124492914938	8.983867526726288
17.166657032922444	0.5692222268619599	57.787638727116736	11.78409027922785	8.983867526726288
26.08371518319888	0.3849482494482709	106.11017344394469	26.29709393774172	8.983867526726288
24.432861687466527	1.0029416382528729	98.50459386666148	21.8346434608053	8.983867526726288
35.296222718215525	1.9375187881455471	147.01613486892856	39.89879503885241	8.983867526726288
13.418417807393872	0.80991146150859	76.60488306096799	17.296004547612945	8.983867526726288
11.402068763556025	1.271744929866001	75.64489376883935	15.82317402222198	8.983867526726288
13.804766411602202	0.6817776491166068	62.601059924142916	20.123776755080648	8.983867526726288
17.170480725036004	1.5409165829907971	81.99914415244874	17.84726325597	8.983867526726288
6.896138037666249	1.1359571483664401	49.38527209896985	11.027509028808472	8.983867526726288
19.35251903410266	1.4255534401946512	104.8004604011457	25.383567704693892	8.983867526726288
7.361497153898953	0.1746162721976867	42.6619340821875	10.108647452574798	8.983867526726288
19.405463264014536	0.8001856014871989	60.598838697096014	14.384541851146832	8.983867526726288
32.131063779339065	0.8004027488323788	109.93549328654491	31.11094665094717	8.983867526726288
16.91091023591422	1.1842872732009666	112.6865896903059	21.964489316011615	8.983867526726288
9.17911908647695	1.1616580179043503	41.325061967441506	9.76504288875407	8.983867526726288
8.109984360846873	1.0640560926557523	77.20545060042294	15.479070201679349	8.983867526726288
14.627193574162018	0.5726598015199353	64.59734250187907	14.565548433834476	8.983867526726288
16.390953345348443	1.295744511187626	104.7365802801579	23.307499826728538	8.983867526726288
11.423858933140306	1.084333854556046	79.33361034567736	18.017202594488502	8.983867526726288
9.686496610287756	0.32807517374409134	72.63003421166951	18.4761021728325	8.983867526726288
8.140118650105926	0.6427701659681366	48.76957190281114	13.303031897571335	8.983867526726288
9.970405759526898	1.0391667666416353	57.36217674517646	13.331017947750897	8.983867526726288
9.238239700871219	1.1182577830684746	60.66164722602568	13.444144293099777	8.983867526726288
11.87232932310616	1.4466722592104204	50.88167113007173	16.291583578299537	8.983867526726288
6.139806720748	0.9225149398051673	68.09899760282622	14.706427801707264	8.983867526726288
14.539726913684081	1.0367740891871398	107.23182482635893	18.852225000968488	8.983867526726288
24.438942673254626	0.576339127909848	101.48522992450782	25.917789785466226	8.983867526726288
26.02758216121171	1.6527949806079656	81.37183290371505	21.043649248422405	8.983867526726288
7.725256009876925	0.8369660785646806	82.42451866813158	13.330199357452694	8.983867526726288
34.31510625923203	1.188004781598282	191.01495257034503	44.322182677807405	8.983867526726288
9.038676555324495	1.556437628511223	53.98438339278006	14.632250197673082	8.983867526726288
26.304639983049903	1.1404534313111414	115.58304188101553	28.66207607568891	8.983867526726288
22.991133385343005	1.764203801398864	145.77801035059528	27.459201707358858	8.983867526726288
10.675720151329116	1.4996362502886111	70.35529926883048	17.92079684974626	8.983867526726288
14.615492407518952	1.709112428939148	64.90552477202948	16.97268339668387	8.983867526726288
4.9531991624001215	1.1388955188229537	46.67670735030288	10.889135096041194	8.983867526726288
15.543355302162478	1.3448791043512063	101.47237233492841	19.267762446444053	8.983867526726288
16.648747702936213	1.49557637490403	88.60523512868679	23.172757395291132	8.983867526726288
17.82864436840238	1.1023604954988528	86.1916036867511	21.448423539757265	8.983867526726288
17.01933870528834	0.5917320935766933	67.88008730553842	18.2830652553585	8.983867526726288
10.791022544125525	0.47731220466181995	54.65186280670205	15.742432480841586	8.983867526726288
9.1168858598784	1.2726838003785248	60.10610456520489	12.625651498525544	8.983867526726288
16.48821716275552	1.0095423446306095	65.99928897391707	19.487580285947168	8.983867526726288
4.081183846468089	0.41817591287331	42.355508525574855	9.260158986465308	8.983867526726288
13.107608285917898	1.5488946235166579	79.4269596043224	19.88499385650049	8.983867526726288
14.431264878074538	1.313146750473621	58.8422551238384	15.936846830640686	8.983867526726288
12.978178203133762	1.6313180793860538	71.12486318466628	18.83758787049522	8.983867526726288
7.437547584845172	1.6369356741648209	55.337186866788066	13.487484624421588	8.983867526726288
17.293806672136377	1.0101618061922466	88.19528865493443	20.686428544386008	8.983867526726288
10.21152945715603	1.5084140247440563	65.46063146772	15.679535480518656	8.983867526726288
20.160478083592373	0.15095645225503584	88.20750945090379	19.316894288954895	8.983867526726288
21.356470653812842	1.489917094550378	88.83607477980817	18.252317047987503	8.983867526726288
21.497684235215374	1.7506890975070677	122.9076806327995	29.52283093850739	8.983867526726288
15.561403251749555	2.1106764432485856	58.36304435641111	13.959556657749786	8.983867526726288
15.89505214138287	0.9899538691031231	56.125406546463175	15.496660628041738	8.983867526726288
10.016801306725872	0.3360895507008355	55.995414558691145	15.1166951997534	8.983867526726288
18.382125052319637	2.1106764432485856	77.64467067142135	22.855498902240495	8.983867526726288
11.987065609695517	2.1106764432485856	72.72731144219398	16.25983606441717	8.983867526726288
9.356124920255915	1.626862592864141	60.81604630212794	14.125724025866239	8.983867526726288
11.833131989135076	0.7631846937967861	53.66120979592181	16.589570338600794	8.983867526726288
13.513134433370615	0.4501627766314346	57.13261061973653	15.266484520653133	8.983867526726288
35.77658497722183	1.8439949724241134	90.26252593280348	26.609382714940047	8.983867526726288
20.302354009064498	1.0999844296339631	76.88986203502243	19.635694016654888	8.983867526726288
21.428534255388445	0.8083085477765269	67.77319898359463	23.9065559425209	8.983867526726288
17.62544991225455	1.1694433546907161	90.96749395648473	24.413553409640556	8.983867526726288
16.566569436911028	1.342978384385183	64.1787128321599	18.461298208756073	8.983867526726288
16.400591244364538	0.7188371556032557	77.23922672151583	20.18446474058485	8.983867526726288
33.79869825763282	2.1106764432485856	115.19470278547921	28.294824094192656	8.983867526726288
9.332372831964124	1.2491727349310577	64.36457342622926	16.601202547181476	8.983867526726288
41.16207755017394	1.6500060012196116	174.15150985239313	41.89430922202933	8.983867526726288
18.93871648641464	1.0799256722182744	87.38928193637516	20.007718890979355	8.983867526726288
32.928003256099274	0.3734960233892506	134.05629216946144	37.04102647870935	8.983867526726288
11.461865941893933	1.5872687857539358	60.133695148876264	15.640691682023013	8.983867526726288
29.294410932791823	1.1672221819902227	106.90037857035514	29.837928033591055	8.983867526726288
21.67476968993027	2.0466280317428724	90.42799875199829	24.391616533501796	8.983867526726288
13.578223176473335	1.0034280641751483	105.28487553860765	20.36200277692064	8.983867526726288
13.406206505613364	1.1129080650385899	71.96978255459874	17.6849072787004	8.983867526726288
11.506777929922713	0.2582921083562945	84.30662270236974	18.935634094054286	8.983867526726288
15.426997153396206	1.5056306773243284	120.10453868444073	26.183127440272948	8.983867526726288
31.71750309651685	1.3712837510376814	168.2181420112815	30.656206878578484	8.983867526726288
23.760868995045143	1.1279925925782701	142.68920564670904	24.669671456633345	8.983867526726288
17.715164870228953	1.8439949724241134	102.23021175387724	26.678507605531244	8.983867526726288
28.554542812929796	1.0804277540092573	134.02473947106427	29.116451923408267	8.983867526726288
14.72916146428107	2.007001843787232	107.99862555623494	24.64329205053401	8.983867526726288
11.442208868502313	1.1036779319687688	68.86134811738735	20.66889896680496	8.983867526726288
26.610241793774424	1.1716336125823985	91.07602741620795	26.5541327459203	8.983867526726288
6.595473904297367	0.2656958360957113	51.09570337540646	12.287154431061774	8.983867526726288
9.669529463148058	1.2645040776278045	53.370371644500175	15.485574641387235	8.983867526726288
37.30266615410828	1.309139376386457	97.71318009602459	31.331637369996134	8.983867526726288
22.2066538693918	2.093767519368232	91.57671493250179	21.94939560727963	8.983867526726288
16.724283782438953	0.727457800364264	82.94376508747223	17.534996653417938	8.983867526726288
14.076514848494167	1.835176011418024	53.75025487155709	13.159384243173246	8.983867526726288
13.999956546177096	0.7919771815316343	70.82230530827273	17.946822433928723	8.983867526726288
20.574748380074066	1.0018083405322875	106.7696262860662	26.402815128727013	8.983867526726288
25.181921620590625	1.470726218540783	92.26111931391036	21.504114397831273	8.983867526726288
14.055123127020975	1.4254946152325507	87.15190985782475	18.895298306617505	8.983867526726288
12.301565430060316	1.097028869249929	129.44961257662158	23.156687230874162	8.983867526726288
13.536090058026078	1.0200954396891473	68.3784679347754	18.233121925540377	8.983867526726288
7.559609905073871	1.5478440235938613	43.71061022478938	11.373535078513274	8.983867526726288
21.076048063967296	1.2128068189311796	72.38746432917097	18.44236546450452	8.983867526726288
17.320014842265103	1.6151569349717114	105.12236773617052	25.84587527800638	8.983867526726288
17.853239725018348	1.011215999667262	93.78265185561656	21.162709785070383	8.983867526726288
5.481556033628481	0.8683858422519516	36.576165346175415	7.568036294273694	8.983867526726288
8.006323734814941	0.870113828390462	39.39388847540296	9.914934787004933	8.983867526726288
12.028058088545054	1.114173470943356	67.84112215416226	18.648139264231332	8.983867526726288
9.991004281195227	1.3087016224438643	64.4690105918065	17.434918817555022	8.983867526726288
26.06674280727083	0.8224159312830491	131.38021177960024	26.00159944743938	8.983867526726288
