mean_dist	min_dist	max_dist	agent_within_SS	expert_within_SS
3428.3667704587533	3276.025403004205	3595.6736738877053	67.05030602435538	86.26841120390144
1392.9686699355416	1181.1722452721	1654.904241198653	145.88601817091566	86.26841120390144
1924.8333805780671	1493.452438073301	2317.63727219772	119.9094111640801	86.26841120390144
1311.4332438758106	1046.7356367440261	1588.4857459091372	165.78386456381253	86.26841120390144
2974.3907889591383	2797.344888756204	3168.3449696438643	70.09988453847278	86.26841120390144
9387.301825860504	4586.969049851285	11318.701930836683	2212.2232538972157	86.26841120390144
4038.238749257361	3907.5756460662765	4180.7307692190625	43.44733223436792	86.26841120390144
3418.009383235054	3202.8272504907127	3619.201509441616	83.7342322999716	86.26841120390144
3083.162712147205	2828.9688968613764	3309.924080343426	115.62501955426167	86.26841120390144
2777.4167515283866	2932.3817711176066	9412.822737716142	3287.76699727343	86.26841120390144
2942.199115346497	2975.968209784548	12081.261190240908	3630.6007438279494	86.26841120390144
10452.897731042836	3431.241067493849	22030.60448700802	9219.44657634434	86.26841120390144
21975.238884049715	21914.327901682133	22029.73068521215	1.8965655340334642	86.26841120390144
21976.158124682544	21914.4528424153	22030.60448700802	2.1586127937022224	86.26841120390144
21975.604934905674	21914.419485408325	22029.73068521215	2.1850583773333208	86.26841120390144
21976.591856132985	21914.779108684714	22030.60448700802	2.734440645898318	86.26841120390144
21976.340129035376	21914.368696872014	22030.60448700802	3.0651487261808605	86.26841120390144
21975.310427364857	21914.327901682133	22030.170223195684	2.622860078611505	86.26841120390144
21975.28221063499	21910.93202906814	22029.73068521215	3.1167530037048135	86.26841120390144
21976.432063168275	21914.859830317055	22030.60448700802	2.5727277450857113	86.26841120390144
21975.982259936656	21914.327901682133	22030.60448700802	2.416140510469702	86.26841120390144
21976.01386318844	21914.756201756936	22030.60448700802	2.5512024254187162	86.26841120390144
20172.58412769216	8964.791192442546	22030.170223195684	3597.5951708752305	86.26841120390144
9955.75491507014	8939.4968597761	22027.10105899044	6391.9395511983075	86.26841120390144
7751.10937514373	4346.405898559446	9174.386825341935	966.2216460057782	86.26841120390144
2623.4570635411073	2351.2916796263667	2988.0651490924383	132.36741906830324	86.26841120390144
2104.9190014101937	1869.0733958397734	2332.69606918905	116.07910703933051	86.26841120390144
2040.0369365219515	1730.7236564161199	2388.10156426695	165.11076097194993	86.26841120390144
1428.211523603011	1136.5219679164854	1748.7116950813067	208.30270135408028	86.26841120390144
2607.6517073887026	2151.2950920780204	4568.993369009004	496.83010002677264	86.26841120390144
2574.586590239493	1977.2375449646336	3095.786057731069	252.06281556238451	86.26841120390144
2137.197940981307	1525.5677056717755	2589.6844045817634	217.27283902956705	86.26841120390144
1290.0113600442646	818.3121497046143	1831.941478632671	292.4497319681529	86.26841120390144
930.8388185301457	687.6304030205973	1151.1968970339399	163.03716184344282	86.26841120390144
830.6080620465477	638.01129292897	1075.1773879397663	159.70819171617637	86.26841120390144
821.1318627012289	561.5027414863475	1167.407597515719	204.53525759351433	86.26841120390144
1669.6293524137961	1250.6077197601087	2044.272270171884	176.98427523322906	86.26841120390144
1430.206627776391	1121.4307411297661	1759.608633938881	126.33208903744617	86.26841120390144
793.7532248749499	491.1968997044361	1134.3736160382384	127.93506389519898	86.26841120390144
1361.9441684141705	1054.348228866342	1716.0215497964602	124.19519328312444	86.26841120390144
1084.6063609841265	778.6209599439447	1368.082054415567	122.35737465321013	86.26841120390144
876.4771960570296	668.2013258323187	1129.6620145240802	121.41552000941405	86.26841120390144
625.7570747980778	397.89215134662055	916.1402952387836	121.22803001755274	86.26841120390144
699.318843882071	544.8058074510707	874.1920708548597	101.03009091118145	86.26841120390144
756.2954963787623	500.3442217534807	1140.5723555117506	149.761727735698	86.26841120390144
1225.8273974249446	917.4697261847235	1491.1774973101765	117.22696277360733	86.26841120390144
925.5727762401881	663.3558744210947	1180.4841000123702	101.17575532332827	86.26841120390144
663.8999577894756	400.4040071787162	899.0909312257454	101.92363647292939	86.26841120390144
865.680337139878	649.9379495579751	1045.6491806829324	102.76306132455666	86.26841120390144
908.8365955645032	489.6020754114842	1246.5136226303164	178.1690714648376	86.26841120390144
2142.417446202756	1870.614840120977	2417.4907175788794	101.97645811755133	86.26841120390144
916.8822291807389	618.2106322720354	1260.7197130143936	130.57834297096318	86.26841120390144
875.2974189640597	619.5735589093042	1194.7019636917528	175.89582446476666	86.26841120390144
575.2275299489883	389.3007922891238	898.0904183948805	245.83316322722158	86.26841120390144
1004.2345726699032	771.3865438481652	1260.3186664790785	96.14171032257454	86.26841120390144
1206.7144883756316	996.7595796837559	1469.2613263052212	85.03098119298535	86.26841120390144
961.3312488895652	735.4858164863325	1273.8706041531786	118.98957735880624	86.26841120390144
605.990769546101	384.9325288195097	856.8149645310154	163.85291262404073	86.26841120390144
559.8848829100223	422.64053232638827	797.90338888973	277.0160368335092	86.26841120390144
452.41120031574394	291.1941011311895	711.1410491314518	142.30509944773797	86.26841120390144
278.08747031161914	201.98269771554948	468.34292378555637	122.61154954484141	86.26841120390144
515.1012944714071	361.9876746894322	718.4577703994344	131.25889117108002	86.26841120390144
562.63542631369	371.974608587652	764.0579703293284	91.63757910168178	86.26841120390144
738.4295893801255	473.0362458721267	1006.6148267152647	112.65095472619646	86.26841120390144
252.58807069501466	170.5755725166114	459.18968530873695	88.72213172808532	86.26841120390144
409.4054038702359	305.52431290131165	571.0702519513637	118.09705753974595	86.26841120390144
1316.4011964010165	1038.3225915667672	1539.0286440710822	112.3031904861493	86.26841120390144
1141.041985076765	951.8556249650015	1406.8248443007546	100.99464985023212	86.26841120390144
834.4083451170129	681.1284806575163	1042.2547854657873	115.38278606749148	86.26841120390144
893.9764299043449	632.755173089384	1144.3790973395319	85.73069333289314	86.26841120390144
366.7330554090513	242.3057857855451	540.5860953308525	97.02947234123602	86.26841120390144
570.715932857446	440.1309018114763	732.9045275270836	107.13545806142079	86.26841120390144
1126.9556276165667	890.6875767797632	1354.0680784375675	87.32606055219912	86.26841120390144
514.9576702027128	371.44745246162154	728.175505763696	88.77679938865354	86.26841120390144
459.47865384087146	286.17668092126394	915.3839644079789	258.19058174437345	86.26841120390144
1305.7937392169144	1078.1789165453345	1496.2065686262151	73.58965364444472	86.26841120390144
612.9761405306068	419.4825930378551	797.4634242430874	101.97306998315179	86.26841120390144
311.9147708072613	166.26214083179818	511.9617504745	78.53702860694726	86.26841120390144
257.949036521793	147.37375157549369	457.431177375301	105.6402515355948	86.26841120390144
266.45174992952235	161.9353022839048	419.42020216152486	75.72371965251283	86.26841120390144
488.4357906623584	358.46910954059337	682.1704603349946	90.57234498396757	86.26841120390144
1191.5558176706782	987.460667347007	1403.3400094097553	95.55576426697196	86.26841120390144
596.712506158196	305.24293865375614	832.2962937934152	133.40792012220052	86.26841120390144
1954.3222605994492	1690.4590237420257	2109.976114850255	75.93469394941553	86.26841120390144
1753.5308720500823	1369.9747706765522	2027.1250033941483	116.92451920035516	86.26841120390144
1030.2511635275018	847.9126308774863	1234.4655887693384	65.14106984040578	86.26841120390144
710.516605446905	481.70188621780017	903.5470187895264	90.21031588505835	86.26841120390144
605.1270591330202	428.62133384472514	833.8171267536939	90.19200762462347	86.26841120390144
922.0495264598171	720.5490265787955	1113.3148568494364	72.6647644984761	86.26841120390144
639.9703971364669	445.21270831050805	858.2261116971874	78.73207717630012	86.26841120390144
887.1797167944519	644.6826330185306	1180.4497462279564	103.82494886041214	86.26841120390144
930.4514825925594	700.6294124893906	1176.3855817407102	85.81097552590168	86.26841120390144
803.9985372984173	617.5002889290553	1042.360125687702	73.36466630316019	86.26841120390144
710.3281420949902	536.2474053027966	929.7107446724799	83.30937734061001	86.26841120390144
615.7629538213647	420.0384107489091	861.9042472626891	104.46493050045235	86.26841120390144
736.000860626063	561.536861446472	984.1776517700692	77.27634849437169	86.26841120390144
869.1834066506904	622.2031611392231	1094.9757802777235	90.95704544846572	86.26841120390144
836.3395719418462	547.9613691906247	1133.3733685383172	120.03720269670592	86.26841120390144
693.5956693962877	515.9122156611494	910.9571719516941	82.34389053189304	86.26841120390144
930.6692297733016	718.9494347696457	1127.2726492165136	81.72628025312488	86.26841120390144
775.5333741493326	554.2629686517356	956.4498190343874	87.49426633010073	86.26841120390144
1134.9600410322914	889.4448878222232	1368.7996230859605	104.83663579075127	86.26841120390144
897.7414972161073	606.7723737447417	1171.7216470090902	119.82178527502879	86.26841120390144
911.7274625119121	695.8407394240071	1114.1229227669883	90.01868194635207	86.26841120390144
805.3660253616468	572.6545190835182	1037.0257503553762	90.69184456075841	86.26841120390144
635.3833193802973	458.819435945233	838.6310229292234	67.46704410305577	86.26841120390144
976.064190805155	740.5234364747441	1238.2853945182587	90.09321605067922	86.26841120390144
969.7726083675597	787.0470515303178	1200.2180845265452	74.5648007146135	86.26841120390144
898.9153362143747	690.9757955556078	1106.6681690040366	110.59341375062306	86.26841120390144
902.6351852737721	712.0941892557546	1160.095870276912	94.29744608598885	86.26841120390144
983.4080218884292	778.0680464897292	1188.788165968966	70.05735167856349	86.26841120390144
779.3587342108093	596.4711420585381	974.1080755534708	78.81620641142936	86.26841120390144
944.0761892792361	726.6512021158372	1169.8856745353216	155.54328815850866	86.26841120390144
858.2540337015737	625.9014036147885	1118.9430935841267	115.43541034802722	86.26841120390144
916.2027024881991	687.3139255779149	1112.3426368048388	92.01081789490489	86.26841120390144
805.6007901911892	632.0705430058954	991.8125699222112	65.0819728041935	86.26841120390144
561.5437194053809	420.01216940823423	757.6158788536558	87.90438187709947	86.26841120390144
810.8559758679969	514.0500765834234	1198.7820273909635	112.33323481259308	86.26841120390144
792.0887863890832	594.6225664209687	1003.4830883855776	72.45583793261548	86.26841120390144
921.66623247042	687.6012028269001	1096.564197617955	70.73027426530206	86.26841120390144
830.025503436727	616.2273312588454	1081.35405646041	82.30086393513527	86.26841120390144
628.4494856607322	425.7116534869721	844.5373205406121	74.06183509443906	86.26841120390144
840.7080790498806	561.5479643180687	1069.127056849255	90.54687539031183	86.26841120390144
686.3101287891127	482.95801063617444	949.6923144085264	89.33278274713943	86.26841120390144
561.800553354685	341.18081175167515	809.0452401158184	95.80960904951272	86.26841120390144
390.02960701725215	190.87969863809315	599.8271156143958	84.8301767983493	86.26841120390144
598.2352394001379	411.3044329824001	813.4563416104214	73.550019951071	86.26841120390144
581.0288230299496	384.33225902866184	790.6238262481311	79.31636119221847	86.26841120390144
541.8378641802092	357.6034753844153	813.4507411281209	81.0505397471505	86.26841120390144
463.5250824529827	301.037030726378	644.4710245565766	79.988869971437	86.26841120390144
251.56812398954517	173.52249282272683	437.11474906973064	71.36305571692007	86.26841120390144
276.24961365204376	135.21473768542418	467.15782750770376	78.15646757356575	86.26841120390144
440.18323778439293	288.09048181290814	740.4482549250498	84.0791278136725	86.26841120390144
363.5304083839493	161.11512794769857	680.0526954229256	95.74705179172182	86.26841120390144
304.58889313933236	153.9416031656939	561.3167583571817	82.61389030500852	86.26841120390144
295.11915160459955	121.18585132661893	570.2626716442359	95.00469064926446	86.26841120390144
425.5727141579955	248.0083272697364	655.1592926170467	82.59595549811249	86.26841120390144
474.4941762258703	310.561008066042	820.7568536847623	76.93865009488107	86.26841120390144
381.9603688680105	196.8528814964023	609.9283064555456	81.71432349980253	86.26841120390144
407.6475463427993	203.093860885168	694.1395666152649	92.44734870811646	86.26841120390144
389.2012731301419	201.0250072053758	655.7420087107876	81.05382057191865	86.26841120390144
457.76917952400674	276.2174872016677	710.1392408305805	80.23906582923136	86.26841120390144
394.19987134436377	197.70444478093066	627.2707278771319	75.26594347113722	86.26841120390144
315.5531532660755	159.84372766441408	560.0271212603865	79.30620127521497	86.26841120390144
307.62772502944364	133.3492433400401	518.1856535078117	75.31685762180693	86.26841120390144
248.49031939335333	124.16546211110311	528.5276268688962	76.0490320798287	86.26841120390144
288.84678437957655	104.26412801572977	601.8957891889348	96.38502949302338	86.26841120390144
151.0870364416401	65.14600842015386	407.3735978757895	83.08842193285109	86.26841120390144
166.29884066803552	85.9302728133748	371.6613560122302	76.88037825001848	86.26841120390144
183.16149937436268	112.37002208929687	346.2876803514583	70.23944413969066	86.26841120390144
174.17917199488363	103.9712091185003	356.2346742410618	65.13209332755285	86.26841120390144
120.01689299288513	80.00000976125018	311.8815226913379	90.47094813055034	86.26841120390144
238.94009504095686	155.9390936137783	404.7617083255005	81.26095735730414	86.26841120390144
173.84541886159892	92.41212817788386	345.31298176417476	83.991331875383	86.26841120390144
201.72734513116353	124.87198576970006	365.476855914325	83.45095613063965	86.26841120390144
161.4883607176689	87.02302451214159	356.06339150967625	72.6003467584997	86.26841120390144
187.61516910814385	101.29173706620054	339.42784451894863	75.54639748781143	86.26841120390144
132.605682543546	73.96623443947246	295.9730488380682	84.74779082281319	86.26841120390144
219.65751029143783	104.32648113567032	406.49875515681765	74.30986166487158	86.26841120390144
207.0166024805313	102.508582897654	433.8459048476258	80.22729894202739	86.26841120390144
195.21906929885702	120.75595682886637	407.6740149671377	83.57727819723911	86.26841120390144
169.80064787662766	103.02913378893986	363.92594142336975	78.75686762565485	86.26841120390144
295.68324039447987	141.86614668888734	489.67353815360605	81.70769241476434	86.26841120390144
179.86131743417909	100.7324143697647	350.3186452702239	62.264162223691166	86.26841120390144
174.93877383830136	84.69951130756813	373.24414434754607	78.94458739556758	86.26841120390144
235.42835489625054	107.04672377700344	480.9295164308523	74.0814211889555	86.26841120390144
221.82645725642945	133.0789304594456	373.1368551104221	72.01151027652534	86.26841120390144
151.9791784521752	90.32720264080399	289.74485927812634	73.77358529413644	86.26841120390144
158.770820404364	88.86508073407997	349.4484096041288	77.16072021750287	86.26841120390144
170.60068776868135	82.75265020782932	365.46007162616905	81.13068237676605	86.26841120390144
183.78779347808057	94.13289917699824	387.5721610398853	70.95561174926564	86.26841120390144
227.95149390807254	129.22852840370075	423.3618379180464	74.4725346870342	86.26841120390144
295.507058882765	125.53091075351497	504.6308081195371	85.13266395558767	86.26841120390144
195.01218816355396	86.21484876923488	386.05712239691024	71.74824089541696	86.26841120390144
234.98059390417123	145.25498291614335	407.4545414765318	76.29207054067854	86.26841120390144
240.4823563543281	130.83961489398706	442.3485475798277	86.23758108715614	86.26841120390144
357.884109355046	159.4804415556709	515.8946132450972	73.32153554976885	86.26841120390144
267.94613149983564	125.68613788395889	459.76425458880055	86.10370198235208	86.26841120390144
219.56845800384897	106.14612606793322	396.8011820099567	75.66192473822488	86.26841120390144
219.5749473871253	125.21192344947448	428.3751792013782	71.42419681504238	86.26841120390144
224.3762594276579	126.04364330756677	413.0171166885939	82.04345697930768	86.26841120390144
285.55142417002054	171.27762393446648	427.143054238607	57.900754708819974	86.26841120390144
173.73114922264256	81.1911764295487	371.9034252066687	82.02615813302398	86.26841120390144
274.86340000991737	128.26536883991568	468.5693865715386	77.51364147058166	86.26841120390144
288.23706160525205	158.2371903940049	461.3666606211103	68.46393821357998	86.26841120390144
305.6619271709902	176.71166321088742	470.6518296624098	80.79984786472737	86.26841120390144
281.9677455789721	178.52735128314316	469.1100173771498	77.26664090350032	86.26841120390144
334.49485127371736	203.46262613132603	499.6983131113	71.74597601596625	86.26841120390144
274.26989220085716	155.73379520966228	455.007944172772	71.99766836244314	86.26841120390144
337.3848086303654	183.54021225376303	504.47516058673637	85.60186034344693	86.26841120390144
299.34612355917795	166.16561953283153	495.0750467524731	84.84940339003059	86.26841120390144
319.67916155065643	189.4070253081475	493.77252653185474	72.08089896716692	86.26841120390144
338.2877633019672	197.8106997943091	518.6380480703348	71.35949866777307	86.26841120390144
321.87583823201936	166.1296144559658	521.1268902588911	85.37340641900929	86.26841120390144
290.6080640754966	155.01936234768664	456.05286753360264	72.44166180774324	86.26841120390144
283.3232043970466	157.9905979764631	464.5216019720215	73.98093448590818	86.26841120390144
265.06939356273307	133.95525716560059	442.5655354334226	71.89866177682269	86.26841120390144
257.90278975641644	136.67119923934587	444.072166213189	72.69323591402475	86.26841120390144
362.5589877074714	193.5045757843132	566.8019243473312	76.92076158490165	86.26841120390144
365.87185839758087	152.9347283319279	571.2069736859424	86.0403452858757	86.26841120390144
362.4290537130502	213.55808845522762	540.9948111713169	59.391837824453226	86.26841120390144
368.9421532120464	217.76375233251653	596.9971449629287	88.88394276291717	86.26841120390144
288.4796772929448	152.68606911783147	501.174914593685	77.81267495247612	86.26841120390144
349.4091587628846	180.13339890447207	539.9965437548194	72.0224145840356	86.26841120390144
376.65640667138905	176.90687388512907	563.6082881769192	77.73314283368695	86.26841120390144
287.7600476392842	108.56799019171949	446.17515380144664	67.74912577523924	86.26841120390144
321.5291860155778	192.7772219658082	521.3737003239187	77.69394191191616	86.26841120390144
315.733249176292	158.81755881834505	526.7698349283868	85.80108077765064	86.26841120390144
302.1718990639769	155.42848564122758	529.0221129445632	81.15229790218066	86.26841120390144
261.5626387620892	133.07898234092482	481.91841293440325	71.18109613232303	86.26841120390144
222.21902448379456	95.2628144209405	452.9010119723971	71.62309033944271	86.26841120390144
240.82240550252496	108.84861930029528	417.8114325220674	75.6148141655836	86.26841120390144
120.24799335713475	59.21994741217972	327.2846074986035	89.74099746716773	86.26841120390144
119.63049723969857	60.15816159521568	315.9083332858333	77.45001725608132	86.26841120390144
185.53903046786908	103.50365771357274	335.92878977315536	71.07224823382366	86.26841120390144
173.51203174479673	96.3898364191913	353.30610690154265	80.64434496227102	86.26841120390144
186.28127116115024	89.58236453963684	356.0129524369523	86.63863693206187	86.26841120390144
160.14550480466573	85.2584363426863	347.1068928339789	81.20497700329221	86.26841120390144
169.85879532009955	79.78722517991606	370.92486065195334	89.14768531065529	86.26841120390144
172.4754725490151	67.43889780204255	362.33720571193226	84.26036660984343	86.26841120390144
243.03772309482815	116.41742089978347	482.9475734425947	83.08977172040562	86.26841120390144
230.38176618689292	143.92365486559987	406.16284692572805	65.79687580996239	86.26841120390144
269.6412030892603	117.33717608528431	455.51530451146346	76.4933220888221	86.26841120390144
277.5824515371356	128.06250330883788	497.92901633921974	73.82740812723816	86.26841120390144
317.2586293104832	192.1432631600754	497.8387110636939	65.4273079587117	86.26841120390144
281.57011913306843	141.0141989920786	471.43434489152105	84.08471928507657	86.26841120390144
239.29796962347726	124.04440350828249	440.5999796291473	61.8256678672898	86.26841120390144
308.3084391101665	153.2808609453817	476.4140101985567	58.434282133251294	86.26841120390144
315.7865332893698	163.1687445392139	499.5432574836014	84.79195122172241	86.26841120390144
323.20164863842706	201.55165505713	506.812975067133	74.16808750015913	86.26841120390144
336.9391880466667	177.67119435791352	559.3206333664244	76.71340948650081	86.26841120390144
315.60672235985766	152.29259332958398	495.1164928870583	68.40473211027745	86.26841120390144
335.09309439199365	170.78369528676316	513.0794544179328	84.23546257476104	86.26841120390144
364.3747312817243	172.6877322102325	615.728526344724	85.03904208221711	86.26841120390144
372.5801259819147	157.77533959348483	588.9342257294431	85.92923266969737	86.26841120390144
294.82984113405	165.03944940233595	492.20976513263474	70.73663678168234	86.26841120390144
305.8410685873499	164.13422684944302	482.12909947861954	75.103823607664	86.26841120390144
318.4876674012971	184.78912548186142	550.8416543434425	84.06206583371295	86.26841120390144
277.8744204974306	134.77764615476454	465.12077629078277	79.79300009320228	86.26841120390144
303.7645683544252	154.20124914834827	478.738148056876	78.12169835920345	86.26841120390144
347.2001222724335	200.5194357352734	636.8465936002173	83.98511822249819	86.26841120390144
400.00844311067533	210.618286883442	582.4968106860856	85.17186996157302	86.26841120390144
334.92674701018507	171.02932004160982	555.6593938416736	72.11547472370582	86.26841120390144
352.02143846611676	185.0298343740423	585.0653272756657	66.75294444184166	86.26841120390144
356.9342603503928	189.96329092626516	541.3163976158844	80.64192577531084	86.26841120390144
384.49849788437655	132.05692347152157	612.8959979718664	86.53828139053856	86.26841120390144
470.800768760072	284.89668446917	669.6652623361166	72.98888828670951	86.26841120390144
478.65056031166307	285.7815938311236	689.9149324546269	82.46128658557123	86.26841120390144
416.9378057084343	265.5129271246665	647.0012603180423	79.2359983305009	86.26841120390144
396.245849167261	177.05661293043545	1900.1162975969844	331.90275627542826	86.26841120390144
366.6379630207198	180.58243969764288	563.159289322779	84.65585300379404	86.26841120390144
349.7432038535822	179.46037979120146	569.7363533679027	75.67724041075569	86.26841120390144
302.10194424339414	170.34677839280008	495.403140881923	78.83730992014766	86.26841120390144
413.16549089461125	260.2367022035349	569.813622124946	60.381353497007865	86.26841120390144
297.40272140084454	136.45885271110393	510.58621157306237	85.28142708132711	86.26841120390144
334.99038945782996	188.08519046769712	549.5265384114167	65.76443413925594	86.26841120390144
314.2198630536475	157.1306110897923	528.2937956750875	79.55107739768206	86.26841120390144
271.7270533163544	110.0454893340094	497.56839576436147	71.89255951046425	86.26841120390144
342.5694704257973	173.27441676009167	543.2323782306532	80.12179638826422	86.26841120390144
347.9849867786609	180.25549721017094	540.6962077354473	67.22906895420871	86.26841120390144
304.92889697540704	118.18634465116081	557.2857722486507	96.20756774219396	86.26841120390144
378.9270460272201	201.88626689914042	580.0374851385495	76.60242534275086	86.26841120390144
294.2418359397648	120.11666171774719	466.20629352148035	60.996158308718314	86.26841120390144
266.2784828351836	121.01249484726999	467.84539646346127	79.58787843553704	86.26841120390144
277.9161623019458	141.19142318796065	449.6200908461871	71.58380357378694	86.26841120390144
362.60281930204485	228.8800545537134	553.3430259105323	70.09322496316346	86.26841120390144
262.8163659795579	137.99280035766273	460.169846020342	76.77390981439565	86.26841120390144
357.41899928678794	181.56551852725315	565.0755431027035	73.12180980854187	86.26841120390144
287.4837118868078	119.37340517466748	463.2679920659191	67.9770261820905	86.26841120390144
305.3383165917425	166.31303070775914	483.868064341668	61.85747161192247	86.26841120390144
299.46957317698514	163.0797643043828	509.22619009220136	71.26825668102387	86.26841120390144
291.3992427650121	147.31261112998544	492.87045146376255	74.05883624062578	86.26841120390144
307.5260511245464	151.49262100907407	501.03324449082817	71.692634121704	86.26841120390144
311.5048414518766	184.18472197703238	516.0671421531541	67.53230568163842	86.26841120390144
380.73011160838945	233.55091359266552	625.8542726879747	89.58156131723163	86.26841120390144
317.7144363923856	194.78710569421625	522.4723339095171	82.14064626939725	86.26841120390144
308.5030116662623	174.92008721405975	547.465411506671	81.52506858867608	86.26841120390144
317.13092774184383	161.53953959267304	510.7899059761831	75.46007789397676	86.26841120390144
331.98368449939755	172.6644829985709	533.848673917177	76.93247459267764	86.26841120390144
315.42742008997345	159.99384719448267	501.4692483267609	75.26134667162152	86.26841120390144
344.7805218011549	188.82539710237958	553.8695042875732	71.14099502260346	86.26841120390144
310.65184697090575	167.41869422602818	487.833311259492	70.50181834748807	86.26841120390144
250.72019665554492	126.15867789965293	442.28646476457396	73.45165746165593	86.26841120390144
238.22777943196996	115.61146210385182	423.68520593705415	77.23748244663656	86.26841120390144
239.18332185403642	125.05608081095514	441.7695327571674	69.33429817754623	86.26841120390144
283.0697070493061	121.72922935985706	488.6372822353313	87.4864008579392	86.26841120390144
303.1228725423908	184.51569033892937	501.3426550611883	74.00063389462224	86.26841120390144
274.3639769329038	157.12742113823907	463.8496052483306	78.36395098889588	86.26841120390144
293.48110278528486	166.0874835663055	471.9645005880321	74.82254526330703	86.26841120390144
283.4852385228159	128.046976879543	485.1365041446504	76.72868460792293	86.26841120390144
214.91217491036372	102.24973354475547	420.9552182435149	71.90728878535472	86.26841120390144
184.9548671678044	79.52989162387283	360.1003067294053	72.1116856272596	86.26841120390144
244.7092051596081	109.37100016400595	407.2446985785467	64.74598683296696	86.26841120390144
246.59939429928272	130.91989695922152	426.8551046309122	75.46349687393652	86.26841120390144
301.76346790994853	172.08148219627492	562.7988181865508	68.85386454152419	86.26841120390144
323.36165510894125	186.14250041917754	494.9034263326579	72.23105944531599	86.26841120390144
289.4447038574045	154.65776558508293	469.4308561861909	73.67704245289279	86.26841120390144
315.0237461995871	190.9661916316801	479.4709338378525	68.74068867860908	86.26841120390144
353.825902787304	209.69520004165187	562.1606062676326	80.25803665829275	86.26841120390144
325.83144987865137	190.13690692049428	532.7574717231863	73.64595679884238	86.26841120390144
333.8303182845364	151.69396859603523	541.4984447357251	87.64238174786924	86.26841120390144
424.37170056674427	267.0864236273358	598.8343516240074	64.68558878243819	86.26841120390144
382.73661685988264	245.6809211720811	583.7461240777926	70.82309329193485	86.26841120390144
349.4135507815922	227.3743259911998	526.0964629065768	70.17126815919727	86.26841120390144
384.0205967675218	261.0365532487476	573.7164218777137	71.99831648705388	86.26841120390144
360.05132976003944	229.73695913142586	532.7068418872731	74.76373807346002	86.26841120390144
331.6077879066821	192.67346926174238	521.6622323289266	67.83846929105417	86.26841120390144
313.95879302804275	167.61874061335607	495.86431063127657	65.58242832325247	86.26841120390144
402.1445651660533	205.83261943683124	591.3108793413629	73.27013384291317	86.26841120390144
386.85812355471705	202.15359239567286	587.7716582316743	74.30833059964692	86.26841120390144
329.19510500362753	164.3564130085002	533.038919213984	79.83571438792362	86.26841120390144
373.8773252429473	230.33256985910208	594.8701797244212	77.30374320499041	86.26841120390144
434.0292242521829	250.52968272915365	615.4036561207708	76.77606763886443	86.26841120390144
442.2577467401955	271.57348486685135	638.6075837118209	70.77401311303268	86.26841120390144
394.50530696621473	242.26038279475034	585.5668515983848	76.19087445015057	86.26841120390144
397.25820468991265	226.5613847605534	630.1893609412882	84.07046346640139	86.26841120390144
388.3234746327488	235.60159533885925	583.2123102444413	64.26239420017848	86.26841120390144
355.31451013054533	185.6019266249651	583.0536299637254	80.17564654408396	86.26841120390144
371.56472654171375	206.2961476184658	571.8125583642069	69.61175218981667	86.26841120390144
382.44595276285065	226.73131561601434	579.1922413672526	70.79131627345625	86.26841120390144
337.74180002413414	176.07113197063694	522.871355261934	67.58877997349954	86.26841120390144
327.52151096933324	158.448882326032	549.6421434466886	75.30575846384016	86.26841120390144
353.70911940951765	187.8111969438319	545.94727394662	71.40920252172882	86.26841120390144
294.1725119685878	146.92862369252362	555.5452274954134	82.87493220171126	86.26841120390144
393.8013523778985	254.01008087987822	577.8879873139598	65.3352548509798	86.26841120390144
386.680202375154	226.91866281757427	593.0004986219947	76.7774850432481	86.26841120390144
390.4948556625786	251.78591460231027	558.0014157172217	53.48370974893372	86.26841120390144
411.6656733028376	237.93717155004165	603.5707252215078	72.86519304205461	86.26841120390144
381.85974091378966	209.42792026204833	573.7190696008469	86.63864266354707	86.26841120390144
388.1902170346042	247.92360751891582	551.1175351902889	73.73806621278109	86.26841120390144
405.6081544107146	263.60975395906024	596.1825036776253	71.92436589468184	86.26841120390144
391.8078730953212	234.1560936925569	610.5764410684787	82.56114709323704	86.26841120390144
414.1249364246645	260.61099968989976	583.480530045373	70.3205294049555	86.26841120390144
409.37267078738194	250.27203703974862	584.8790633472366	61.67501083604558	86.26841120390144
440.26303963742004	259.98291463476835	631.669684951985	81.50915163158932	86.26841120390144
442.98486946775927	292.4125809361603	634.5633275200128	68.7207826975295	86.26841120390144
435.5304289408008	288.896408075659	611.6147665441215	65.18028403427226	86.26841120390144
455.30878745495073	323.1643002833757	665.655133562368	72.51626860289943	86.26841120390144
410.8215849790907	249.3954987555445	624.1903502647914	78.9188088698553	86.26841120390144
420.568607777351	245.17564801144172	614.54906506782	70.21698777247585	86.26841120390144
438.60785703068007	281.14241589115335	666.5542930149688	84.3871105101574	86.26841120390144
425.00817793693074	274.3922985049583	596.555592156189	72.05820048860409	86.26841120390144
409.2015988476933	208.2331787358073	629.5050109856719	82.53606280367858	86.26841120390144
382.15757860073705	225.9448421494124	578.5123770275462	76.44960114826605	86.26841120390144
384.0793072454654	204.19860275473837	594.009738460614	74.84871583822391	86.26841120390144
401.65514795351004	246.21141708141943	595.4129156655424	69.14181724471233	86.26841120390144
381.76311923234726	228.54334241924477	575.9014943342518	79.8750681045616	86.26841120390144
408.8767976132168	251.86326818511606	581.0546946964947	69.54255551135101	86.26841120390144
434.23949551763747	291.7792796708061	596.3108191531169	61.42026319154703	86.26841120390144
425.90485999320856	230.43239212048223	642.8816118432271	88.79513687432154	86.26841120390144
451.83338642366664	315.77549612038626	656.0059541209944	73.86558568599689	86.26841120390144
462.93435786886994	322.7881147169537	644.9780845547002	78.2751892478872	86.26841120390144
469.04742042697376	297.0086532551489	689.198028246005	80.18750336763543	86.26841120390144
463.78126751739933	347.54740542184504	635.4304110146012	61.551568613644235	86.26841120390144
448.9726302087876	299.77510159508705	641.9444689411521	90.094579643785	86.26841120390144
401.7171824952703	237.962348371824	597.4199621114278	82.5684917623025	86.26841120390144
376.9767788442051	237.76055382116647	577.2750811089123	79.64112046458345	86.26841120390144
381.5861867917811	245.37946826048383	604.2901846962355	74.15022325961301	86.26841120390144
398.2221111102344	234.01081344416045	566.6502621311486	64.61731659437314	86.26841120390144
404.1523148104653	264.18384805475137	574.3200260812686	64.78452999334709	86.26841120390144
427.875835504216	291.76037684379213	644.8461843201279	94.79433832121725	86.26841120390144
385.6515498931219	264.70375679110475	563.8488361817577	67.18193530778697	86.26841120390144
440.0243629683469	289.06421606452056	655.8869894883798	80.44951371564017	86.26841120390144
409.0155357425975	282.07643762537026	585.7751902009455	67.71851038149237	86.26841120390144
414.06009785411294	221.4634216072679	611.2197976394782	76.5383018605954	86.26841120390144
423.2798182120289	296.24163947675925	612.4595082084048	76.10044041402674	86.26841120390144
452.56718560750863	316.54245183183684	652.6819834086175	77.5053433986707	86.26841120390144
450.17136137582446	301.1413359356052	657.9345166644339	79.32631622510189	86.26841120390144
404.3420531964677	306.18803957407226	589.2271088916403	68.57121915212201	86.26841120390144
385.6979745518486	270.2408401811548	566.3643205830737	68.51963755513354	86.26841120390144
381.4672221524026	233.20397972914412	559.6494286126461	64.07455702013917	86.26841120390144
382.3762748790025	197.09909433991288	615.585529741613	92.48884378402695	86.26841120390144
402.5307112002068	243.242816625136	596.9836856329946	74.55957910638776	86.26841120390144
407.0657746524953	269.3530892304722	609.2376982852124	74.54227751037871	86.26841120390144
423.9908374932987	284.88962234275004	616.347749642945	68.37846215311104	86.26841120390144
438.3034316018758	299.72506602886324	615.0980196316757	71.02276689150673	86.26841120390144
419.0688968375782	291.08437251342394	602.4670975753698	64.72203149897253	86.26841120390144
381.4303142646224	283.2298290555876	574.5081137479219	79.19352590205452	86.26841120390144
391.42945829999155	258.5248555968121	591.2872324954895	66.71600842387008	86.26841120390144
379.52352853300727	242.95902636475108	562.9934224892272	80.9199290391846	86.26841120390144
371.7020660929176	214.59279167049507	561.6935178143171	87.72156093248273	86.26841120390144
332.8540332488173	202.01254492259088	508.4668522342551	89.40160930528046	86.26841120390144
347.7030897166824	224.64654785738202	530.1731745487953	76.94359562444579	86.26841120390144
404.09442368198563	246.0489768181732	578.2687132091673	76.5983118397281	86.26841120390144
387.05480657830805	229.8240204038519	572.7937686117499	77.52946776411959	86.26841120390144
343.43291164926234	205.90794024812158	541.6701982742526	75.60868409926175	86.26841120390144
315.44539892612397	207.02423107555379	509.8582997800483	72.60075553442061	86.26841120390144
285.5204718255019	178.31720018727378	469.19334586757185	77.4854111594939	86.26841120390144
279.0719798871199	159.7968446177746	478.2493042712968	78.55011652905917	86.26841120390144
287.9560394318981	138.47747268316286	514.5720555580901	103.41357211865201	86.26841120390144
283.11417115796587	168.9527502485205	498.1830903783341	76.62685375203554	86.26841120390144
311.70256748565055	193.95115790529005	491.97091412258874	71.5327305132905	86.26841120390144
339.3419646372811	206.4704558941625	553.2770880773166	81.02392321189338	86.26841120390144
325.40659592034564	197.91672620828794	572.4845397017225	87.32290919871852	86.26841120390144
331.1333043471205	214.89550920396078	516.1525942103607	59.72051498745337	86.26841120390144
358.96327886028956	214.82561963595643	598.8067834728056	91.31723415740512	86.26841120390144
332.3476867541616	217.1935988934481	508.18834918173525	64.89291478266213	86.26841120390144
352.05611573620706	238.36336289766723	527.694463515005	68.23809775837174	86.26841120390144
368.16435026268334	210.42117914525596	568.0550797824634	76.57909238041964	86.26841120390144
422.04545570071866	267.63053362500006	620.6453697518317	76.57700551039736	86.26841120390144
418.5014221341635	273.00576829326354	644.0650391592027	90.1978500018183	86.26841120390144
466.94696405497893	317.2966483362191	711.3894198344519	90.78623292402412	86.26841120390144
468.88579711125664	289.7121651258291	683.599945172041	70.05799391840338	86.26841120390144
463.4826255061876	335.3985099802533	662.5970047175723	71.06525431829894	86.26841120390144
476.4195084134309	322.3649764168857	655.2532510010432	87.67635775463759	86.26841120390144
486.62910240451976	344.89588480516284	660.1763415269511	67.64413695489233	86.26841120390144
458.3214689642489	320.53413407843817	644.7672124913178	74.86376214551292	86.26841120390144
491.98017287213895	356.23761953387935	664.3039668179966	71.13957290027213	86.26841120390144
534.6670526501399	364.54799834758705	718.9408044823813	76.51970576578367	86.26841120390144
515.9441458435615	349.5686027805673	692.2627826522817	67.21321832339399	86.26841120390144
519.8489068324901	351.5426126553594	734.0924999850711	67.48931539081161	86.26841120390144
504.82054421874574	337.2228252235771	703.8514194690006	77.94107569294533	86.26841120390144
532.090836688501	349.5842531407682	728.437948913153	85.9468263638186	86.26841120390144
525.6891125681504	382.11416952405455	710.2498162919281	78.94408708519724	86.26841120390144
500.2702669545553	316.27235220160856	699.6997923186128	74.10486613479391	86.26841120390144
520.0359776047748	370.63494563267454	708.1891222920161	69.04820077404844	86.26841120390144
517.8869545275544	378.07970560540593	698.0285097084633	75.44522113560072	86.26841120390144
536.4640127099874	390.75989615749046	722.0705569021992	79.44081111081604	86.26841120390144
504.3997394941396	366.700454762524	671.7066560920705	67.14371420070945	86.26841120390144
522.2257993540474	374.1045219488074	718.344558904766	75.86811660955227	86.26841120390144
537.9722314330722	389.2444047302744	741.5207004250174	69.62094922662416	86.26841120390144
527.7314168246776	358.80524820628943	722.9486997353208	82.72849202161449	86.26841120390144
539.1005578830269	363.99758411756613	726.240196496545	71.62885160943301	86.26841120390144
560.35888423466	353.4164639056103	777.8572524784925	87.63408342951513	86.26841120390144
569.4347602662399	416.6428223668851	772.5715630090361	73.58781882414078	86.26841120390144
570.0670705409285	376.78801103638364	787.2286320460255	78.60040420614362	86.26841120390144
507.1161188020836	338.2309431923695	708.7324901717745	69.45824281951181	86.26841120390144
522.6649020650083	348.58597912704965	717.2159636601963	78.10773984846296	86.26841120390144
502.0430753907343	362.08585601974835	677.9061104941842	69.94957295723363	86.26841120390144
485.56362461074787	306.03771722651913	680.3599607361506	79.54917014972624	86.26841120390144
558.3189898797921	426.4050284471693	735.4262712720763	68.66125352776177	86.26841120390144
551.5870856154168	400.6385390435085	750.2764756268786	67.73316515492073	86.26841120390144
577.3732801155612	407.2827045731202	792.9778488401192	75.98441314754264	86.26841120390144
577.0525476227846	443.7186772671482	766.8492959244198	66.64443155629515	86.26841120390144
576.9147579020004	418.41879553059664	768.3136605410654	73.86797370268343	86.26841120390144
597.4406446344085	441.12502096675047	824.5216970027891	84.26779581485819	86.26841120390144
579.2465286916095	437.5411748244389	763.9370847434508	71.07827305559387	86.26841120390144
612.0626916423734	440.93802914020165	809.1631323759724	76.19662909553574	86.26841120390144
562.6963382177886	416.8239406425352	766.9758354757222	76.40062137314878	86.26841120390144
580.2408541099646	412.63212575301225	755.0721082667809	71.10769362177332	86.26841120390144
564.3629240664236	398.1221678932726	776.8757545722982	70.65730024836465	86.26841120390144
586.0461151345229	418.61950841746085	794.8219936944288	82.18880304526961	86.26841120390144
594.1725979444669	414.6459667008903	774.379728136962	69.56747011795778	86.26841120390144
601.8168877790935	443.2474767647593	789.494767527687	67.73248846516063	86.26841120390144
608.2297894535759	458.98184737792616	793.1235382619424	58.03343495358395	86.26841120390144
629.0010886198634	472.51070258198536	812.0825210697136	67.34239748055452	86.26841120390144
633.6503859242916	453.4140977341374	823.7032875973713	73.1794209262831	86.26841120390144
634.1021502257095	483.2239462883632	808.9567459028281	68.76653709605083	86.26841120390144
641.2157727340475	426.38047551236053	844.2156847822541	85.86753707284147	86.26841120390144
644.8054285056282	442.71588471626103	850.1982899880483	68.95526131357562	86.26841120390144
650.7582769514647	492.3956232783096	821.2046686053044	70.39156030211247	86.26841120390144
656.6673885569644	482.82752308593035	839.1139137233972	77.72271332747377	86.26841120390144
627.2590926163159	458.9078299484475	843.37902598738	81.80188361941013	86.26841120390144
646.4126363339084	486.92547906834375	814.9105195558459	64.82163459079598	86.26841120390144
636.1689687766279	473.90869676150686	834.7048869786548	82.96594035160686	86.26841120390144
624.423568161784	476.7268008853703	821.7318099835968	68.9304547012399	86.26841120390144
639.8553828098525	462.6795702904821	813.7777109858116	73.01803732972385	86.26841120390144
600.3537672064116	445.51921938315417	802.1321663815421	72.59203109446773	86.26841120390144
617.653569012859	433.8229511845722	815.3833963685786	73.75479876327574	86.26841120390144
619.4005051384287	475.010957710239	795.0786460445546	65.85731296663525	86.26841120390144
605.1170719315336	462.9367224869457	767.9335823809055	60.524010431954444	86.26841120390144
602.1217030631602	438.3062517674616	773.6291058147654	61.222369462268844	86.26841120390144
614.0550828209551	420.1860743308133	800.671605415621	75.69648317407481	86.26841120390144
627.8135829920785	478.9952205502729	807.6974035208592	61.531283419978784	86.26841120390144
628.9938394472089	456.11331506974193	831.221436136222	67.26496148943534	86.26841120390144
605.4445803403114	449.2775758722533	796.2675666913384	80.43342574655054	86.26841120390144
598.5464369482794	431.03520480899607	777.1171271973421	74.0467710584142	86.26841120390144
606.4875493335675	425.7691370887237	784.327099521901	68.58415299745823	86.26841120390144
589.9429404092783	420.77346068004863	792.339588594468	80.27657172136293	86.26841120390144
611.4397413879807	437.6052782675994	811.9674398711323	66.39818686735245	86.26841120390144
618.745722045533	472.80905472720974	786.6543116759711	60.918077053002435	86.26841120390144
613.7632149981309	431.48735950934105	807.4039310976633	74.86229525686471	86.26841120390144
610.677742871201	454.1919847071582	800.6385024788889	67.34438209652066	86.26841120390144
609.2272268132817	387.18242798685026	835.6746629994296	77.56442677070171	86.26841120390144
613.0160637396891	426.77194725547827	785.8867498615549	69.72867369369371	86.26841120390144
593.5399102967244	446.0396113835755	776.8590478679978	70.65009145982785	86.26841120390144
640.693067757794	479.3322257244264	827.9740745420437	73.16353640075218	86.26841120390144
602.5212894952135	413.9206408736798	792.2354332325244	76.68084308951788	86.26841120390144
624.3180998477895	469.28278025975925	812.1151730852145	76.8307731185069	86.26841120390144
620.3115319390307	456.7957219946884	806.2090284656447	82.62730467966452	86.26841120390144
602.8099784491337	452.4536658574006	759.0401145022614	65.27256874422702	86.26841120390144
631.014625111112	464.0962588216664	830.0608765833003	68.8995607026576	86.26841120390144
613.3717257886784	440.2911992229113	776.0992028790757	62.7724931582967	86.26841120390144
612.306326064764	446.18419587192835	817.8906075843661	75.83551821259204	86.26841120390144
612.3345057248681	435.00034809085446	788.7806397541038	70.33682277044629	86.26841120390144
598.2662932186715	425.6128645599444	783.8105142308535	63.670781940280904	86.26841120390144
589.8414928063228	434.5990151752383	807.128832771763	75.78123809539258	86.26841120390144
565.4511539937264	390.96451577227236	746.6323349737397	73.01745293736744	86.26841120390144
565.3516003056574	390.69711343166654	737.2345628503491	72.39193567196429	86.26841120390144
601.6477694051736	418.2813600241516	773.666544317239	68.59109393049232	86.26841120390144
590.8607479220818	385.8319165744962	796.8952293536826	73.8786249909118	86.26841120390144
564.4977500739069	399.2233590199166	727.4736223496554	63.80485646418394	86.26841120390144
542.5613606336007	394.7382497039059	753.4426772666798	69.6892890676058	86.26841120390144
573.1352357506582	403.84067192345674	779.599234927462	68.95348328593693	86.26841120390144
554.9127160719595	395.5076320469906	739.985749224498	74.78017934168594	86.26841120390144
572.8609907112126	415.267796231052	747.094999983928	64.67435891336213	86.26841120390144
604.2334709297751	436.4359447652304	791.0562732306469	69.91993292605406	86.26841120390144
555.6676396900178	406.02871999728217	776.5803197193386	78.9731556859087	86.26841120390144
570.802728575166	417.2497271013978	775.7461109751707	84.01616244102772	86.26841120390144
572.7687949320263	432.1867057568741	770.701595134166	64.63174441389623	86.26841120390144
560.0786840613174	396.995337590011	735.4528443414256	72.67597900063399	86.26841120390144
587.9679309013015	437.61666272155753	795.0937364151724	72.90030417523454	86.26841120390144
572.0507655819035	424.1194858155935	766.6400845199859	75.34730563014453	86.26841120390144
585.2526160384363	431.2995851027662	797.1474454205643	76.85083254497823	86.26841120390144
595.7430188864959	425.10153862363984	793.3574432876751	71.66815837810458	86.26841120390144
582.8365288084839	399.1244184030033	782.7228187169629	83.99618108208071	86.26841120390144
610.6948995648031	474.6423950207499	780.1602596690276	59.619672150741316	86.26841120390144
593.7643787542835	459.00254802002144	760.2782051603137	69.18944953888678	86.26841120390144
573.9151605288239	444.5765927884915	755.5573742347531	74.05245830535567	86.26841120390144
592.5436079091669	408.3604221699889	793.1204333829972	82.78682524094754	86.26841120390144
583.9946702557025	417.19099622725764	760.0940234087167	62.85065684423462	86.26841120390144
561.5052693345551	409.7344261487229	743.2805058208136	78.70280880995614	86.26841120390144
583.3830909744088	407.67546687608296	769.0662881981352	76.37500867560169	86.26841120390144
567.1181684080221	410.1088866786474	763.457231683803	75.27023882460365	86.26841120390144
561.0819076979412	423.1917215795144	739.6207563671655	77.22900532582011	86.26841120390144
569.7998149146041	404.62105554757335	741.1294999273123	75.25599997740115	86.26841120390144
563.8303389422655	425.45190932453244	757.0197690855945	83.30676985142489	86.26841120390144
557.305594674671	399.80393202809876	739.1771802182401	78.68192655743367	86.26841120390144
603.5315732620919	420.25023376999604	786.2900324659421	73.5029081954779	86.26841120390144
575.1774442356523	429.0388104357153	763.7518543309412	65.00117952419006	86.26841120390144
580.0447754449613	420.68909159483286	769.0525925882763	65.45017423583849	86.26841120390144
563.1783496330243	411.9784857123266	742.5630524002491	65.92452497569602	86.26841120390144
552.867229605903	408.8584981119514	746.5968635071417	62.06132844976148	86.26841120390144
538.0436049681839	372.14947940222106	710.595381720428	77.22073787264218	86.26841120390144
547.833987525718	384.74441119882846	770.1200870012975	78.96404327886404	86.26841120390144
561.8999538587262	420.9468747492929	734.7366041693632	69.50660935602716	86.26841120390144
553.1754235477488	424.50125400234253	747.6649771998304	78.45337331002904	86.26841120390144
552.2652624861618	393.3157080284286	732.8450583397995	70.65838715278741	86.26841120390144
553.552351994465	376.6155008560733	736.1038432058259	79.79450494757943	86.26841120390144
559.4472932782537	404.06344706980724	736.2478854272263	60.63235010570105	86.26841120390144
549.9015431733474	410.285566577154	756.2637995908864	72.70144178177067	86.26841120390144
507.41992376521665	373.249547685928	698.7602047897232	71.30439723144472	86.26841120390144
549.8037763332499	302.34610038895045	777.3795510025653	99.98027342056379	86.26841120390144
546.320023128726	379.8766482686393	797.6127245263922	83.53090577730322	86.26841120390144
522.3145694668547	375.51728303763235	727.6385738017631	73.32806119451041	86.26841120390144
529.7558780696893	388.8061839172484	712.930448906793	59.36507326549893	86.26841120390144
546.5728230462963	388.53862125757416	745.7606056683171	75.0468868273859	86.26841120390144
535.081724351448	387.19670289325626	710.1357626196883	66.87016944813641	86.26841120390144
532.2277841322987	394.7521758914489	723.1381923873084	71.8397051826512	86.26841120390144
540.4944899474586	402.96184015893596	732.9678472102769	64.91006841029436	86.26841120390144
519.7173031479925	366.44813077563816	723.115378018374	63.07642229452021	86.26841120390144
523.9567415745747	362.00858139413134	761.6849227092481	79.41807713834177	86.26841120390144
527.360220738364	356.4045728966543	725.2039730668861	77.21043995106632	86.26841120390144
518.4745685524871	370.30692569536745	709.0379229581499	77.2959153876886	86.26841120390144
527.8143054279743	369.07891543977036	714.7040258952132	73.37006677905154	86.26841120390144
527.9601521717508	376.8570697149759	732.7372347209754	66.97015926685593	86.26841120390144
529.2857294793029	395.11298802788446	687.3323572929671	52.4386800703795	86.26841120390144
517.0718720001747	383.8896795282289	676.2593532675096	60.58140018231173	86.26841120390144
545.200982723946	386.7612192130561	722.4990126663473	71.15423683671924	86.26841120390144
498.9818612543694	345.32329972985065	707.5145085624515	74.25820453849343	86.26841120390144
515.8722669764107	333.0768023118669	726.5905306721536	82.79417120283662	86.26841120390144
521.9405642030273	357.78937230283447	721.3479055701545	63.26698257720212	86.26841120390144
501.5248869499937	343.6832463965548	692.586978255973	69.58223467317524	86.26841120390144
537.4240906369099	319.4247436713644	710.8148399879841	67.61128934633275	86.26841120390144
522.5048939393087	349.05469353175386	692.6743180743672	64.83742869816334	86.26841120390144
531.6179123939821	343.5872199162831	743.0072934261872	83.52879014069684	86.26841120390144
536.7226449723373	364.73991538980164	759.9860713954707	75.95307158334157	86.26841120390144
522.5485691665501	364.35036930115064	716.0081966333946	71.21499520451849	86.26841120390144
542.5344741816126	359.8807750819812	713.8583723965219	76.75039745604731	86.26841120390144
522.0379406396352	369.25901618093167	723.3683590923171	70.74103019120473	86.26841120390144
536.1353883466305	383.45693233044557	740.1437645021888	67.47366864069053	86.26841120390144
551.1414743069312	353.9776625296301	708.8996742578076	76.17959784038656	86.26841120390144
579.9045877285797	391.2598042232561	771.5891825224971	78.12622810084378	86.26841120390144
549.4942008136767	378.06107982457786	744.9414619988692	75.44792622983951	86.26841120390144
559.3652585977137	375.6796536355326	765.9901148739963	74.2754347893026	86.26841120390144
544.4046617759118	352.70409210000565	738.2653941974568	83.62292064569874	86.26841120390144
580.6518735680106	390.03874712170443	787.0158127249379	66.83647543564754	86.26841120390144
562.6417037815831	359.4261986102633	762.7508684181048	87.02471500393374	86.26841120390144
565.7215076733315	375.6863206005335	767.2971180572658	87.11594728832634	86.26841120390144
547.6912347149523	381.0042287149971	753.2482048682673	66.5876944959408	86.26841120390144
589.7292280271241	428.03537589794297	783.2438351551637	64.70400443287613	86.26841120390144
586.8193151908638	405.166941219873	751.2927626970431	66.45695388444948	86.26841120390144
589.242401477136	396.1315899109991	764.8057395791176	65.17691413045092	86.26841120390144
588.9520555182747	417.1777398716086	789.0893362861642	79.85709148178482	86.26841120390144
573.0664777905389	392.01943663716196	765.3142468265005	70.89395045161544	86.26841120390144
578.4063190482574	407.01260959330995	762.9756374870109	67.45938321153963	86.26841120390144
597.702419561606	427.5012043200886	781.87207998806	69.95382001723667	86.26841120390144
607.4155356149831	456.61943700560073	786.8798856152541	69.08305287075859	86.26841120390144
573.8670476785869	379.4828448041537	770.305096876201	72.67669859923305	86.26841120390144
586.3714520705499	357.1585112824426	763.6981701897166	68.68415691998862	86.26841120390144
603.6910082513535	387.4935231133818	804.3239325701596	80.46776050026037	86.26841120390144
613.5722970457466	446.4418357503178	793.3744006351805	67.15552228462529	86.26841120390144
579.9167573320984	415.1701634485584	748.9745534958414	58.61844139240445	86.26841120390144
610.8497393640675	410.7192085942623	795.8535941840495	78.94609887239717	86.26841120390144
635.7532465709193	472.2322895394884	810.1894606943135	60.47931210400075	86.26841120390144
608.3499408967542	441.9788285499906	787.8825782788999	71.69685027447117	86.26841120390144
596.1272897504546	425.78312778593084	789.4966156152731	72.02849947057459	86.26841120390144
603.2939778578	417.63654857645054	815.5194782109565	78.69876009991357	86.26841120390144
611.0931688710663	430.9284401673576	775.3127902895509	57.6881005256938	86.26841120390144
609.9193776758634	434.70593649759866	815.9871477015332	85.60144376145028	86.26841120390144
609.1438639125396	364.75909570520486	834.6233022575268	78.06253376233579	86.26841120390144
607.2206979602977	456.6632471920406	827.4648270809903	67.76210222195513	86.26841120390144
594.8018705389009	424.99327926734725	802.6636730512001	77.01176166868626	86.26841120390144
599.3243832344535	432.95183842107417	797.1342196183805	66.35325460976367	86.26841120390144
594.6065697729736	420.0658007952667	774.6585793458484	78.33757253972212	86.26841120390144
570.3171854666267	401.0514358125884	760.2308101062072	76.15747750180006	86.26841120390144
580.8537389094656	429.13786238948336	754.2074461056314	59.938927004648995	86.26841120390144
609.1954819678575	439.71956403200227	797.0853143554863	65.49223085837929	86.26841120390144
599.3325454396974	432.6364666259489	797.4057841020143	70.9728632373902	86.26841120390144
603.9391961110596	420.1336748853596	802.0436429106371	70.62762363681888	86.26841120390144
606.2514575260943	449.14732980002367	791.545325216403	69.94887844969661	86.26841120390144
613.0533229127943	402.15946513080377	791.8692886325985	70.23071549528686	86.26841120390144
592.2471929299778	435.29451145399764	773.0756478617466	64.04834707546789	86.26841120390144
593.9624432723549	423.5779597625987	782.1003449475797	72.44044026381485	86.26841120390144
594.5098691088731	383.9286747697433	773.3052074548476	72.94755357627972	86.26841120390144
613.0930623978319	412.0440341994488	803.1718203757541	66.35773639302066	86.26841120390144
606.5625426480549	427.4298724011303	796.9046338055057	73.97933723721597	86.26841120390144
599.4641848694064	401.48010958901165	803.1282686626184	80.0083870479652	86.26841120390144
609.3944849623992	428.82194747720655	798.4559797773544	72.32571890785925	86.26841120390144
605.5857321402636	436.9728805347318	806.446526357298	70.82600043394753	86.26841120390144
604.1532639926634	433.4158409877994	833.5448722623652	73.72843423764841	86.26841120390144
618.3758723580594	452.695641399291	801.2453081237398	66.97857480324392	86.26841120390144
612.26587744119	446.7284741622144	849.1896735062797	80.95511686102729	86.26841120390144
604.1581806729972	415.02080246906615	784.7311877330156	64.91841376929992	86.26841120390144
594.3634005855752	437.5835009947292	795.4388713918431	66.6090590908002	86.26841120390144
628.8477441408046	464.00465677025295	827.1294019541473	67.64779993934269	86.26841120390144
613.2166313924967	440.19464969103115	817.8734587933286	60.23690138311974	86.26841120390144
619.2627182026632	447.3380452242781	791.5680435241494	63.248840845343544	86.26841120390144
639.1766691973766	470.9706989637468	806.9454728310872	66.20396635197224	86.26841120390144
613.5075187205158	418.4092673215782	797.6885304786606	69.64368253031348	86.26841120390144
619.8853150297891	468.9342775266794	782.2901983172742	52.18884856298202	86.26841120390144
616.8457558258159	469.0462225920352	780.3454061168235	55.51364385330561	86.26841120390144
585.3000738449524	435.3151794038625	746.2525809084576	55.103152348294074	86.26841120390144
611.3373354836299	460.2839980468837	803.7642888104016	67.17251419229277	86.26841120390144
594.6095921086073	437.73540747916377	780.700305566627	70.46518545360125	86.26841120390144
