steps	episodes	average_discriminator_loss	average_rewards	average_value	average_entropy	average_value_loss	average_policy_loss	n_updates
16384	16	-3.572971021790057	-1.5077163949608803	-38.513484491348265	0.6332105065584183	82.69441335678101	-0.07457671164534986	2560
32768	32	-1.5607743714500684	-2.510248053818941	-169.54639427185057	0.4604261918924749	336.82514755249025	-0.047809785157442095	5120
49152	48	0.22602725074894262	-2.200511835515499	-155.71303410339357	0.3210360589022748	199.1899736022949	-0.023946725549176335	7680
65536	64	-0.032209830524225255	-1.8403306249529123	-119.68410419464111	0.3720050358204171	103.93616659164428	-0.047964262552559374	10240
81920	80	0.20369098474271596	-1.7278285786509513	-103.64351927185058	0.07032431653654203	76.71377532958985	-0.054866314418613914	12800
98304	96	-6.897770759341307	-3.097581579039494	-431.1906876220703	0.4779669071682729	3688.992565307617	-0.06408817034214735	15360
114688	112	-15.008968281310052	-5.9958246893116405	-1402.8560451660155	0.5009377763960511	25949.487919921874	-0.05094099912792444	17920
131072	128	-6.073617849139497	-8.163112233392894	-1686.367503173828	0.44477441825624553	25964.427685546874	-0.05942525746300817	20480
147456	144	-1.3156066555539145	-8.593597209288014	-1333.1499975585937	0.36866570383310315	10971.020407714845	-0.03823473147116602	23040
163840	160	-1.8338292984007858	-8.798695596307516	-1319.10958984375	0.5087160002002492	15464.010703125	-0.06308226387016475	25600
180224	176	-1.2783917883015237	-8.91837571629069	-628.753712524414	0.02775091502512805	14867.818422851562	-0.061840690579265355	28160
196608	192	-2.1903870571379085	-9.119663950676719	-469.87723931884767	0.02264300098497188	6867.280385131836	-0.057046622736379504	30720
212992	208	-3.341435048853047	-8.918422879507908	-364.6963691101074	4.3293349106718896e-05	1084.7801770019532	0.0015942700020968913	33280
229376	224	-3.7008719598455353	-8.500279781541654	-307.679961730957	5.514448376290684e-07	677.0415350341797	0.011174150723963976	35840
245760	240	-3.9466463577458635	-8.052072194715342	-224.44253366088867	3.0248467999429276e-09	360.2021326828003	-0.0062347277440130714	38400
262144	256	-4.184407168840059	-7.585781487170607	-136.4703385925293	4.8216298158704205e-08	113.46868554830552	0.0047601588815450666	40960
278528	272	-4.610301686440595	-7.105351993375841	-44.45055517101288	2.3910364139328474e-10	7.836528479456901	-0.0013424463011324406	43520
294912	288	-5.034724671768956	-6.616063730687731	48.875313911437985	2.1937203151963562e-08	38.026982716321946	0.0020745019987225533	46080
311296	304	-5.830379468312487	-6.122610754186385	138.45995375061034	2.56737637065109e-11	225.05440895080565	0.00667320872657001	48640
327680	320	-6.436084795102477	-5.617353960964829	241.85660360717773	6.622937964435725e-08	571.677469549179	-0.0013140363339334727	51200
344064	336	-7.022428897686303	-5.11321360449351	333.23147576904296	4.853902820528796e-09	1070.116144914627	0.009506698362529278	53760
360448	352	-7.538087132876739	-4.624446925876493	408.2010135498047	2.8833821860268536e-08	1492.9122980880738	-0.0016428111121058464	56320
376832	368	-7.997376064445824	-4.155462205490989	473.965112121582	0.00021843313286091053	1991.65061668396	0.0036801759526133536	58880
393216	384	-8.25719338262081	-3.70316040275308	537.5018753662109	0.007159983548958886	2439.9038189697267	0.002442807015031576	61440
409600	400	-6.753901344420388	-3.2636874080449343	613.8851098632813	0.019848263289486332	3375.6035681152343	-0.005095106353983283	64000
425984	416	-0.5230865758254658	-2.819113224816437	886.5560141601562	0.11271747615113721	6159.571105957031	-0.014474961506202817	66560
442368	432	-0.41742681301233825	-2.5115771448860564	738.7642973632812	0.12209776479198094	4050.701065673828	-0.01103282630443573	69120
458752	448	-0.6426466699098237	-2.2956154709016636	513.910188873291	0.11808227322079122	2192.231704406738	-0.010206403825432062	71680
475136	464	-0.9616168886239175	-2.1500954813612947	362.9075136413574	0.14912583561300086	831.9656301879883	-0.02060553478077054	74240
491520	480	-0.7303015874535776	-2.022766736211876	264.78101637268065	0.09581968277940538	492.4365231323242	-0.025856356173753738	76800
507904	496	-1.797458455432672	-1.8502270820280236	268.96378491210936	0.08091084347182817	737.1120890808105	2.148287370800972e-05	79360
524288	512	-1.2346354501589667	-1.6537299594492652	348.04958840942385	0.10544278176154177	1059.8073999786377	-0.013997249314561486	81920
540672	528	-0.975577034935588	-1.4715102866404888	394.9677897949219	0.1179579949741033	1223.1735152435303	-0.02092274511232972	84480
557056	544	-0.7280141234220937	-1.3143190277521224	386.660828125	0.13501087963020444	1209.6460171508788	-0.012815851010382176	87040
573440	560	-0.7627989379365463	-1.2007922215653317	319.2350932006836	0.14137063261860897	777.2254214859008	-0.012511613555252552	89600
589824	576	-0.8270894358276856	-1.1096279232555792	254.1615195617676	0.12599328930479087	493.73468139648435	-0.016596588082611562	92160
606208	592	-1.1491198347578757	-0.9975605067872518	261.6111613922119	0.10970757441115152	611.1520319366455	-0.011985370330512524	94720
622592	608	-1.079009263117099	-0.870331322725274	309.1481149597168	0.11006645608943168	778.5522608184815	-0.01677322756499052	97280
638976	624	-0.8981444164416753	-0.7521358614262098	330.40024810791016	0.11842833634925137	885.8648516082764	-0.012464549327269196	99840
655360	640	-1.0851318355749826	-0.6454972856212408	334.4373045654297	0.09995832134309561	972.2590998077393	-0.011943424921482801	102400
671744	656	-1.1516947733724956	-0.5387437656612658	334.6572153625488	0.10781238787800189	949.096449508667	-0.004731539729982614	104960
688128	672	-0.9914853339747061	-0.43915591428854633	335.53010131835936	0.09745696006725468	938.4830085754395	-0.01309235424734652	107520
704512	688	-0.8795717435202096	-0.34937948755226855	329.68213134765625	0.10054795275000303	936.5360769653321	-0.0058351771719753745	110080
720896	704	-0.6855356678104727	-0.2795311030085114	297.99205078125	0.10154090231406229	646.8856004333496	-0.022817721720784903	112640
737280	720	-0.8126514570077416	-0.23470622040331363	228.86279417419433	0.10312574751503413	406.99768966674804	-0.021447161426767707	115200
753664	736	-0.9410187877151184	-0.1765586980416075	218.0336964416504	0.08184109588834142	410.14103006362916	-0.00932072987779975	117760
770048	752	-0.9383535481158178	-0.10341721269837086	256.0498547821045	0.08603344355639216	591.5736695480347	-0.010836120713502168	120320
786432	768	-0.7542568654499482	-0.035845706899029516	282.33371252441407	0.0881648533851964	605.7542644882202	-0.018029152974486352	122880
802816	784	-0.5533925539816265	0.022386211483758325	282.9494762878418	0.08232309381229505	580.302282333374	-0.019932537134736777	125440
819200	800	-0.8164483969040448	0.049485258124768734	220.09356951904297	0.08722370227680835	372.78250968933105	-0.011891010738909245	128000
835584	816	-1.6788663509269246	0.08872511424124241	198.03239791870118	0.071267119579942	355.58243824005126	-0.0007720676437020301	130560
851968	832	-0.9255739800856682	0.14797414004659423	253.94142427062988	0.07856990944212762	578.6502465820313	-0.010642896201461553	133120
868352	848	-0.8137273912562523	0.19417634068654394	253.455412109375	0.08847180193475618	468.68565032958986	-0.01643003599718213	135680
884736	864	-0.7608767333431169	0.22962845389351802	217.1033528442383	0.0814293842992314	391.8144602775574	-0.01705972207710147	138240
901120	880	-0.6065647444912465	0.26549648395316167	211.68722944641112	0.08029217331135917	352.3417977523804	-0.012626210683956742	140800
917504	896	-0.7408710096778813	0.30338799870306893	217.0717543487549	0.06783284847485543	389.438491268158	-0.010318569354712964	143360
933888	912	-0.7355039676121669	0.3410177086725047	219.05048448181154	0.06974911400738194	395.8818968582153	-0.011649679318070412	145920
950272	928	-0.5664406186398119	0.3774733155130826	224.9122342376709	0.06301881922565664	411.8904404258728	-0.008557740151882171	148480
966656	944	-0.41695532624504994	0.4111435607517675	222.6347780303955	0.07264029116668713	379.92660804748533	-0.011192747969180345	151040
983040	960	-0.38091081098740687	0.4418597829528153	213.499187789917	0.06366246636598744	367.9565400505066	-0.008283160887658595	153600
999424	976	-0.25317307490919483	0.4679052724396108	202.77152717590332	0.06409634451945015	316.82893461227417	-0.013459823317825794	156160
1015808	992	-0.4128987152430345	0.4823227988315686	169.2269630126953	0.06504629160900169	188.21425987243651	-0.0107688332721591	158720
1032192	1008	-0.5239860009680269	0.48335219940377605	110.16743382263184	0.058412311083970235	79.8496428489685	-0.018124830443412066	161280
1048576	1024	-0.5969775985336164	0.4882947659061756	85.04274942779541	0.06400521039045397	65.36379766464233	-0.012660595867782832	163840
1064960	1040	-0.36924557733442637	0.5010084400669886	107.74158370971679	0.06382701301624592	89.82014345169067	-0.017529289359226822	166400
1081344	1056	-0.5839048954182071	0.4998957292092117	85.16877852630616	0.07208458908413938	44.55605726242065	-0.010824098475277424	168960
1097728	1072	-0.41712817104981514	0.4849234279801152	21.850535298347474	0.06637770324071769	7.780462250709534	-0.013357603084295988	171520
1114112	1088	-0.5905213311705738	0.48101999443572235	17.726113160133362	0.07037134407893265	7.156401801109314	-0.025122109884396195	174080
1130496	1104	-1.2725437506833113	0.4681672059485446	13.03196795654297	0.08340810343203767	6.237624733448029	-0.014053884409368039	176640
1146880	1120	-0.3779285259147291	0.4355747545138001	-70.9180337524414	0.0793834033177977	60.3644532585144	-0.007227403917349875	179200
1163264	1136	-0.11204697452604886	0.4234947313121717	-62.86163287353516	0.11050380329416186	27.586929473876953	-0.014385575270280242	181760
1179648	1152	-0.27732876941299767	0.41168178532583016	-38.25775261688232	0.1152689843193863	20.466802763938905	-0.02454159876331687	184320
1196032	1168	-0.1016497534027003	0.3909172150115036	-62.100581897735594	0.10833608957962516	42.918223662376406	-0.01921270034275949	186880
1212416	1184	-0.16854240683320676	0.38513576116010145	-42.26587021636963	0.15093592536451347	7.395090149641037	-0.020643492238596083	189440
1228800	1200	-0.3853247029589547	0.38496049063901105	10.037322088479996	0.1408220437682412	5.794226458072663	-0.03241333331912756	192000
1245184	1216	-0.9643452040972188	0.38243187113517996	17.34153726196289	0.10575711239414554	5.211395018696785	-0.030507920142263174	194560
1261568	1232	-0.5365647013824782	0.39278661287933975	60.346229038238526	0.13069927010476048	46.13917334079743	-0.007235229127109051	197120
1277952	1248	-0.29909547623980326	0.40551834202443177	98.70781548309326	0.12990105575562688	86.53770507335663	-0.016166090853512286	199680
1294336	1264	-0.1269661588066665	0.4160760521558644	108.9601957244873	0.1435109714248573	94.6360818195343	-0.021140844905748964	202240
1310720	1280	-0.09480587959734839	0.4165406023908872	86.80582623291015	0.13794695840597943	49.36509911060333	-0.022980569880455732	204800
1327104	1296	-0.5002952650091611	0.39671162477361016	9.392619282960892	0.1209727362197249	12.71297243118286	-0.02870206754654646	207360
1343488	1312	-0.484748603184009	0.3618507415067586	-109.54021006774903	0.12058493868572194	127.81541822433472	-0.019052591733634473	209920
1359872	1328	-0.33692654739678257	0.34562718929408726	-109.79618486785888	0.15264805365253944	77.9207953453064	-0.0177540803514421	212480
1376256	1344	-1.0593890707551037	0.33767521849811255	-99.06423572158813	0.18131063977409417	134.2483598804474	-0.025955454306676985	215040
1392640	1360	-0.49731285177438983	0.31847074985613716	-59.87473313522339	0.1425293099177898	43.94870147705078	-0.02022102853283286	217600
1409024	1376	-1.0417672199385706	0.32078378165119087	-13.266240302085876	0.1595518460686871	3.4547937297821045	-0.03198194289579988	220160
1425408	1392	-0.39223324073117694	0.33145256206157736	61.25293460464478	0.1675422181203143	42.72403538227081	-0.013908010520972312	222720
1441792	1408	-0.5962204276835545	0.32703374193409795	55.253121139526364	0.15331347448126956	9.145736455917358	-0.029988619703799485	225280
1458176	1424	-0.5417929484699271	0.29590352535185016	-84.37059369659424	0.15902963269845571	78.64684093475341	-0.01256577154621482	227840
1474560	1440	-0.23248527133162317	0.28479098055201274	-89.01157553100586	0.19243119176209475	45.9649312210083	-0.012235633153468371	230400
1490944	1456	-0.31175089842057785	0.2842903641605197	-28.0377368850708	0.22560016613708764	12.242578558921814	-0.04497610619291663	232960
1507328	1472	-0.49085674531862605	0.2869087974389043	8.220294502258302	0.19587624934880524	6.350235621929169	-0.03614184028469026	235520
1523712	1488	-0.2285386252228054	0.2939539963569773	55.55846924591064	0.17896495450903707	27.882388842105865	-0.03300044763833285	238080
1540096	1504	-0.14212303547408373	0.2941615150973914	51.64953704071045	0.18353914904231391	16.612389149665834	-0.026329567786306143	240640
1556480	1520	-0.6263560284179402	0.27346171366639044	-24.994213150024414	0.16275214789870995	47.29819375991821	-0.03289254823699594	243200
1572864	1536	-0.15428595464398678	0.2345135346064732	-178.99922315979003	0.19981678413049778	300.9312839317322	-0.011426068786531686	245760
1589248	1552	-0.10023632267158246	0.20729264438862807	-206.42477568054198	0.21439860380282152	355.45038459777834	-0.021845566285774113	248320
1605632	1568	-0.28896207443397726	0.19547167160472242	-156.95072320556642	0.23466995457094617	165.55673365592958	-0.028037700382992626	250880
1622016	1584	-0.32409799371490955	0.19595851120303828	-64.50628662872315	0.2446753492188278	19.714745128154753	-0.03488024443387985	253440
1638400	1600	-0.3071237677910831	0.1968289617775008	-10.801708935976029	0.2416920677796652	9.024072222709655	-0.03794816568493843	256000
1654784	1616	-0.3321280904847081	0.19553617708440316	12.288900680422783	0.2142382407394814	3.9844813394546508	-0.036631219871342185	258560
1671168	1632	-0.5512067355542677	0.17444980702837745	-74.48890936279297	0.21527781729103027	82.46278940200806	-0.025965039702132344	261120
1687552	1648	-0.1898345603683265	0.16238139500588322	-99.97323654174805	0.2558393540361594	77.2928567123413	-0.025387256834656	263680
1703936	1664	-0.3895139634755906	0.15863718235274205	-59.803984008789065	0.21013954167442875	24.368371443748472	-0.035082889990881085	266240
1720320	1680	-0.6131165822697804	0.16251948723746906	0.6784895664453506	0.1812977098517197	4.422615758180618	-0.040401598471216854	268800
1736704	1696	-0.26060870498447913	0.16466452609659787	31.803104469299317	0.19052221397758984	9.005830457210541	-0.024726623455062508	271360
1753088	1712	-0.5661519703236408	0.14859277197534096	-37.964890766143796	0.1962728710052641	60.54227876663208	-0.03491837602108717	273920
1769472	1728	-0.19558050600823482	0.12900225369311455	-122.15157308197021	0.20796260522075477	125.14965307235718	-0.024547604117542504	276480
1785856	1744	-0.2827459046516451	0.12198926494328664	-96.4763137588501	0.24960083970790037	63.94316438674927	-0.02557281393557787	279040
1802240	1760	-0.45435794359457216	0.1182125134859234	-51.765984901428226	0.23651928634258046	30.434737272262574	-0.03425194674171508	281600
1818624	1776	-0.6429335917721036	0.11794436475899708	-18.949563214302064	0.21158177836447015	4.021283435821533	-0.03397529294714332	284160
1835008	1792	-0.37938600332487843	0.11588513374486606	1.3919920501708984	0.21970723320529925	4.152648916244507	-0.042931511048227546	286720
1851392	1808	-0.3668552189391194	0.09809126634669976	-83.00979964447022	0.2383572736344672	83.73554677963257	-0.033935806332156065	289280
1867776	1824	-0.28915715878165793	0.09001828091864458	-90.93790433502197	0.2817076640127025	60.584983558654784	-0.02601568424142897	291840
1884160	1840	-0.502787689370336	0.0869761835075105	-46.9790252532959	0.22776248313656924	21.16632421016693	-0.042679519904777405	294400
1900544	1856	-0.5359687865014421	0.08919354834280716	-5.515287431597709	0.2114647174473175	2.7416654920578	-0.028218290358781813	296960
1916928	1872	-0.47116531051148197	0.08707683009063649	11.661722039222717	0.20954591751584564	2.0166372203826906	-0.03893950028344989	299520
1933312	1888	-0.24638526967288635	0.0694635586627617	-85.41312162017822	0.2337784896741205	85.00358377456665	-0.02727075221017003	302080
1949696	1904	-0.3607217447418952	0.06211336975439819	-87.542253074646	0.2503606498460364	58.3507127904892	-0.032826205631718036	304640
1966080	1920	-0.5981866335137748	0.05953048524485591	-45.229753204345705	0.2158084133831306	13.914271790981292	-0.02169747866690159	307200
1982464	1936	-0.567668691037572	0.06018130609973465	-14.346713684082031	0.2120839024245849	3.247569789886475	-0.03661930460482836	309760
1998848	1952	-0.299911697504227	0.05920807294524656	-0.3573848183751106	0.20960877208040554	2.7462410414218903	-0.03776123458519578	312320
2015232	1968	-0.3844976145925466	0.04850272977595952	-56.30295362091064	0.2206115046406147	35.022363533973696	-0.026260482780635357	314880
2031616	1984	-0.4355875410507433	0.04624551995244298	-47.172830734252926	0.2403316264122571	12.085860743522645	-0.030153946094214915	317440
2048000	2000	-0.40273240428545976	0.049079840818420054	-3.268694055557251	0.230779933852996	5.748541238307953	-0.04196062482893467	320000
2064384	2016	-0.20603175785945496	0.05077068826427594	16.86098067474365	0.21418483544611558	5.205494451522827	-0.03929123323410749	322560
2080768	2032	-0.3927384034013376	0.042297498148858664	-22.968711051940918	0.21697822416238638	32.96646710395813	-0.040555521585047244	325120
2097152	2048	-0.20160222419476487	0.030949460977353738	-87.96094072723389	0.23471130357431685	62.368717451095584	-0.026350953029468657	327680
2113536	2064	-0.35702014399378096	0.028363812037981873	-61.82644769287109	0.25416855660527493	29.19315371513367	-0.028351259930059314	330240
2129920	2080	-0.32672981362079734	0.02844440492335707	-25.384967588424683	0.23205940193682909	10.732527828216552	-0.03752711031585932	332800
2146304	2096	-0.2182965114956605	0.02738702143826842	-11.160577087402343	0.23492805419490514	4.264675993919372	-0.03975987545214593	335360
2162688	2112	-0.2770683998793247	0.017548073254257553	-55.95106087112427	0.2272043949268964	45.715744495391846	-0.026606214689090846	337920
2179072	2128	-0.28051179457869146	0.00901268820516429	-89.72046244049072	0.24929009271874383	53.78481789588928	-0.01708787627518177	340480
2195456	2144	-0.4073428107860382	0.006011499121521057	-61.912652366638184	0.26469906991679454	37.70175792694092	-0.040228775069117546	343040
2211840	2160	-0.22734893474704587	0.004211365847192981	-38.761508255004884	0.2552245720462852	17.06734064102173	-0.03721863448619842	345600
2228224	2176	-0.2278962299900595	-0.0007011582509970621	-42.66294574737549	0.23796829300976516	21.68870668411255	-0.02329003430902958	348160
2244608	2192	-0.19562148920488834	-0.011577733783867129	-89.39320472717286	0.2717183531346268	76.71188820838928	-0.028577355239540338	350720
2260992	2208	-0.38272362209518906	-0.017379749294680853	-88.12843327331542	0.2748818052168281	61.45372644424438	-0.028324515484273435	353280
2277376	2224	-0.31239528582245113	-0.020256911891867683	-61.40563398742676	0.2682641731732583	29.37199409008026	-0.03175063812173903	355840
2293760	2240	-0.22954873153124936	-0.023346353906007217	-49.157022506713865	0.2620429156829487	23.71498714208603	-0.037263377103954554	358400
2310144	2256	-0.26258892217098034	-0.028591217352605777	-55.250016365051266	0.25569086661659507	31.391372113227845	-0.02894650469534099	360960
2326528	2272	-0.2911453717373661	-0.035136725646968354	-73.58281707382203	0.30391478465942057	51.84241969585419	-0.032543632239103316	363520
2342912	2288	-0.38409892020234837	-0.03915928731268676	-67.25246383666992	0.27065189010874563	37.081593408584595	-0.0408271212130785	366080
2359296	2304	-0.3076377965827705	-0.041329721815095075	-46.580807289123534	0.27695215060988265	22.04115303993225	-0.03644205721095204	368640
2375680	2320	-0.2304182453727699	-0.04477309928725249	-43.47976123809814	0.2565433329989355	20.993496465682984	-0.014722538609057666	371200
2392064	2336	-0.25781769078818617	-0.05131139652006175	-67.26630424118042	0.2641451264688369	49.088920240402224	-0.03427937303669751	373760
2408448	2352	-0.302906783732702	-0.0559306711854958	-72.28069297790528	0.2769002904663939	44.56228312492371	-0.03485794752836227	376320
2424832	2368	-0.278032066560816	-0.05829581477194773	-53.223475887298584	0.26911641486831833	25.868046903610228	-0.03545864386484027	378880
2441216	2384	-0.2743893399143999	-0.061791028850868145	-50.658222969055174	0.2573990354430789	23.06201162815094	-0.026751592066138984	381440
2457600	2400	-0.24824604934477248	-0.06496248990142096	-48.64139094543457	0.2640913616370401	24.35635581970215	-0.030633390322327612	384000
2473984	2416	-0.2699914957926376	-0.06859710338735175	-53.381573440551755	0.27101570093165445	23.266805863380434	-0.022002653144299986	386560
2490368	2432	-0.28921658974158343	-0.07076728284990072	-43.91672421646118	0.2611038170504544	18.230307602882384	-0.033233694937080144	389120
2506752	2448	-0.28826702713919805	-0.074892109075829	-50.60275806045532	0.27233374753697853	31.48218470096588	-0.042156940475106236	391680
2523136	2464	-0.2287846516202844	-0.08090345353317484	-71.98033611297608	0.23227983225669982	44.62496809005737	-0.02775810532271862	394240
2539520	2480	-0.3662732275063754	-0.0834292918909341	-60.16543983078003	0.26990514777705354	29.98416202545166	-0.021656462512910365	396800
2555904	2496	-0.32102758885885124	-0.08628910010865627	-52.823272888183595	0.27554355132786257	27.4337628364563	-0.0396028842125088	399360
2572288	2512	-0.2522312237692531	-0.0909152212686196	-57.48993630218506	0.24961397724508175	35.36038623332977	-0.01804462019354105	401920
2588672	2528	-0.3064587410253007	-0.09507676303427949	-65.8422617225647	0.250462451968142	33.312265672683715	-0.021521289413794876	404480
2605056	2544	-0.29243088748632	-0.09647015997489809	-46.66550358963013	0.29087105348386666	19.548776228427887	-0.035791380386799576	407040
2621440	2560	-0.25172755057329776	-0.09912368710938609	-42.60095708847046	0.2683491993376665	19.66640347480774	-0.01977864502929151	409600
2637824	2576	-0.24802591619707529	-0.10279553739776291	-55.955336738586425	0.2573632007428475	27.890692405700683	-0.029244364863261582	412160
2654208	2592	-0.26233791355928404	-0.10405148243686806	-41.62040689086914	0.2569613554922962	14.642586908340455	-0.03185112981125712	414720
2670592	2608	-0.2772015816695639	-0.10547292172948779	-33.110825094223024	0.2510037721185963	10.24239273071289	-0.02943373362533748	417280
2686976	2624	-0.27753930439049146	-0.10778044432077966	-40.740457191467286	0.23846097894476953	15.453347070217132	-0.030778258685022594	419840
2703360	2640	-0.314457677362836	-0.10760613224807788	-25.75933282470703	0.26884402820645836	5.004690778255463	-0.03039281291887164	422400
2719744	2656	-0.2933778291553608	-0.10841255350997783	-18.333809190750124	0.24605958802874467	6.789662926197052	-0.034064341755583885	424960
2736128	2672	-0.2734062723632669	-0.11144026171298932	-37.36967430496216	0.24320614530390594	13.415923945903778	-0.02077010533772409	427520
2752512	2688	-0.32894728231942283	-0.11359302857973878	-42.57372317123413	0.26437900981178103	14.684639723300934	-0.023436367996037006	430080
2768896	2704	-0.2857725290383096	-0.11502534233601268	-38.14003337478638	0.2662052178094127	13.446772878170014	-0.03042655753903091	432640
2785280	2720	-0.3038637718341779	-0.11899563405964085	-50.028188831329345	0.2794408516790445	32.666827602386476	-0.03499244244769215	435200
2801664	2736	-0.331099722740415	-0.12175821346143664	-58.50107466125488	0.2710704069900503	25.292011282444	-0.021945398282259703	437760
2818048	2752	-0.3420305000235094	-0.12226322677587484	-37.0618523979187	0.2645157379773682	12.312422704696655	-0.030098634269088508	440320
2834432	2768	-0.24765313996383337	-0.12266128190330128	-25.31336612319946	0.23961292871276918	7.171571164131165	-0.023944761902093888	442880
2850816	2784	-0.31532792718155545	-0.12595586618809992	-41.75442263031006	0.24123727063667205	20.799554784297943	-0.029438343597576022	445440
2867200	2800	-0.3420273544131196	-0.1282743372967733	-49.66374724960327	0.27717665995247626	17.99444591522217	-0.03536682513542473	448000
2883584	2816	-0.38431010972795776	-0.1281930270580977	-28.773777870178222	0.2430169891068639	9.120779714584351	-0.0335780723951757	450560
2899968	2832	-0.25477383792359615	-0.1276993514604256	-12.990827731847762	0.24939229019766787	4.259764804840088	-0.04199016116559506	453120
2916352	2848	-0.35623327975312713	-0.13154432525612372	-36.85790410232544	0.2325012228138661	21.82151865005493	-0.020234327986836432	455680
2932736	2864	-0.3408039782734704	-0.13558333384409005	-63.390551094055176	0.2556392950509339	33.125978388786315	-0.027422194546088578	458240
2949120	2880	-0.45000377496203875	-0.13628910335634525	-46.66201460647583	0.26475066783466444	16.7961456990242	-0.029995827209204434	460800
2965504	2896	-0.31332699747971493	-0.13638918422476404	-25.53722643852234	0.2473795580715148	9.279791040420532	-0.03437101271003485	463360
2981888	2912	-0.3334044931069366	-0.1377360176174789	-25.52067783546448	0.24474274856630007	10.214577307701111	-0.030891870521008967	465920
2998272	2928	-0.3200382287382381	-0.14131575372563726	-50.59955699920654	0.2379262850495204	23.829044423103333	-0.015643593743443488	468480
3014656	2944	-0.36132277724158485	-0.14239385106180713	-43.08063886260987	0.2626180942229066	13.596445147991181	-0.028323081843554972	471040
3031040	2960	-0.3568456865622429	-0.14242191212629346	-25.96020556640625	0.24782234960406005	7.227171862125397	-0.0228139709495008	473600
3047424	2976	-0.3720872241422767	-0.14393574094164477	-27.024844036102294	0.23552796211854457	9.723745038509369	-0.025631632953882218	476160
3063808	2992	-0.3375981024329085	-0.1468655643399486	-48.68207107543945	0.24366242703876856	18.930029945373533	-0.02434302879497409	478720
3080192	3008	-0.34719346481445246	-0.14679482933059532	-30.31522515678406	0.26484444168536536	7.862866432666778	-0.038407680988311765	481280
3096576	3024	-0.34603171223902607	-0.14698537871877235	-20.88370682144165	0.2651274621488187	7.103237345218658	-0.03183868978172541	483840
3112960	3040	-0.3190880291589419	-0.1493729768921376	-32.682829181671146	0.23478455592556344	14.665526461601257	-0.023986349757760764	486400
3129344	3056	-0.3092180071382318	-0.15322148116398115	-57.39943830108643	0.2434836650155265	31.157801129817962	-0.017592099560424686	488960
3145728	3072	-0.34072760652273426	-0.1549365100521148	-54.827993892669674	0.2650131892284835	21.20998752117157	-0.022651151446625592	491520
3162112	3088	-0.3503971124929958	-0.15579053403573218	-39.3573456954956	0.26377578372069455	15.713333401679993	-0.02562823995947838	494080
3178496	3104	-0.36301367793232203	-0.15814478003261515	-49.272654441833495	0.27513652428590424	21.62196045398712	-0.02298992108553648	496640
3194880	3120	-0.36352805011119926	-0.1604631178570577	-53.89125441741943	0.265598077760603	21.32491809129715	-0.015338756060227752	499200
3211264	3136	-0.374017161373049	-0.16078085381162296	-37.66585060119629	0.2752400707897634	11.065870051383973	-0.030220415033400057	501760
3227648	3152	-0.3323117439475609	-0.1613305291919709	-28.4939345741272	0.28241508180297287	8.413695669174194	-0.028227989068254827	504320
3244032	3168	-0.3471821622140123	-0.16285803631028029	-34.337800163269044	0.2564756837574082	13.355137672424316	-0.02992593253031373	506880
3260416	3184	-0.40828982267784886	-0.16415699446999735	-38.7197649307251	0.25140262480619774	12.155169965028763	-0.024535119300708175	509440
3276800	3200	-0.3772089502151357	-0.16437552747433073	-28.03997282600403	0.2717937253604262	7.5026481199264525	-0.03184047779068351	512000
3293184	3216	-0.3885097445020219	-0.16636212263835493	-33.10821308708191	0.2538968098282245	15.500086314678192	-0.025123189333826304	514560
3309568	3232	-0.3924820087343687	-0.16935754800791677	-54.52831064987183	0.27552314706780867	25.81672948360443	-0.01549432571977377	517120
3325952	3248	-0.4901086016364861	-0.17021601042581785	-46.27188417816162	0.2640747163926567	20.50961857318878	-0.03730421808548272	519680
3342336	3264	-0.4014136496098945	-0.16993437116787605	-24.39308207321167	0.25009838419604874	6.216799192428589	-0.04496363278478384	522240
3358720	3280	-0.40443801500170956	-0.17105061999840163	-22.321643283843994	0.23364459541161928	10.633427422046662	-0.03479204576462507	524800
3375104	3296	-0.3466144595168298	-0.1736039311627324	-47.180420429229734	0.2467019742934795	18.650417032241823	-0.020875759329646824	527360
3391488	3312	-0.39373946557636375	-0.17372609212531165	-34.234316543579105	0.24064506153856605	8.331602989435195	-0.029226305270567535	529920
3407872	3328	-0.42277015283110086	-0.17459776902754898	-30.949116943359375	0.25548924157201325	11.290317993164063	-0.02616867993026972	532480
3424256	3344	-0.38042503949365347	-0.17612923655110863	-39.10663368988037	0.25368273846997264	13.208585345745087	-0.019513470102101565	535040
3440640	3360	-0.34323313053313176	-0.17755732811388691	-42.20868523025513	0.2602839007625158	14.383342832326889	-0.017274912297725677	537600
3457024	3376	-0.39170351200085135	-0.18019325485766394	-52.010632511138915	0.2716069975987225	28.213301072120668	-0.028915308536961674	540160
3473408	3392	-0.42585254772612824	-0.18235118348120694	-60.905669818878174	0.27622350468510465	24.72359482765198	-0.014180297469720245	542720
3489792	3408	-0.4490860304426169	-0.1833026610465694	-48.19157071685791	0.2696350615372934	20.24768888473511	-0.028035904336720704	545280
3506176	3424	-0.41329483751708174	-0.18390538169301732	-35.29993222808838	0.25963418577073605	12.850031459331513	-0.025125529058277606	547840
3522560	3440	-0.37920290103490695	-0.18440325189230228	-31.817895641326903	0.2562540232531416	8.476173887252807	-0.0182488323841244	550400
3538944	3456	-0.3802590547865839	-0.1854869624162179	-33.09068078994751	0.24174642062116208	10.565234718322754	-0.016023197462782263	552960
3555328	3472	-0.42782300317852057	-0.18698038269061817	-42.641733741760255	0.2816231235871657	16.250972576141358	-0.023134680930525064	555520
3571712	3488	-0.4325245322010014	-0.18844305178889612	-43.06571231842041	0.28556377057940957	17.924624269008635	-0.021700916215777397	558080
3588096	3504	-0.4281210424276069	-0.1887999415646422	-35.278491355895994	0.2938469992643168	11.012313489913941	-0.021560611110180615	560640
3604480	3520	-0.39602160151919813	-0.18973080246730453	-33.38303437423706	0.28337561448304494	12.32277483701706	-0.03594623755663633	563200
3620864	3536	-0.3872925475359079	-0.1903766051990431	-33.49519961547851	0.2871431340872673	9.513690490722656	-0.03148968262597918	565760
3637248	3552	-0.43632806632714344	-0.19034654947589277	-25.400548652648926	0.29281528420233005	5.655909432172775	-0.030678275041282177	568320
3653632	3568	-0.37004445424111326	-0.1899158862124995	-13.13033109664917	0.24696507738967455	2.8569466888904573	-0.025437737908214332	570880
3670016	3584	-0.4146127495147521	-0.1913323966239529	-27.33087894821167	0.2627517420583678	12.490236049890518	-0.030572084840387106	573440
3686400	3600	-0.4256172715332359	-0.19217145102409025	-34.05720944976807	0.26796561215677966	7.978984977006912	-0.019568322114646434	576000
3702784	3616	-0.46033145068772136	-0.1912069902152639	-16.90496561050415	0.2527486663755572	2.6503833746910095	-0.03961181344464421	578560
3719168	3632	-0.4015026978844544	-0.1901670392466266	-3.319439738035202	0.25051242553869824	2.251762710809708	-0.037017738986760376	581120
3735552	3648	-0.4390478063384071	-0.19288438997229382	-32.204102577209476	0.24208563072288	17.774638295173645	-0.030327029656618834	583680
3751936	3664	-0.4325860363607062	-0.19365596024504575	-39.80145455169678	0.2637519021469884	11.118422558307648	-0.02996334070339799	586240
3768320	3680	-0.4847935596780153	-0.1925250013434814	-16.146859397888182	0.25644275747087486	2.6593361783027647	-0.036824862351641056	588800
3784704	3696	-0.38830348730867265	-0.1916476452689884	-3.1475287517309187	0.27249496546317137	2.0081679248809814	-0.027311668070033192	591360
3801088	3712	-0.5018085900994483	-0.1940732137194698	-30.012545499801636	0.2435452489439961	23.694540796279906	-0.03537703407928348	593920
3817472	3728	-0.4378672210819786	-0.19552283450039784	-45.270360862731934	0.24371413423316243	13.05150178551674	-0.023317514900118113	596480
3833856	3744	-0.47244942931074185	-0.19432184076818249	-18.017958297729493	0.24872183956416438	2.701985683441162	-0.03146461695432663	599040
3850240	3760	-0.3884217293121619	-0.1929978091601639	0.4881985627412796	0.25614207979753606	1.822743501663208	-0.03838153035379946	601600
3866624	3776	-0.4512804693788057	-0.19548265098631618	-30.944580875396728	0.24034925894333342	17.066875948905945	-0.02798556537833065	604160
3883008	3792	-0.46881490205042065	-0.1961967137888789	-37.73454972839355	0.2721821777291808	10.21704523921013	-0.02488516880199313	606720
3899392	3808	-0.458278910311521	-0.1949057056379755	-12.67969227695465	0.25973669990411064	2.195864026546478	-0.028682411247864366	609280
3915776	3824	-0.39384315874322784	-0.19414970707917922	-1.668121410369873	0.229685468687298	1.5768231612443924	-0.033790020681917665	611840
3932160	3840	-0.3894485318333609	-0.1960568352190118	-28.322151821136476	0.2307118774520863	11.597834701538085	-0.030023862924426794	614400
3948544	3856	-0.45378832875099034	-0.19543182569859294	-21.988464450836183	0.22757354681001649	2.3257923275232315	-0.02732310350984335	616960
3964928	3872	-0.45309515089786145	-0.19361270446674744	4.572302728772163	0.2333865808416076	2.1402130472660064	-0.02898076000623405	619520
3981312	3888	-0.4647392436241498	-0.19409336306589728	-4.4320828984975815	0.23157281413914352	4.303625085353851	-0.018300762521103024	622080
3997696	3904	-0.42454328735696617	-0.1948484880176991	-25.855431922912597	0.22577260835719665	4.842877579927444	-0.01902383695356548	624640
4014080	3920	-0.46284395964001307	-0.19358251770074497	-7.151820640563965	0.21776868784110293	1.454027104973793	-0.03595951171591878	627200
4030464	3936	-0.4457580266031437	-0.1926053745489439	3.3031953935027123	0.20864017829759635	1.793643547296524	-0.020964674800634384	629760
4046848	3952	-0.4035171360595268	-0.194336472615988	-25.23659746170044	0.20632189021242878	8.257042034864426	-0.02441547400318086	632320
4063232	3968	-0.4472700043571531	-0.19389925924112886	-21.344309616088868	0.21146762049558163	2.502069236636162	-0.01529062720015645	634880
4079616	3984	-0.4442010503137135	-0.19258478829164027	-1.8471142532229423	0.24867652234819457	1.2753444224596024	-0.028372272849082947	637440
4096000	4000	-0.4497557108062902	-0.1936329719047062	-13.150104335784912	0.22707412053022494	7.102422471046448	-0.032634383784607056	640000
4112384	4016	-0.4214299086554674	-0.19023850291175767	-42.69013969802857	0.23014847468476263	14.87597537279129	-0.019723673779517413	642560
4128768	4032	-0.5054408822542755	-0.1763037778432481	-23.457038009643554	0.2527203939010904	4.279635204076767	-0.02133622292429209	645120
4145152	4048	-0.45858793310704643	-0.17017591290874406	-11.783872008800506	0.2395601367433793	4.21156415939331	-0.023962872726842763	647680
4161536	4064	-0.4590534902755171	-0.16809572595683858	-12.225826892852783	0.22743783545119492	3.504853333234787	-0.026925693731755018	650240
4177920	4080	-0.4746638872706099	-0.1636692708353512	-16.24804012298584	0.2188041391309316	2.332650818228722	-0.013320413306355477	652800
4194304	4096	-0.44332037078135184	-0.12352326519740746	-3.2932871901988983	0.2348991568441613	1.2252437829971314	-0.03200807953253389	655360
4210688	4112	-0.4501381454325747	-0.03150533972634002	-15.114617964744568	0.23206376340754736	5.8555764544010165	-0.0249147523380816	657920
4227072	4128	-0.4539901715362212	0.06072302749427035	-24.904439086914063	0.2262704731769387	4.2923345482349395	-0.028787942258641123	660480
4243456	4144	-0.48100281527423067	0.1092617263016291	-7.314416370391846	0.21434400661237282	1.2834384816884994	-0.035809803418815137	663040
4259840	4160	-0.4458542246965226	0.15151204211683944	-1.8048662147521972	0.22441324281064914	1.493914048075676	-0.023472254760563374	665600
4276224	4176	-0.46248199838539583	0.18912083764048293	-35.341739393234256	0.2255491973381477	14.755418105125427	-0.025490279495716094	668160
4292608	4192	-0.5089822217909387	0.23331887386413291	-32.245021579742435	0.21145590772918774	8.307921062707901	-0.010201714634895324	670720
4308992	4208	-0.4816639127078233	0.2596808081981726	-12.407517209529876	0.22831691353260714	2.2662863403558733	-0.025953434817492963	673280
4325376	4224	-0.44820400920766407	0.2718664285768755	1.2804029617309571	0.23018362696900918	1.5272720676660538	-0.025206850767135622	675840
4341760	4240	-0.44865875447064174	0.27507098510162903	-38.86444233703613	0.2245740922576852	23.84168517589569	-0.022489307611249388	678400
4358144	4256	-0.4957432789978338	0.27608728595869614	-41.86152054595947	0.23876609720404124	12.042808043956757	-0.020549946222454308	680960
4374528	4272	-0.5432252958388999	0.27337604606198146	-23.36457953643799	0.24100133323121867	6.015791025161743	-0.027080706283450127	683520
4390912	4288	-0.475773784563411	0.2666784017947502	-9.314829212665558	0.23328771097030554	2.2544031727313993	-0.024931784383952618	686080
4407296	4304	-0.4781179183352506	0.25506635518791154	-4.476053544342518	0.24540372037140185	2.006589737534523	-0.0377369577717036	688640
4423680	4320	-0.44415505379403475	0.23654596223356203	-34.758748630523684	0.24406200626061425	11.77183495759964	-0.01999604646116495	691200
4440064	4336	-0.494846789141302	0.21590875485958533	-28.27819565963745	0.24165528631648306	5.585959746837616	-0.023296351693570614	693760
4456448	4352	-0.4874793566375738	0.19287451317580417	-17.622652729034424	0.25300980312726273	3.4926376843452456	-0.025540050994604827	696320
4472832	4368	-0.4622386137229623	0.16768708943994715	-13.58324220275879	0.2458943416271385	2.236806575059891	-0.026912084762007	698880
4489216	4384	-0.4836041880961275	0.13854322683485226	-29.79613900947571	0.24249628561758663	12.250874602794648	-0.017147266324609518	701440
4505600	4400	-0.5132522663163254	0.10820862087281422	-32.390842819213866	0.2566846238007125	8.293784731626511	-0.01680389787070453	704000
4521984	4416	-0.5015307776398258	0.07450352134974673	-21.93813920211792	0.26740616008584767	4.411856609582901	-0.013261217810213565	706560
4538368	4432	-0.46517038417625006	0.052231349286157636	-13.485625195026397	0.2522572147684572	2.8538835340738298	-0.01854597985744476	709120
4554752	4448	-0.48259504354104865	0.03651128291757778	-23.011585277557373	0.2506849554314608	6.246397402286529	-0.019446432264521717	711680
4571136	4464	-0.5031073488887632	0.02749421512009576	-30.176411899566652	0.2517045576395476	5.935846943259239	-0.007897412991151214	714240
4587520	4480	-0.49143080064526296	0.020722465376136825	-15.162302558898926	0.2665437054293441	2.1763386034965517	-0.038177202306687835	716800
4603904	4496	-0.4871939824514557	0.006756313646910712	-12.661654537200928	0.24939032595529473	2.271141543388367	-0.02330371528863907	719360
4620288	4512	-0.46797996342228726	-0.012315218751551584	-20.229717514038086	0.24310489842087404	4.742809814214707	-0.014174763560295105	721920
4636672	4528	-0.4891851129742572	-0.030365145151736214	-19.71723049545288	0.28186635578022706	3.3462254136800764	-0.025349736846983432	724480
4653056	4544	-0.4866082957522012	-0.046176454180153086	-12.389206948280334	0.26511697850123195	1.9629867178201676	-0.03613677805289626	727040
4669440	4560	-0.49761155285453423	-0.05811589799192734	-18.13870525932312	0.2733156233433673	4.584624221324921	-0.02006314559839666	729600
4685824	4576	-0.5023530111759901	-0.0673935036372859	-23.802202545166015	0.25867919745721624	3.8601576149463654	-0.021677258349955084	732160
4702208	4592	-0.5188246033376781	-0.08049981254455633	-20.39760013961792	0.2669283320601782	4.830954884290695	-0.03424255167134106	734720
4718592	4608	-0.5227393986893585	-0.09717140007135458	-26.88041900253296	0.269547666697449	5.874544310569763	-0.01367643036879599	737280
4734976	4624	-0.5090648676579586	-0.11279214230296201	-21.886389167785644	0.28094203831361575	4.311842612624169	-0.022976123057305814	739840
4751360	4640	-0.49884754442528356	-0.1273300251525361	-17.15639517021179	0.2876430353535393	2.608765952587128	-0.027303009238094093	742400
4767744	4656	-0.49865031604364046	-0.142665505052777	-11.173508918762208	0.26114297392009367	2.19849554002285	-0.03160969375632703	744960
4784128	4672	-0.5011356386096449	-0.15798707980779	-15.665355003356934	0.2663261830264062	2.000822094678879	-0.01553513566032052	747520
4800512	4688	-0.4911729772813851	-0.17151868843776175	-5.586348133087158	0.2593737163099049	1.105616757273674	-0.01852936789393425	750080
4816896	4704	-0.48017135393596255	-0.1826164850562345	-4.028370365142822	0.24331205997139854	0.7680331459641456	-0.02342487093992531	752640
4833280	4720	-0.4936443729529856	-0.1901293419271242	-8.436839878082276	0.25602207144898914	1.258350597321987	-0.01558011899702251	755200
4849664	4736	-0.5192893325642217	-0.19984216719004325	-5.185553713798523	0.24697831684409272	0.72210035353899	-0.029489304721355438	757760
4866048	4752	-0.5011513975479175	-0.21354282352956944	-7.259176002502441	0.26232207867166013	1.481581867337227	-0.013628023965284229	760320
4882432	4768	-0.5241185882524587	-0.22722609717282466	-17.194443848609925	0.25709129825606464	2.743608537316322	-0.026693786531686782	762880
4898816	4784	-0.5407994551074226	-0.2385109688367229	-10.261431488513946	0.24647145752555494	1.1928511118888856	-0.01606743235141039	765440
4915200	4800	-0.5250092117872555	-0.2437287046716083	0.18699227678775787	0.25308618937188565	0.726965361237526	-0.029862456396222113	768000
4931584	4816	-0.5161944813866867	-0.253095011259662	-11.8855611038208	0.2500504507910114	2.3371765321493148	-0.016420430857688188	770560
4947968	4832	-0.5419866734745447	-0.2660641688548494	-12.916898742675782	0.2502919600418551	1.2264294332265855	-0.02535709146875888	773120
4964352	4848	-0.5214746158785419	-0.2757023590945173	2.781376414120197	0.2423754333879794	0.9730542749166489	-0.02250205896794796	775680
4980736	4864	-0.5611621727173915	-0.28454636060376653	2.443194465637207	0.23660966606745457	0.9753621625900268	-0.01860657882411033	778240
4997120	4880	-0.5200810499667423	-0.2955448560931254	-26.07087879753113	0.23902596553804978	8.047858248949051	-0.02153020570985973	780800
5013504	4896	-0.5723294040253386	-0.30542027701367624	-19.848693717956543	0.23513770065306971	2.4683133262395858	-0.014232125990092754	783360
5029888	4912	-0.5785625385146123	-0.31481125750322825	-4.403200773417949	0.250004493572031	1.0765263068675994	-0.02829627943225205	785920
5046272	4928	-0.5372018143980531	-0.3252769702926744	-3.9632346687316895	0.22819947824591222	1.9078371739387512	-0.020062973201274873	788480
5062656	4944	-0.523427891640691	-0.33574112874665296	-17.47200810623169	0.2252628896347768	2.7827886146306993	-0.025201560370624064	791040
5079040	4960	-0.5440890995257068	-0.34361599198379555	3.3808335626125334	0.23075477903019698	1.1608617043495177	-0.03520451080054045	793600
5095424	4976	-0.5208030741829425	-0.3510578095058445	15.935155368804931	0.24513985727105092	1.7884468406438827	-0.021949558220803737	796160
5111808	4992	-0.5048786914088996	-0.3572375849003438	-2.643767491161823	0.2275871583011057	0.6850175419449807	-0.029038416389375925	798720
5128192	5008	-0.5382897386117839	-0.3584142724389676	7.339335626602173	0.2429459981528798	1.678222163915634	-0.019930985942482948	801280
5144576	5024	-0.5163241573150735	-0.3607165649572853	17.70179558944702	0.22657243188123422	2.6617932111024856	-0.02216952193528414	803840
5160960	5040	-0.5128753952526022	-0.36693978086509743	-1.9934268270730973	0.22827674670853065	1.0745297640562057	-0.03631537603214383	806400
5177344	5056	-0.5264288810959552	-0.3694044299761299	-10.678464768409729	0.23762181921683467	1.9789291113615035	-0.02254257248714566	808960
5193728	5072	-0.5472605225748848	-0.36661304778628984	0.21434287643432617	0.2390623879772038	1.0355268716812134	-0.0287029848434031	811520
5210112	5088	-0.5212035042076605	-0.36627326246374287	18.94622169113159	0.231106352277755	3.137561467289925	-0.023954211100935936	814080
5226496	5104	-0.5293993330164812	-0.36519818560802375	4.293773124396801	0.22772558037544027	0.7608280608057976	-0.020388177800923585	816640
5242880	5120	-0.54507445603027	-0.35791644381755033	-0.09046412456035614	0.22844948987586022	0.7537288132309914	-0.014629051350057124	819200
5259264	5136	-0.552618833510438	-0.3551682645867113	11.412267100334168	0.2330520013524563	2.547747073173523	-0.023642070461064577	821760
5275648	5152	-0.49256351305067075	-0.35284916416206397	15.852774653434754	0.24092656161443687	2.0991587269306184	-0.02654496582224965	824320
5292032	5168	-0.5046284215276828	-0.34894582657539286	2.765077695965767	0.2259553218172558	0.7035751590132713	-0.028477677535265686	826880
5308416	5184	-0.5403874349136604	-0.34856910118856466	1.6176468496322631	0.21930457492142855	0.6966816517710686	-0.022841841615736484	829440
5324800	5200	-0.5442813405713532	-0.3487713789085392	17.027472617149353	0.21454735593305904	3.0751944053173066	-0.021519910893402994	832000
5341184	5216	-0.5338025770299136	-0.34942580516287125	11.875420318603515	0.21497634724650763	1.1705378782749176	-0.01715167786926031	834560
5357568	5232	-0.5334055778190959	-0.35510437354096214	-5.124615905761718	0.22072592306609645	1.4536520421504975	-0.01799875888042152	837120
5373952	5248	-0.567539816794335	-0.3602248771295417	-0.9067856685519219	0.21647315752138052	0.7102102714776993	-0.018985884133726358	839680
5390336	5264	-0.5553247930203797	-0.36444266970013267	10.332997512340546	0.2011379481872526	1.3819913846254348	-0.016608920162543655	842240
5406720	5280	-0.5362889369863552	-0.36669572034222075	2.1682598478794097	0.1898435512251216	0.6240662410855293	-0.02457837713882327	844800
5423104	5296	-0.5412402178221383	-0.36190527129662226	-0.5236817061901092	0.19768749801250202	0.4669585365056992	-0.01907448664307594	847360
5439488	5312	-0.565181118701119	-0.3511478047717828	9.53891614151001	0.2178340144297246	1.7398716562986374	-0.022165583353489636	849920
5455872	5328	-0.5255870050936937	-0.34621891654026693	16.554461198806763	0.2110230818445915	3.048637305498123	-0.005659227892756462	852480
5472256	5344	-0.5304772980277194	-0.3452388706479687	6.047859481096268	0.20996233760484834	0.8242964667081832	-0.028242256920784713	855040
5488640	5360	-0.5313294192479225	-0.33943738941592166	6.863142438411713	0.190116326154927	1.385740334391594	-0.016790895275771617	857600
5505024	5376	-0.544376113274484	-0.3405024181280751	16.109256454467772	0.20362937946013482	2.8532299250364304	-0.012361912578344346	860160
5521408	5392	-0.5540122834917857	-0.34513075216975997	13.844046947479248	0.2061571168239924	1.8191388121247292	-0.007256686370819807	862720
5537792	5408	-0.5673650656426326	-0.3457395404961426	-1.5461582642793656	0.20130061198137655	1.1740806519985199	-0.022858143262565137	865280
5554176	5424	-0.5727806020003045	-0.3359562941745389	-4.371124310016632	0.2054350692344185	0.7393821784853936	-0.02568429281935096	867840
5570560	5440	-0.5590462047836045	-0.33129155887220985	18.868070167541504	0.20202561264762908	5.367531533241272	-0.010105977281928063	870400
5586944	5456	-0.5369028930644272	-0.3307221151471604	29.33704154586792	0.2011138815615172	7.828234937191009	-0.0026158787775784733	872960
5603328	5472	-0.5507399186433759	-0.33292077826638705	16.382135647773744	0.1797562668618525	1.6765400457382202	-0.02213512788526714	875520
5619712	5488	-0.5757543972037965	-0.3364517019235063	7.29037302494049	0.1871333599978112	1.2548376730084418	-0.01848978496156633	878080
5636096	5504	-0.5627048718678997	-0.3360626704164315	22.668638626098634	0.1958659897105854	5.3144586610794065	-0.005545076541602611	880640
5652480	5520	-0.5423680115748429	-0.3282782903679181	25.559315032958985	0.1875162875049412	5.122173354625702	-0.020645806454122066	883200
5668864	5536	-0.5435438951768446	-0.31456457636062984	13.220866680145264	0.18841671691922324	1.3341418051719665	-0.009022130593657494	885760
5685248	5552	-0.555401194629143	-0.30453546171006746	6.239989860534668	0.19009805405117708	1.3619512116909027	-0.018595206886529922	888320
5701632	5568	-0.5776724120614818	-0.2988093936305959	24.39383536148071	0.1757175583963927	6.89189837872982	-0.007941968217492103	890880
5718016	5584	-0.5777792847666424	-0.29773465046775527	39.20037889099121	0.19553830250558	13.20709770321846	-0.012101339809596538	893440
5734400	5600	-0.5621262120079482	-0.297978816741379	32.27821369743347	0.1988520085402065	6.981494153141975	-0.01068955909460783	896000
5750784	5616	-0.575515503204544	-0.29828029850148596	14.729010070800781	0.1784330319965396	1.9896490347385407	-0.007093812329694629	898560
5767168	5632	-0.5779159575345694	-0.28954806907498276	15.83693041229248	0.18181526307010554	2.84497944355011	-0.015740526402369143	901120
5783552	5648	-0.5837142263732384	-0.2842659628840629	19.705293098449708	0.19434999031392278	3.352372222542763	-0.019414379820227624	903680
5799936	5664	-0.6053426314146491	-0.2832493074091617	12.269145030975341	0.17835803651855422	1.1374155521392821	-0.017591951712965966	906240
5816320	5680	-0.5795179803065257	-0.28531060492270627	6.71830110168457	0.19152017814871158	0.8431607612967491	-0.02574344988912344	908800
5832704	5696	-0.587418031312991	-0.2867729650621768	4.7266138775348665	0.19196905518684768	0.6870709559321404	-0.014775074468925595	911360
5849088	5712	-0.5684926587176742	-0.27973633773974144	9.77160379076004	0.17844079582137032	1.7614149582386016	-0.02473377363756299	913920
5865472	5728	-0.5716143550737761	-0.27045537023595534	21.819098392486573	0.16338656991754305	5.176747333109379	-0.002072677165269852	916480
5881856	5744	-0.5520487235906767	-0.2672203752433415	20.296167793273927	0.17111532861813825	3.203199754357338	-0.016959667187184096	919040
5898240	5760	-0.5525732541343896	-0.26565216400823555	13.423204154968262	0.1551655364138357	1.9250539684295653	-0.01725514676421881	921600
5914624	5776	-0.5780187822344014	-0.26454478729120456	21.72697632598877	0.16986105280937916	4.683744261860848	-0.013594230227172375	924160
5931008	5792	-0.5806446068800287	-0.262697121598525	28.611826248168946	0.17589834262473436	7.320055769681931	-0.010571416560560465	926720
5947392	5808	-0.5988190800878219	-0.2544203014902305	22.25104308319092	0.185195462324799	3.9057560467720034	-0.013229546844959259	929280
5963776	5824	-0.5908733594649238	-0.25074382935720496	15.116215647697448	0.16378609712978623	2.355245060324669	-0.006869430523365736	931840
5980160	5840	-0.6106547666203697	-0.2488181264072191	15.663846817016601	0.18271805577874634	3.2238084346055986	-0.009643683563917876	934400
5996544	5856	-0.5901052424600348	-0.24853051094408146	27.599983989715575	0.16250518730059382	7.518844949007034	-0.0011348539404571055	936960
6012928	5872	-0.5834294829813298	-0.24671948505635374	27.544896522521974	0.16281590574249025	6.838212031126022	-0.006795508060604334	939520
6029312	5888	-0.5850527025348274	-0.2375682428299915	26.70156184768677	0.17611222900354218	6.220050848126411	-0.006867273841053247	942080
6045696	5904	-0.5982744949348271	-0.23348040422494523	23.934936962127686	0.16242554117411168	4.644982987046242	-0.0012042848486453295	944640
6062080	5920	-0.577810183677706	-0.23121553320880048	25.657970752716064	0.16763654202563158	6.19896921813488	-0.013846821375191212	947200
6078464	5936	-0.5668253012964269	-0.2301974552019965	30.585026237487792	0.15473251183837433	9.157880861759185	-0.0031261317059397696	949760
6094848	5952	-0.545853091752273	-0.22806334560806862	37.43028404617309	0.1518297116735848	11.944231441020966	-0.00941341271623969	952320
6111232	5968	-0.5550869110504864	-0.22161294826562516	35.49484120941162	0.14698027911900788	9.604752614498139	-0.0125431627035141	954880
6127616	5984	-0.5516594054792077	-0.21995570826227775	24.903508182525634	0.15424835726356895	5.8584618246555324	-0.00998379722237587	957440
6144000	6000	-0.5816541329786414	-0.21968458699877375	32.458028560638425	0.14774291622622454	10.184926698207855	-0.016670682374387978	960000
6160384	6016	-0.5859262685731519	-0.21871947676385753	41.1352735786438	0.15017285422544077	13.166427859067916	-0.012712913611903787	962560
6176768	6032	-0.5832637373053003	-0.21285635382379406	41.3490880279541	0.15239730331733184	13.854565606117248	-0.002517542578279972	965120
6193152	6048	-0.5960440218099393	-0.2065472048416268	29.826989517211913	0.13398219043512835	5.570857203006744	-0.011284599136561156	967680
6209536	6064	-0.5772911561838119	-0.2047863074101042	18.710504627227785	0.13771938070148776	3.396637452840805	-0.009762206953018904	970240
6225920	6080	-0.609036222944269	-0.20373492870177143	22.74894616317749	0.14945886963572833	4.907121498584747	-0.009528257418423891	972800
6242304	6096	-0.6251888916562311	-0.2016995981268119	29.15334024620056	0.14718933890847918	7.90877689242363	-0.007593376319855452	975360
6258688	6112	-0.6046266296851681	-0.19546067755739205	27.915578136444093	0.14702584720560005	6.34895207285881	-0.02247861575335264	977920
6275072	6128	-0.6165536092207767	-0.1898921985111665	26.844547233581544	0.16443908347587613	6.180887374281883	-0.0081044043879956	980480
6291456	6144	-0.6394230017066002	-0.18779242411791347	21.1697560005188	0.15935624101277698	2.8989644122123717	-0.008165649985894561	983040
6307840	6160	-0.6458681297362782	-0.18644628628133797	13.482282955169678	0.14981553907385717	2.1764629566669464	-0.010703075770288705	985600
6324224	6176	-0.6134775837251218	-0.18302227138518357	14.275437309265136	0.1451133721893886	2.513240332007408	-0.007745913118124008	988160
6340608	6192	-0.6009995611074846	-0.17601058166264558	18.488140434265137	0.14556254511170022	3.8661604005098344	-0.007801451813429594	990720
6356992	6208	-0.582340238159988	-0.1710508153939154	29.933156120300293	0.14624841538252462	7.423744485974312	-0.01754672048613429	993280
6373376	6224	-0.554461436135578	-0.16781075256108308	34.69047801208496	0.1418012492099667	10.502337443828583	0.003199684899300337	995840
6389760	6240	-0.5791623538674321	-0.1647649939262774	30.77256447982788	0.13639039063740777	7.005758277773857	-0.014567810855805875	998400
6406144	6256	-0.5688352950684493	-0.1601742544376757	31.39938094329834	0.13211114593474935	9.430833049416542	-0.0043331382982432845	1000960
6422528	6272	-0.5915807495758636	-0.1544481052958872	37.66414070892334	0.13195180822450994	12.43416888654232	-0.005140720922499895	1003520
6438912	6288	-0.6147571440920001	-0.15049363627075218	37.18907804489136	0.14118115483814125	10.993109791278838	-0.0056982232630252835	1006080
6455296	6304	-0.5931855844842503	-0.14781509124278092	32.83480085754395	0.14009311029306615	8.35036020219326	-0.014325166679918766	1008640
6471680	6320	-0.6131840950305341	-0.14436402543424628	30.810991458892822	0.13756549025090434	7.797560390233993	-0.009887572452425957	1011200
6488064	6336	-0.5809476048977813	-0.13888030271767637	32.19389724159241	0.134378508907953	9.846560887098313	-0.008159670643508435	1013760
6504448	6352	-0.5968360196230933	-0.1334308684670832	44.542561447143555	0.1335550506150306	18.766141269207	-0.006629618816077709	1016320
6520832	6368	-0.5795233052201801	-0.12893538247584366	54.79082100296021	0.12327547225102486	27.665417904853822	-0.001115247793495655	1018880
6537216	6384	-0.6004979865507921	-0.12383898990391753	60.19584578323364	0.12837103398051602	31.13609927177429	-0.011299035688862204	1021440
6553600	6400	-0.587619338538032	-0.11974523769854568	53.73995982742309	0.1320407198291392	21.098332630395888	-0.0013100341986864805	1024000
6569984	6416	-0.6188350936825154	-0.11648409924446605	37.08762823486328	0.11672081713158981	10.597201471328736	-0.0021740944497287275	1026560
6586368	6432	-0.607185923675308	-0.11428800365864299	24.79663298034668	0.12817873615436476	4.269481949806213	-0.011413350077345967	1029120
6602752	6448	-0.6392575888901483	-0.11045928532420658	21.915607803344727	0.12385757094427931	4.752168256044388	-0.011124454773962497	1031680
6619136	6464	-0.6233873573088785	-0.10527521881996654	24.38716962814331	0.13346156787416807	4.831722891330719	-0.0043986448459327225	1034240
6635520	6480	-0.6165417297162349	-0.10212239549099468	26.09910569381714	0.12022093696964646	6.195569379925728	-0.007908967593684792	1036800
6651904	6496	-0.6257391618828988	-0.09842190927802585	31.164691261291505	0.11638159836617877	8.322767911553383	-0.011140012722462416	1039360
6668288	6512	-0.603988522562664	-0.09355454508005641	33.73796555328369	0.12219177021203766	9.154706789255142	-0.009687400870025158	1041920
6684672	6528	-0.6159637403892121	-0.08832859668671153	41.29281106185913	0.12162767717413105	17.05277294397354	-0.0028549288399517536	1044480
6701056	6544	-0.6263085801439593	-0.08450050023733638	51.47087413787842	0.12110096967239045	20.752546429634094	-0.007085922509431839	1047040
6717440	6560	-0.6225223793984623	-0.0803070240074303	49.12849114227295	0.1148430198405924	20.70875828266144	0.0009429212473332882	1049600
6733824	6576	-0.5902266640726012	-0.07513128263293765	51.92395751571655	0.11469566247421738	24.63744835615158	0.0007926426455378533	1052160
6750208	6592	-0.5864448053388623	-0.0713314740115311	55.081500270843506	0.11489744882412589	26.730687782764434	-0.002473650947213173	1054720
6766592	6608	-0.577524336825707	-0.06784453839599155	53.139194686889645	0.11711004775591208	21.8601904463768	-0.0032654977031052112	1057280
6782976	6624	-0.5951894518999615	-0.06429514420568011	45.8813013381958	0.11406330353287303	14.98400356411934	-0.004803583370521665	1059840
6799360	6640	-0.5969183031573193	-0.06227139425068162	40.35114796066284	0.11961958202643694	13.916741046905518	-0.012459334116429091	1062400
6815744	6656	-0.6099053366559092	-0.05935315467207693	41.386571098327636	0.11219511990113444	15.645102663040161	0.0010652700625360012	1064960
6832128	6672	-0.6094316519343993	-0.05452742381184362	48.36369436264038	0.10456111479435336	21.031188482046126	-0.004403907908126712	1067520
6848512	6688	-0.621265397437266	-0.05019126330106519	52.457427463531495	0.11794558525397704	22.903938245773315	0.0002949308045208454	1070080
6864896	6704	-0.6435098419167334	-0.04645285947411321	51.92295944595337	0.11946510738048113	23.127464143037795	0.00044116624630987646	1072640
6881280	6720	-0.6311795592295238	-0.041181652826955545	50.80285514450073	0.11566420004990684	20.346842647790908	-0.002089611068367958	1075200
6897664	6736	-0.633686784698395	-0.03711576549499296	43.74683361434936	0.11482549909595927	15.905784797668456	-0.005650929631665349	1077760
6914048	6752	-0.6136070032698335	-0.034409024012973535	42.83602518081665	0.10709319137810977	14.710173352956772	-0.012241220613941551	1080320
6930432	6768	-0.5917338335369714	-0.031226899100234733	49.03002285766602	0.09140706649150493	20.630736260414125	-0.0008371006976813078	1082880
6946816	6784	-0.5971368896148633	-0.026336746586253866	48.42771306991577	0.11058516611316226	18.617053399086	-0.007664440665394068	1085440
6963200	6800	-0.6079158307750476	-0.02243343405216001	45.315684394836424	0.10522966280510211	15.89687380194664	-0.009267534408718348	1088000
6979584	6816	-0.5968909704365069	-0.01998877107515	45.81827089309692	0.09381796104227967	16.8481811606884	-0.0032220450416207314	1090560
6995968	6832	-0.6032781494233059	-0.018052161633735523	42.25573609161377	0.10640809456085978	14.554295963048935	-0.007173320632427931	1093120
7012352	6848	-0.6083179659888847	-0.012519185006385668	46.96196183013916	0.0995308191406754	18.153556523323058	-0.008354578381404281	1095680
7028736	6864	-0.5797640735863242	-0.006740392863517627	51.39057564163208	0.10470329408842016	19.963722211122512	-0.011423300513997673	1098240
7045120	6880	-0.6012884399277391	-0.003456562533741817	50.1219910774231	0.10489568445270213	21.64183568716049	-0.0066018905490636826	1100800
7061504	6896	-0.6086977105725091	-0.0009435515773948282	48.44992013168335	0.09938219432104907	15.562184038758279	-0.007693570721894503	1103360
7077888	6912	-0.603019004048896	0.00258065364533104	44.18568507385254	0.10855349479705735	17.14268782377243	-0.0024397701397538187	1105920
7094272	6928	-0.6179204764422029	0.00835146037512459	51.51867058944702	0.10956920416727005	22.218474992513656	-0.007511119171977043	1108480
7110656	6944	-0.6373812012888956	0.012394916691118852	56.18427434921264	0.11127649572873173	29.12884963274002	0.0010193287022411824	1111040
7127040	6960	-0.6261828340085922	0.01527539898478426	55.71546008300781	0.11309869664414435	22.936911265850068	-0.0071416398417204615	1113600
7143424	6976	-0.6267775962312008	0.01896245963894762	51.1987657623291	0.10424693112356563	18.21604421496391	-0.006824032999575138	1116160
7159808	6992	-0.6282180812386796	0.022844361767405643	39.29575219726563	0.08999756897688568	10.810148258209228	-0.005456479117274284	1118720
7176192	7008	-0.6200500434602145	0.02445800032117404	31.447540164947508	0.08775915171015045	7.898051011562347	-0.0013525532465428114	1121280
7192576	7024	-0.6196610886062263	0.026293377313995735	26.55211552810669	0.09577256110853363	6.9570625847578045	-0.0038446951657533646	1123840
7208960	7040	-0.6044180836548331	0.03077200872101821	36.614576328277586	0.08927438735319675	12.975630159974099	-0.004980127969756723	1126400
7225344	7056	-0.6299069654520135	0.03671226996579208	45.23012168884277	0.0922270873281889	19.58358030319214	-0.001135045364499092	1128960
7241728	7072	-0.6030109575936804	0.04115698185958899	51.75386852264404	0.08679208500358816	22.434626666307448	-0.0069253376871347425	1131520
7258112	7088	-0.6186463221464074	0.04429631811776198	48.84635779953003	0.0894406073620279	17.225019282102586	-0.0002807188965380192	1134080
7274496	7104	-0.6141709042862058	0.04858937856950797	43.64573278427124	0.08794517546064023	16.204780102968215	-0.007599600721150636	1136640
7290880	7120	-0.6240098437826382	0.05244529152312316	38.59007053756714	0.10569437873218232	11.81603271842003	-0.006364921871572733	1139200
7307264	7136	-0.6446606010252144	0.054827444035792726	35.57091470336914	0.0920402614291669	10.744597924947739	3.862090408802032e-05	1141760
7323648	7152	-0.6325571506553097	0.057576816085958854	35.14883045196533	0.09483457890849038	12.358214086294174	-4.922378808259964e-05	1144320
7340032	7168	-0.6195793983271578	0.06174217933812179	43.60317303085327	0.09111791573691698	16.866181594133376	-0.006701169982552529	1146880
7356416	7184	-0.6278730951453326	0.06589577010669745	49.704487384796145	0.09250802887432892	23.242709052562713	0.005757274106144905	1149440
7372800	7200	-0.642110079728649	0.06929141797521152	54.596878746032715	0.09400388473862371	27.838565579652787	0.0033222697861492634	1152000
7389184	7216	-0.6320818614773452	0.07400060673453845	55.68368416595459	0.08927749579602039	24.46807301878929	-0.0026650309748947622	1154560
7405568	7232	-0.6620392237337074	0.07902906920411625	51.2113434715271	0.08561043399605059	17.9728156042099	-0.01059139753691852	1157120
7421952	7248	-0.6694823025534861	0.08223449175455608	45.74010111236572	0.079101737256811	15.691158242225647	-0.007678704280406237	1159680
7438336	7264	-0.6825453513395041	0.08484042023518122	46.09283651351929	0.08809272720840283	18.312291699647904	-0.0028873508982360362	1162240
7454720	7280	-0.6684147126722383	0.08775528368749656	39.3010896987915	0.0854701781997284	12.09151159286499	-0.01252064161002636	1164800
7471104	7296	-0.671190199156641	0.09213801733055152	37.38566048049927	0.0938444770682145	11.709921247363091	-0.009456342197954654	1167360
7487488	7312	-0.6549899016654818	0.09439849078305997	35.30109130096436	0.07607737568753488	10.716521484255791	0.00547266561537981	1169920
7503872	7328	-0.6823008684536908	0.09773983087786474	38.700903327941894	0.08812072671978907	13.280927064418792	-0.0002527556009590626	1172480
7520256	7344	-0.6526471780312714	0.10232227307208813	48.405514400482176	0.09015026999090253	22.093118250370026	-0.0002479645982384682	1175040
7536640	7360	-0.6790585932009854	0.10731095465668478	58.28546432495117	0.0839979284719651	31.818990886211395	0.0010242103692144156	1177600
7553024	7376	-0.6753397229632828	0.11353346177586354	67.28660860824586	0.08357949911735656	38.400618393421176	-0.010837408881634474	1180160
7569408	7392	-0.675594611872104	0.11895020445832051	68.28476625823974	0.0859606954739846	34.396995599269864	-0.003231779178604484	1182720
7585792	7408	-0.6422761094050947	0.12301484408625402	62.885202262878416	0.08496740595440355	33.25577088952065	-0.005068595930933953	1185280
7602176	7424	-0.6551367601339007	0.1269511127436999	61.39030410003662	0.08080317642319676	31.596217633485793	-0.004125429010018706	1187840
7618560	7440	-0.6498284818193643	0.1310363365674857	62.91401351547241	0.08440580924002303	33.17593920707703	-0.005844035837799311	1190400
7634944	7456	-0.63985932788637	0.13554428439983165	65.51622955322266	0.08113732258344913	35.07580092430115	0.0033636908046901226	1192960
7651328	7472	-0.6323956142291427	0.14025509705790318	61.266665939331055	0.08719890861452378	32.208037648200985	-0.003373500220477581	1195520
7667712	7488	-0.6442601573514984	0.14437210982688703	56.40653199386597	0.07991875815553795	22.56226608276367	-0.009379505533725024	1198080
7684096	7504	-0.6267231690118787	0.14773328435071745	51.97750431060791	0.09142817774020143	21.683942444324494	-0.012327994909137488	1200640
7700480	7520	-0.6556437268888112	0.1518483476305846	55.324142482757566	0.078355188791574	27.667950397729875	-0.000254687387496233	1203200
7716864	7536	-0.6644980956882937	0.15557525553950108	57.23898112106323	0.07956274636699842	23.65663211464882	-0.0033562782034277914	1205760
7733248	7552	-0.66482961657329	0.15884788643964567	55.78180137252808	0.07063848030921972	25.738351323604583	-0.006442213207483291	1208320
7749632	7568	-0.6654188856657128	0.16158738116943278	55.77730729675293	0.08046281437932384	24.47531549811363	-0.007204083455726504	1210880
7766016	7584	-0.6608937431314261	0.16610099737369455	55.318418258666995	0.07612160135063467	25.73766865491867	0.0009516707435250283	1213440
7782400	7600	-0.6419953881456749	0.1700023788663093	54.87441939163208	0.08044736170063577	25.337733684778215	-0.007794617060571909	1216000
7798784	7616	-0.6627786211185157	0.17220558906043879	54.23020573425293	0.0761759162723522	23.89060130238533	-0.005619714297354222	1218560
7815168	7632	-0.6709333796004067	0.17442086191731504	52.97996829605103	0.0589229845667276	24.09784281015396	0.002542910994961858	1221120
7831552	7648	-0.6365811442354461	0.18078842135029846	60.928050117492674	0.08216927937707183	34.12432694196701	-0.0036910884827375413	1223680
7847936	7664	-0.6437168945252197	0.18532322915899568	67.31537495422363	0.08032808681200439	35.51117089033127	-0.00641688970848918	1226240
7864320	7680	-0.6405576047783252	0.1877451577472966	64.42693344497681	0.07022105064114294	35.00887395620346	-0.001599574787542224	1228800
7880704	7696	-0.649565550719155	0.19012366177211515	60.42328075790405	0.07323400462109558	29.509877355098723	0.003277014121413231	1231360
7897088	7712	-0.6319529886869714	0.19576499386201612	58.15858250427246	0.07982244635611459	28.634277672767638	-0.0006440451182425023	1233920
7913472	7728	-0.6494073283588514	0.2007259259975981	61.41647163772583	0.07200532650168617	32.3293761587143	0.004146449193358421	1236480
7929856	7744	-0.6566534354414325	0.2031175214953255	62.73905143356323	0.07142143179893788	29.454092934131623	-0.0070062754862010475	1239040
7946240	7760	-0.655039907872444	0.20488601315463892	56.58010848236084	0.08127389480521109	23.651561477184295	-0.005990952178835869	1241600
7962624	7776	-0.6432465239994927	0.21006573588098398	51.695658267974856	0.07816836952048391	22.075510050058366	-0.00032906422391533853	1244160
7979008	7792	-0.6400085791638122	0.21373212834144942	49.963660049438474	0.07403360019500363	21.78501827836037	0.00017562098801136017	1246720
7995392	7808	-0.622508094032295	0.21610087408940307	56.17654473876953	0.0709238656710584	27.826643631458282	-0.004333703983575105	1249280
8011776	7824	-0.6400295038640034	0.21916272950242274	64.4805465965271	0.07165510998383783	35.820688655376436	0.0034201436117291453	1251840
8028160	7840	-0.6485484544198261	0.22487443554471248	65.68875588607789	0.07181994889244842	43.5160747551918	0.008848732449114322	1254400
8044544	7856	-0.67040380866325	0.22787573181907647	67.43245700836182	0.07716565082333483	34.83662641763687	-0.0026120523549616336	1256960
8060928	7872	-0.6440440034916391	0.2292171787105035	60.178356006622316	0.07189839831060094	28.85260920882225	-0.0020010646432638167	1259520
8077312	7888	-0.6585972236669623	0.23274858360062353	55.75763093566894	0.08439308448850184	24.430031734704972	-0.00043722307309508325	1262080
8093696	7904	-0.6576741168833105	0.23630283575202338	50.36897632217407	0.07504081022397835	21.032671089172364	-0.0009134247153997421	1264640
8110080	7920	-0.6601961935260333	0.2377878434478771	46.71912326431274	0.06889804288668136	17.42343254685402	-0.006220053508877754	1267200
8126464	7936	-0.6743223125342047	0.23986168662901036	47.86686442947388	0.07641097556234004	20.068950085639955	-0.00568272277712822	1269760
8142848	7952	-0.6670624200828607	0.24454525468940846	49.88313551330567	0.079094142190289	19.57029683470726	-0.0018615787662565708	1272320
8159232	7968	-0.6644417600909946	0.2471862737040501	50.91997577285767	0.07450051971025437	21.359685674905776	0.0027397123910486696	1274880
8175616	7984	-0.7006890686749248	0.24868171815830284	49.02320054626465	0.07441829204477968	18.473082206249238	-0.004252856634557247	1277440
8192000	8000	-0.6749585943778511	0.25242340615647846	46.37087980651855	0.07361353679430456	16.588119978904725	-0.007521589025855064	1280000
8208384	8016	-0.6438396196719259	0.25690632459777407	44.161162425994874	0.07400741142657884	16.089651703834534	-0.0025389144383370877	1282560
8224768	8032	-0.6775926590363961	0.25899875415372664	43.72380898666382	0.0783465384877541	16.49254861831665	0.0005905652604997158	1285120
8241152	8048	-0.6764731735831592	0.2612265046860557	44.59535711669922	0.08595571884063119	18.71214570760727	0.004681151378899812	1287680
8257536	8064	-0.6649709726172732	0.26456648601475174	49.108704734802245	0.06876645452796848	21.937911553382875	0.005385184232145548	1290240
8273920	8080	-0.6619688157942146	0.26764669725554996	51.51172994232178	0.07412818539074598	23.988857300281524	-0.0038020649831742048	1292800
8290304	8096	-0.6792251513465307	0.2693860622893553	50.327222442626955	0.07485338413900788	20.1836577296257	-0.008151497216895223	1295360
8306688	8112	-0.7023237674671691	0.27320106404530814	51.557952941894534	0.08239902750532219	21.250888541936874	-0.004592271558940411	1297920
8323072	8128	-0.685376975211082	0.27618463604035787	46.219379985809326	0.07841159544347819	18.563859592676163	0.005283254869282245	1300480
8339456	8144	-0.6717388686556369	0.2782112359690946	51.340983535766604	0.0836105336491367	20.672644916772843	-0.006987626757472753	1303040
8355840	8160	-0.6897829915612238	0.28080974459531716	51.10348330688477	0.06994448249134554	20.02915933728218	-0.011416393406689167	1305600
8372224	8176	-0.6817184377696831	0.2859176523077767	51.77118315124512	0.07331864841610138	21.895765734910967	-0.005966185424476862	1308160
8388608	8192	-0.685316705827252	0.28921047210576944	49.767299884796145	0.07034461474627417	19.766111125946043	-0.005322021115571261	1310720
8404992	8208	-0.6667630170517368	0.2910015084433835	48.819960987091065	0.06943425988111888	21.34867992401123	-0.0019473062641918659	1313280
8421376	8224	-0.7093687645865139	0.2934068872209173	51.628092353820804	0.07265562545550111	19.653853306770326	-0.008201244324445724	1315840
8437760	8240	-0.7006992365098559	0.29969065009313633	52.516108478546144	0.07275502422289716	23.719566138982774	-0.0028154689632356165	1318400
8454144	8256	-0.6981869869136718	0.3033128877754789	52.051560852050784	0.07438285550315467	21.9034033036232	-0.006356582101434469	1320960
8470528	8272	-0.680763876874582	0.30634676097589547	56.060188179016116	0.07650896610440691	26.840533990859985	-0.0061025145463645455	1323520
8486912	8288	-0.6860839988050283	0.308576914987294	55.21975758743286	0.07820032459417271	25.44001064658165	-0.006340187303721905	1326080
8503296	8304	-0.6965600348022999	0.31123672392847945	52.14983542633057	0.06570441648029081	21.505598759651186	-0.0007511398755013943	1328640
8519680	8320	-0.6715950576579198	0.3159499204445165	49.35165665817261	0.06546414224848088	20.39206755399704	-0.004468438010662794	1331200
8536064	8336	-0.6912777951960452	0.3188901744026225	49.47331420516968	0.06604685632185217	21.169210370779037	0.0024001795705407857	1333760
8552448	8352	-0.6843386429178063	0.3214530061695259	47.76229207229614	0.06834092271619284	19.958087676763533	0.0027656858321279286	1336320
8568832	8368	-0.665403804917587	0.32461217331024816	53.205165954589845	0.06806632386385092	24.29999048113823	-0.004770443569868803	1338880
8585216	8384	-0.6727824872875353	0.32951018362375906	54.83167421722412	0.07453313684690452	25.129069639444353	-0.0077614206448197364	1341440
8601600	8400	-0.683581891337526	0.3333774138900917	58.6573391456604	0.06841981661089085	30.153953478336334	0.003031405545771122	1344000
8617984	8416	-0.6640456892113434	0.3363428855750244	57.79002968215942	0.06162780748784677	25.165518057346343	-0.0029765991866588593	1346560
8634368	8432	-0.6634477752605453	0.3390642913493793	55.19548020172119	0.07048975165150569	25.014565263986587	-0.0028696039551869036	1349120
8650752	8448	-0.6950173129329924	0.34284759988519364	53.101044872283936	0.07503674548725843	23.271011003255843	0.0032842428423464297	1351680
8667136	8464	-0.6729242582974257	0.34619839063170366	49.147756164550785	0.06721337383975645	20.561382631063463	0.0008122764341533185	1354240
8683520	8480	-0.6623391062181908	0.3484054232914932	47.316436725616455	0.07579547871168414	19.535942183732985	-0.004019931256771088	1356800
8699904	8496	-0.6868429768471979	0.351128625117708	47.08242625427246	0.062350572457336724	19.856186666488647	0.00808671360835433	1359360
8716288	8512	-0.6623654985040194	0.3543634152342565	45.71851549911499	0.06945285229050045	16.476247560977935	0.0010957065224647521	1361920
8732672	8528	-0.6610248184336815	0.3572229041387327	47.97735931015015	0.06877362221122149	18.84394761800766	-0.009304973352700472	1364480
8749056	8544	-0.6685244140889263	0.36015123657556253	52.943205596923825	0.0570264109206736	25.16833088159561	-0.00034767125733196734	1367040
8765440	8560	-0.6753382535466226	0.36364878388913346	51.27915877532959	0.07186778595163192	22.00704553961754	-0.0009385169297456741	1369600
8781824	8576	-0.681334082816611	0.3672955973339267	55.659698669433595	0.07705229789949496	27.799467623233795	0.003052327334880829	1372160
8798208	8592	-0.679818846763228	0.3711012232196517	59.89517137145996	0.060573857076121174	31.8554054749012	0.002356319781392813	1374720
8814592	8608	-0.6715911049015122	0.3754383392226882	64.58194390487671	0.07032739238654122	32.70315824508667	-0.005980525501072407	1377280
8830976	8624	-0.6734388863588683	0.3794219462466426	69.86932234954834	0.07630761561424863	42.61570297718048	-0.003985123001039028	1379840
8847360	8640	-0.6774230668685631	0.3830217026514001	71.41108932495118	0.07012024620492872	43.379391913414004	0.0025858203507959842	1382400
8863744	8656	-0.6753326373598538	0.3863194689047523	68.07606665802003	0.06678553386618148	37.809840230941774	-0.0029682463966310023	1384960
8880128	8672	-0.6624397005097707	0.3897659261790104	65.41901479721069	0.05777474972474166	32.35553605079651	-0.005853027775883674	1387520
8896512	8688	-0.6810128670000704	0.3924156182860024	64.7963893661499	0.07200769315287851	31.296482387781143	-0.007525842413306236	1390080
8912896	8704	-0.6586928321350133	0.3954761794656515	63.670175815582276	0.06825678696217245	35.118316484689714	-0.0014854383654892445	1392640
8929280	8720	-0.6850943467442412	0.39905936767160893	67.36070191192627	0.0649683405842681	37.8379757475853	0.0011537350434809924	1395200
8945664	8736	-0.6770478224189719	0.4016546885762364	63.105937419891355	0.06592918148920592	33.897423402071	-0.003004682045429945	1397760
8962048	8752	-0.6805178275550715	0.4053056903127581	65.36877752304078	0.06742964325575945	35.02473758935928	-0.002702060751616955	1400320
8978432	8768	-0.6834181359304348	0.40968504136241973	69.70659597015381	0.06997852837592308	44.93850301861763	0.009653338249772787	1402880
8994816	8784	-0.679968902601744	0.41290102728269995	71.79453785705566	0.06667757454278712	43.569920997619626	0.0020608356222510337	1405440
9011200	8800	-0.6657504823438357	0.41588140025595205	73.58482626342773	0.06730348601911183	40.6626158952713	-0.0055534177087247375	1408000
9027584	8816	-0.6642996074660914	0.42033138002315534	73.90898342132569	0.06151618530308758	48.03111968278885	0.0009234877116978169	1410560
9043968	8832	-0.673706715903827	0.42409512010449546	78.06118977355958	0.07186023270052579	51.44780430555343	0.004392636185511947	1413120
9060352	8848	-0.6490954387767706	0.4267511928700842	77.12956804656983	0.0651474004656807	52.32047780036926	0.003897259682416916	1415680
9076736	8864	-0.6706009336977732	0.43077649603271856	78.92919683074952	0.07237322831062984	50.51582746744156	-0.00766130518168211	1418240
9093120	8880	-0.6592168887888546	0.4367080668308772	82.7397444229126	0.0658772980373856	58.865284373760225	0.0024326211586594582	1420800
9109504	8896	-0.6677836103253066	0.44044575762981547	79.81316677856445	0.06229575088851303	48.90317586421966	-0.0049873224552720785	1423360
9125888	8912	-0.6636546790597495	0.4438303172686137	82.16824877929687	0.06909541565669966	57.076092228889465	-0.0006215711869299412	1425920
9142272	8928	-0.683484818840283	0.44831543709198013	86.28424500274659	0.0641305628825831	62.34525384187698	0.0002920660935342312	1428480
9158656	8944	-0.6660604653910268	0.4530279059330933	85.93675164031983	0.0684920999815373	57.99864151000977	-0.007604168271645903	1431040
9175040	8960	-0.6648502700995886	0.4555685838083737	85.23869334411621	0.054016280783711366	60.021049025058744	0.005362618938088417	1433600
9191424	8976	-0.6515127177439863	0.45875285734934734	86.938191696167	0.0555672189898716	66.70381497621537	0.011690243668854237	1436160
9207808	8992	-0.6536618694959907	0.46355310153914614	87.8756788635254	0.0624894823619027	66.26547976732255	-0.0033623582404106855	1438720
9224192	9008	-0.6548343753090594	0.4664373789425008	87.91166288757324	0.060972393693779436	63.73281349897385	-0.0076449491642415525	1441280
9240576	9024	-0.6427680266792886	0.4690893473844044	85.11252084350586	0.05659130505399866	58.42379849672317	0.00032852528616786005	1443840
9256960	9040	-0.6614153231483652	0.47400021766824646	87.21822372436523	0.05853120817006259	64.23852471590043	-0.00016646403819322586	1446400
9273344	9056	-0.6533183650441934	0.47862620373768733	87.73914002990723	0.06610079522143257	63.479439125061035	0.002846051212400198	1448960
9289728	9072	-0.6707302535043563	0.48142690982995556	83.95902212524415	0.05888687928053563	59.58376711845398	0.003884729575365782	1451520
9306112	9088	-0.666250139473239	0.4838365426468663	83.14704451751709	0.06433083887764554	54.73615452528	-0.0065284338966012	1454080
9322496	9104	-0.6604284094707109	0.48799181503383443	83.14678024291992	0.07378418593886309	55.52061852931976	-0.0030624484084546565	1456640
9338880	9120	-0.6711044599147281	0.49099506754754113	77.03959884643555	0.06704911092125092	49.83956565141678	0.002447680663317442	1459200
9355264	9136	-0.693901417126297	0.49267871473310515	69.65863571929931	0.07121173873633779	39.3195358979702	-0.0012452679686248303	1461760
9371648	9152	-0.6774594857030315	0.4951200371007435	67.38039151763915	0.06016164998134435	39.24472882032394	0.0011770059540867806	1464320
9388032	9168	-0.6918644559804816	0.49877001747814936	70.01400164031982	0.06698084132503143	41.26564143657684	-0.0024738447181880474	1466880
9404416	9184	-0.6778020320974756	0.5015670144776814	68.35743838500977	0.06602216860507647	44.19957777261734	0.010281531009823083	1469440
9420800	9200	-0.6759975603347411	0.5036374535183422	72.67516333770752	0.055143136734075816	45.728011770248415	0.0002339182049036026	1472000
9437184	9216	-0.6672598012187518	0.5069374315883033	74.4514905090332	0.06842004750551138	49.3557469367981	0.0019704553950577975	1474560
9453568	9232	-0.6756067712180084	0.5114365134532564	78.41066048431396	0.057192491671682145	52.92360760450363	0.0012058365624397992	1477120
9469952	9248	-0.679620409756666	0.5144307217733003	78.14612502288819	0.05326447103679024	46.74721757411957	-0.011019194778054953	1479680
9486336	9264	-0.675724419960985	0.5170774015323258	77.46911003112793	0.07581245396441644	47.598832495212555	-0.005764234252274037	1482240
9502720	9280	-0.6661442415668862	0.5210261558429338	79.41854148864746	0.05834598539973625	51.76721327781677	0.003974143899977207	1484800
9519104	9296	-0.6790617692882661	0.524429177722428	76.62401322937012	0.054157349871094995	52.18666298866272	-0.0015626338869333268	1487360
9535488	9312	-0.6673725957247661	0.5268391235382296	76.88549205780029	0.0567895708531328	49.98917319536209	-0.0002962519321590662	1489920
9551872	9328	-0.6910423650998855	0.5289921084851957	74.72046596527099	0.06155971387795576	45.16209940910339	-0.0013914507254958154	1492480
9568256	9344	-0.6920242728675948	0.5325168095664121	73.27131201934814	0.06076909655381933	47.382522575855255	0.003007367784157395	1495040
9584640	9360	-0.7021746556244325	0.5350166773186065	72.14450964355468	0.061365595138624156	42.11696936368942	-0.0039553334191441535	1497600
9601024	9376	-0.6796117170458892	0.5373650734410621	74.48086096191406	0.06279089437506848	45.7612646651268	-0.002310173511505127	1500160
9617408	9392	-0.6795199956109281	0.5403079681941308	76.38323751831055	0.059330493794529454	47.85450403094292	0.00670118922367692	1502720
9633792	9408	-0.6928401326816529	0.5442971013286151	70.91085669708252	0.061159521623664476	47.87198998212814	0.005943759195506573	1505280
9650176	9424	-0.6997919195508584	0.5478638034728356	76.83667056274415	0.07057483907460005	50.04832426309586	-0.006739844949916005	1507840
9666560	9440	-0.6726699603745947	0.548903034534771	71.68472151184082	0.06513383512121435	42.92307111501694	-0.0029416798613965513	1510400
9682944	9456	-0.6761709800699027	0.5504337862399407	69.90736455535888	0.06086095881990629	42.04622346162796	-0.0024539412930607795	1512960
9699328	9472	-0.6986082982430235	0.5538412747685798	72.65703963470459	0.05443937705506523	45.205882647037505	0.0016878079250454902	1515520
9715712	9488	-0.6982430859839078	0.5568430903782137	73.00619536590577	0.0513026644969803	47.12650550365448	0.0038724576961249113	1518080
9732096	9504	-0.6801254021693021	0.558481729649473	74.56282929992676	0.05848700180285549	46.085714795589446	-0.002745079193264246	1520640
9748480	9520	-0.6949714114503004	0.5603841567565687	70.268213722229	0.06669982880835085	41.65064264059067	-0.003832276705652475	1523200
9764864	9536	-0.7271982351315673	0.5637067885291762	72.16264749145508	0.06691839961494515	43.58269454717636	-0.0010000861622393132	1525760
9781248	9552	-0.6908019090523012	0.5662773113870062	69.26997515106201	0.05559402566897395	40.07878302335739	-0.002047048080712557	1528320
9797632	9568	-0.676261533705634	0.5679004939519801	73.85869994354248	0.06380442320851915	46.36197083950043	-0.002520386651158333	1530880
9814016	9584	-0.700464752286207	0.5690321836196818	75.29737742614746	0.064911263937453	48.213649728298186	0.00945691166445613	1533440
9830400	9600	-0.6987647977614543	0.5714362433464266	73.34917809295655	0.05506879329724457	47.73233226060867	0.005823151618242264	1536000
9846784	9616	-0.6941415890789358	0.5747035908079706	74.22082497406006	0.06739064451199266	48.39647452116012	0.0050352242030203345	1538560
9863168	9632	-0.6925353881532792	0.577429653686937	76.8500545501709	0.06061861347786862	52.70441596150398	-0.002349911145865917	1541120
9879552	9648	-0.6976386512572644	0.5794462691671215	73.62735694885254	0.057335892812988544	45.19828117728233	0.0004967460036277771	1543680
9895936	9664	-0.7100194481359795	0.5826682707644067	74.88511075592041	0.06393176953704362	43.78046503782272	-0.006894669216126204	1546240
9912320	9680	-0.7118625824888004	0.5856978102377616	74.49787023162841	0.05847294407264765	44.74715818881989	-0.00041902780532836913	1548800
9928704	9696	-0.7017018252136186	0.5884292675266042	69.09354973602295	0.060134256178032405	42.37992620706558	0.009007738493382931	1551360
9945088	9712	-0.6870076934734825	0.5904757504174486	66.5028141670227	0.06282469634764629	39.07539499759674	0.0035869391448795796	1553920
9961472	9728	-0.6922349566982593	0.5920629636654631	67.56847237396241	0.07337138323806555	40.03807410478592	0.0036570225283503533	1556480
9977856	9744	-0.6973380287592299	0.5949157410720364	72.70836559295654	0.06430219760433746	47.822034187316895	0.0009150119498372078	1559040
9994240	9760	-0.7306090360491071	0.5982084733927623	78.98068823242187	0.05942008931218362	55.88345540523529	0.0035051833279430866	1561600
10010624	9776	-0.7098689784307498	0.600090560295619	77.02325542449951	0.052195084809576076	49.87938116312027	-0.000134159829467535	1564160
10027008	9792	-0.7023771578471641	0.6021728619420901	78.74702687835693	0.058175718400012684	47.6239405965805	-0.009085571896284818	1566720
10043392	9808	-0.6992027228355874	0.6046155923241749	76.90591783905029	0.06394696391198948	45.45313414812088	0.0012312131933867932	1569280
10059776	9824	-0.7276497535437811	0.6076500314651058	76.81260731506347	0.05255143043092435	48.49304337024689	0.00028183333575725555	1571840
10076160	9840	-0.6992138195279985	0.6098127681640908	71.42684098815919	0.04921823355988697	46.44427828550339	-0.0001580791547894478	1574400
10092544	9856	-0.7125924847568386	0.6113078536717221	71.36493593597412	0.04901801905419144	44.40285579919815	0.0017154546827077865	1576960
10108928	9872	-0.6954357699127868	0.6134967815605924	73.54042063903809	0.06918200790258251	51.1522238111496	0.008745923563838005	1579520
10125312	9888	-0.6962418387997895	0.6158884372143075	78.54275094604492	0.05583561725513984	50.24934665441513	-0.001427283864468336	1582080
10141696	9904	-0.7116084078559652	0.6183787710545584	78.32781694793701	0.061607916263702975	51.551875138282774	0.002998418640345335	1584640
10158080	9920	-0.6834694582608063	0.6202615761337802	72.95999871826172	0.05770292304292705	47.83860009908676	0.003443712331354618	1587200
10174464	9936	-0.7201670615265612	0.6218802056191489	73.02919175720214	0.06747691242408994	46.46482598781586	0.00625085886567831	1589760
10190848	9952	-0.7131239282836904	0.6232967083929106	74.94930142211913	0.06861256210763635	46.181847567558286	0.0010999369993805886	1592320
10207232	9968	-0.7107718999752543	0.6248402059255168	71.55921619415284	0.04931779909442185	45.27003439307213	0.004596127644181252	1594880
10223616	9984	-0.7166294612546917	0.6272669689236209	71.78540253448486	0.06284856474652502	40.148866783380505	-0.011525579374283551	1597440
10240000	10000	-0.7066064780473243	0.6288052077470347	71.77621853637696	0.0621770124766536	48.13672028541565	0.007220280207693577	1600000
