steps	episodes	elapsed	mean	median	stdev	max	min	average_discriminator_loss	average_rewards	average_value	average_entropy	average_value_loss	average_policy_loss
10000	100	143.89073491096497	0.0	0.0	0.0	0.0	0.0	0.030630452773318842	-0.9269180538562628	-26.251492311477662	0.09249960666859988	49.85691068649292	0.9239674016833306
20000	200	286.94849014282227	0.0	0.0	0.0	0.0	0.0	0.028356620874733496	-0.8308470086791576	-36.82411499214172	0.03759915971240298	55.550860996246335	0.06886972576379775
30000	300	429.5272662639618	0.0	0.0	0.0	0.0	0.0	0.02638753670721482	-0.8282767693456422	-37.55696371650696	0.02116012688099727	53.85680980682373	0.7870209175348282
40000	400	571.9231488704681	0.0	0.0	0.0	0.0	0.0	0.027319467154880747	-0.7930907234549522	-24.283247557640074	0.14129990151926178	43.345598468780516	-0.19126579515635966
50000	500	714.7303993701935	0.0	0.0	0.0	0.0	0.0	0.027555971143719476	-0.7794879200366828	-33.408677434921266	0.10164584036757739	34.873969106674195	0.2398769137263298
60000	600	856.9911332130432	0.0	0.0	0.0	0.0	0.0	0.027300146265098683	-0.7977971726885209	-38.50615653514862	0.07621933508842871	25.75464418888092	-1.292774078398943
70000	700	1000.1571357250214	0.0	0.0	0.0	0.0	0.0	0.02696125203532068	-0.8157936062240775	-37.058220925673844	0.044793607082249505	12.511771962642669	0.74803381472826
80000	800	1144.5219631195068	0.0	0.0	0.0	0.0	0.0	0.026591894526779652	-0.8401723124027253	-43.13891635131836	0.039947352515724475	98.06710422515869	-0.6030329862236976
90000	900	1287.9286336898804	0.0	0.0	0.0	0.0	0.0	0.026365212458921105	-0.8615416316779206	-43.25287969230116	0.10233257319442064	51.969849023818966	1.8597021782398224
100000	1000	1431.4638793468475	0.0	0.0	0.0	0.0	0.0	0.02615183072997002	-0.8861124418990712	-44.5906987746954	0.07217377094756847	48.99254590034485	0.5702874225378036
110000	1100	1575.247061252594	0.0	0.0	0.0	0.0	0.0	0.02579993822604279	-0.9203968768000464	-49.52133485513926	0.05421908796654668	18.87675588607788	0.20513465851545334
120000	1200	1719.043847322464	0.0	0.0	0.0	0.0	0.0	0.02550145028618223	-0.9537058880705717	-50.33403950739652	0.03663809394513933	13.549329300522805	-0.7088981634005904
130000	1300	1862.3409831523895	0.0	0.0	0.0	0.0	0.0	0.02513174392096698	-0.9854276706278324	-58.48174574899674	0.05581732322280923	70.47110057830811	-0.7535135927796364
140000	1400	2005.4260351657867	0.0	0.0	0.0	0.0	0.0	0.024174454434774815	-1.0582605783343315	-61.60511518812179	0.04578287651746953	38.553159132003785	-0.15812195241451263
150000	1500	2148.512006998062	0.0	0.0	0.0	0.0	0.0	0.02362681414652616	-1.1350800088644029	-69.26427933979035	0.0481111760153198	16.810780034065246	0.12492947086691857
160000	1600	2292.0906233787537	0.0	0.0	0.0	0.0	0.0	0.023104020576924084	-1.2283487482666968	-77.68121159219741	0.040136672525931893	54.98442955970764	0.6824336436390877
170000	1700	2434.1179382801056	0.0	0.0	0.0	0.0	0.0	0.021998171495273708	-1.328948023200035	-71.91979572165012	0.029855489420080622	12.62533340215683	0.1284973980486393
180000	1800	2576.427025079727	0.0	0.0	0.0	0.0	0.0	0.021168600951321424	-1.4251872039437294	-86.98167228468508	0.06103080500590859	62.437565898895265	-0.5509878486394882
190000	1900	2718.912669658661	0.0	0.0	0.0	0.0	0.0	0.019964869614224882	-1.5620700612068177	-129.1562647485733	0.06349061984211879	116.531071434021	-0.6750625568628311
200000	2000	2861.7952382564545	0.0	0.0	0.0	0.0	0.0	0.018591460921103135	-1.7369572505354882	-120.47292672920227	0.08148850769349554	136.31147724151612	1.0814469774067401
210000	2100	3004.1129360198975	0.0	0.0	0.0	0.0	0.0	0.017357916299952193	-1.880065298140049	-118.13539543962479	0.07173379190091249	41.87937772750855	-1.4082553640007973
220000	2200	3146.394132375717	0.0	0.0	0.0	0.0	0.0	0.01674028926738538	-2.017036812067032	-93.40385623931884	0.026769828655573584	282.2193137359619	-3.691394822150469
230000	2300	3288.659407377243	0.0	0.0	0.0	0.0	0.0	0.016183639547089113	-2.0841661811470984	-78.72018899536133	0.0027901367655414565	169.5147681427002	0.1907869765162468
240000	2400	3431.8590331077576	0.0	0.0	0.0	0.0	0.0	0.015415531117701903	-2.1337480357289316	-79.85024538421631	0.0009324393371865738	195.54191520690918	0.07841968283057213
250000	2500	3573.7018790245056	0.0	0.0	0.0	0.0	0.0	0.014571009548613801	-2.179755368351936	-79.57686968231201	0.0016774953366215334	173.01927398681642	0.6152803528308869
260000	2600	3715.251286506653	0.0	0.0	0.0	0.0	0.0	0.013856509391451255	-2.2100159585475923	-80.12437841033936	0.001504112250124591	174.9680277252197	0.1308593210577965
270000	2700	3856.8419840335846	0.0	0.0	0.0	0.0	0.0	0.01304265661421232	-2.248519620537758	-94.70486045074463	0.0002466443758086502	240.93873123168945	0.9681847582757473
280000	2800	3998.1171748638153	0.0	0.0	0.0	0.0	0.0	0.012369981417199596	-2.285097438573837	-97.99617790985107	0.0009568079730833802	279.23416496276855	-0.6204982522130013
290000	2900	4139.147257328033	0.0	0.0	0.0	0.0	0.0	0.011695546955103055	-2.3140243244171144	-103.41473368835449	0.0007934235822812921	318.02571952819824	-0.5527182886004448
300000	3000	4280.615393877029	0.0	0.0	0.0	0.0	0.0	0.011132965344702825	-2.3571062294840814	-89.08640885317325	0.04736744961585907	126.1570336341858	5.627381583750248
310000	3100	4422.460425376892	0.0	0.0	0.0	0.0	0.0	0.010438116210745647	-2.413084359228611	-127.92169890022278	0.03763220820377694	281.40464935302737	-2.7751199126243593
320000	3200	4565.446975708008	0.0	0.0	0.0	0.0	0.0	0.01057262825896032	-2.384545859873295	-95.45990136945248	0.059184967658279915	120.4931286239624	3.2622337448596954
330000	3300	4708.1638879776	0.0	0.0	0.0	0.0	0.0	0.010735460314434021	-2.3423555136322975	-114.33997116705775	0.055316733490666486	144.69413721084595	-0.038074701130390166
340000	3400	4850.477075338364	0.0	0.0	0.0	0.0	0.0	0.010579569190274925	-2.3610955153107644	-147.35813112068178	0.18256376574674216	110.56174240112304	1.286359414756298
350000	3500	4992.765999078751	0.0	0.0	0.0	0.0	0.0	0.009765675259288401	-2.3769736821055414	-129.91614286220073	0.1547866500142603	89.19834064483642	3.0016175313293934
360000	3600	5134.893532037735	0.0	0.0	0.0	0.0	0.0	0.009067355478182436	-2.4703550112843513	-140.4082910940647	0.07633487788682718	79.87554052352905	-1.40925522595644
370000	3700	5276.979737043381	0.0	0.0	0.0	0.0	0.0	0.008617730007972568	-2.5784551619887353	-157.88177451449633	0.11926515870193895	106.70572380065919	-2.4389405393600465
380000	3800	5418.009387016296	0.0	0.0	0.0	0.0	0.0	0.008172666971338912	-2.6738430070281027	-135.5107892522812	0.06797531627672995	69.2086410522461	-0.23999311164021492
390000	3900	5559.7812349796295	0.0	0.0	0.0	0.0	0.0	0.007737321107415482	-2.7899505195021628	-166.8083192626834	0.13833770617973856	109.0959468460083	-5.271393542289734
400000	4000	5703.287917613983	0.0	0.0	0.0	0.0	0.0	0.00753932593204081	-2.90169244235754	-164.74837912237643	0.1264087488509027	190.6081283569336	3.283332422375679
410000	4100	5845.693428039551	0.0	0.0	0.0	0.0	0.0	0.007251033390872181	-3.048133681476116	-186.04365413665772	0.05483643007000957	79.8038459777832	2.129982163012028
420000	4200	5988.3354687690735	0.0	0.0	0.0	0.0	0.0	0.007005722726462409	-3.1854880074858665	-190.2059895865023	0.06812254154678869	302.31236488342284	4.2134945772588255
430000	4300	6131.051313400269	0.0	0.0	0.0	0.0	0.0	0.006446888248668983	-3.3123036172389986	-212.72553128051757	0.0833309197827285	630.661965637207	8.265050673484803
440000	4400	6273.267986059189	0.0	0.0	0.0	0.0	0.0	0.006139197007752955	-3.4983806931972503	-218.23496920776367	0.013708760068274487	76.96891936302185	-0.35221301078796385
450000	4500	6415.0343317985535	0.0	0.0	0.0	0.0	0.0	0.005597286585951224	-3.649146781682968	-143.4443140618801	0.02020021826882556	113.49699472427368	7.618551354408265
460000	4600	6557.073117256165	0.0	0.0	0.0	0.0	0.0	0.0049750534738413985	-3.8353666224479674	-221.64713110733032	0.020702520721084108	315.2197169494629	-1.3524574914574623
470000	4700	6699.356994628906	0.0	0.0	0.0	0.0	0.0	0.004654057424631901	-4.005311392784119	-191.37192722511293	0.01329413924540839	247.65713871002197	1.1233455038070679
480000	4800	6842.828415632248	0.0	0.0	0.0	0.0	0.0	0.0042509888423956	-4.2526310505867	-278.77540037155154	0.046452164363454944	479.5546243286133	-0.43609800219535827
490000	4900	6984.746540784836	0.0	0.0	0.0	0.0	0.0	0.0038767350178095512	-4.520240735292434	-261.1214984664917	0.013339572082423708	590.9909907531738	1.9436611109972
500000	5000	7127.291812181473	0.0	0.0	0.0	0.0	0.0	0.00364709274697816	-4.758691028118133	-259.334621383667	0.011406417238300477	603.1456021118164	1.0108628231287002
510000	5100	7268.968532085419	0.0	0.0	0.0	0.0	0.0	0.003358650687907357	-4.970126116752625	-308.4818196258545	0.04201811948613933	1785.8615631103517	5.809235285520554
520000	5200	7410.207832574844	0.0	0.0	0.0	0.0	0.0	0.0030393805516068825	-5.264523600816727	-342.1045719528198	0.03383667836320836	1411.941552734375	-0.6440536224842072
530000	5300	7551.442395448685	0.0	0.0	0.0	0.0	0.0	0.0027434251754311846	-5.568376997470856	-337.80658630371096	0.014192028540290648	2054.0743237304687	-0.6274399715662002
540000	5400	7692.544207572937	0.0	0.0	0.0	0.0	0.0	0.0025705083460197784	-5.781550875902176	-267.5265803604126	0.0008749819167990366	1134.325785522461	0.10888788104057312
550000	5500	7833.9786767959595	0.0	0.0	0.0	0.0	0.0	0.0023605582886957566	-5.981011845827103	-299.29472602844237	0.007243030088300316	1160.1874108886718	1.239192368388176
560000	5600	7976.223267316818	0.0	0.0	0.0	0.0	0.0	0.00220459531043889	-6.205287529230118	-309.7001916656494	0.0023047491936064963	1439.6932836914064	-1.5447504478693008
570000	5700	8117.4607837200165	0.0	0.0	0.0	0.0	0.0	0.0020671675609773956	-6.386820608377457	-304.10699936676025	0.0017536597547428902	512.0953842163086	-0.4103268775343895
580000	5800	8258.559329032898	0.0	0.0	0.0	0.0	0.0	0.0019916940654511562	-6.509959518909454	-278.24312665557864	0.0005942881368615347	435.86099044799806	-0.13156517386436462
590000	5900	8399.924966573715	0.0	0.0	0.0	0.0	0.0	0.0019612861220375637	-6.620680686950684	-285.37650101470945	0.0008737209901492571	500.0313594055176	1.644003377854824
600000	6000	8540.803085565567	0.0	0.0	0.0	0.0	0.0	0.0018661453750100918	-6.7255232725143435	-286.10756312561034	0.0028035875473266564	539.8302337646485	-1.7593210405111313
610000	6100	8681.903313875198	0.0	0.0	0.0	0.0	0.0	0.0019395720435422844	-6.692242117643357	-275.69306957244874	0.024265668157615636	430.2108660888672	0.47666312992572785
620000	6200	8822.681664943695	0.0	0.0	0.0	0.0	0.0	0.001939165185263846	-6.6859970009326934	-280.96114054870606	0.014716781230627361	554.3380854797364	1.4482831540703773
630000	6300	8964.133665561676	0.0	0.0	0.0	0.0	0.0	0.0018136301559570711	-6.752722122430802	-300.94444348907473	0.012260477520057421	707.9554946899414	-0.34543709754943847
640000	6400	9105.937227487564	0.0	0.0	0.0	0.0	0.0	0.0018278962930489797	-6.785811914205551	-279.6457816467285	0.003714471403409669	915.9027401733398	-0.10688198029994965
650000	6500	9246.304989337921	0.0	0.0	0.0	0.0	0.0	0.0019215999372827355	-6.5746368710994725	-185.67216533088683	0.0408441139572148	193.26747011184693	0.15705618500709534
660000	6600	9386.958515167236	0.0	0.0	0.0	0.0	0.0	0.001967498218000401	-6.352695897817612	-223.03094491767882	0.03026685780582502	500.5766732788086	-1.3099078559875488
670000	6700	9527.40220117569	0.0	0.0	0.0	0.0	0.0	0.0020033973200188483	-6.189912680625915	-203.82551358407736	0.050183529440179696	464.4845825195313	0.43353979766368866
680000	6800	9667.872762441635	0.0	0.0	0.0	0.0	0.0	0.0020316842514730526	-6.0642663812637325	-224.27970837020874	0.02791611443415445	416.0169170475006	0.5371450960636139
690000	6900	9808.060433149338	0.0	0.0	0.0	0.0	0.0	0.0021813323398528154	-5.861363070607186	-194.42355969572068	0.034809612557954624	379.224695892334	-0.8919441440701484
700000	7000	9949.090057134628	0.0	0.0	0.0	0.0	0.0	0.002232361031783512	-5.694466855168343	-209.3733235105276	0.03050550138755851	288.07866737365725	-6.765555861890316
710000	7100	10089.998441934586	0.0	0.0	0.0	0.0	0.0	0.002293853318406036	-5.572592144846916	-207.12019805824755	0.049138446571700266	81.63495250701904	0.7503308805823327
720000	7200	10232.449571609497	0.0	0.0	0.0	0.0	0.0	0.002412426355731441	-5.426546590685844	-168.2234133491516	0.002312247932246847	26.560217809677123	2.157656656652689
730000	7300	10374.003301858902	0.0	0.0	0.0	0.0	0.0	0.0023785557488154156	-5.308799857735634	-206.48958780193328	0.030569669106598092	162.3603833770752	-0.1765803188085556
740000	7400	10515.020123004913	0.0	0.0	0.0	0.0	0.0	0.0024872002397023606	-5.211637776732445	-224.12528581595421	0.06433137066754951	346.7103252029419	1.2826269191503525
750000	7500	10656.195989370346	0.0	0.0	0.0	0.0	0.0	0.002535864147008397	-5.123183306574822	-221.6429832572937	0.031246182363735414	346.16918922424315	0.7554779905080795
760000	7600	10797.344742536545	0.0	0.0	0.0	0.0	0.0	0.002681531502516009	-4.959770566344261	-209.4830743751526	0.017376339112600673	31.885065779685974	0.051197520196437835
770000	7700	10938.91284441948	0.0	0.0	0.0	0.0	0.0	0.002680995247210376	-4.856885307431221	-220.39383041286467	0.01091485546163668	13.496281552314759	-0.6533240205049515
780000	7800	11080.24213218689	0.0	0.0	0.0	0.0	0.0	0.0027645753721008077	-4.90543271791935	-171.31478964233398	0.009746147914449966	108.93644428253174	3.1633066740632056
790000	7900	11221.482820272446	0.0	0.0	0.0	0.0	0.0	0.002729259396553971	-4.932510978102684	-221.4475261759758	0.0030625844110454066	0.4193212306126952	-0.05038239982910454
800000	8000	11363.726763486862	0.0	0.0	0.0	0.0	0.0	0.0027476822616299616	-4.986091402888298	-227.89466254138947	0.010787085387837193	29.861698110103607	-0.29338922053575517
810000	8100	11504.258840322495	0.0	0.0	0.0	0.0	0.0	0.0028637480444740505	-4.9953687866926195	-146.77900156596303	0.004777215998456461	121.60590789794922	5.5800554126501085
820000	8200	11645.18663740158	0.0	0.0	0.0	0.0	0.0	0.002745765785686672	-5.053620159387589	-228.53871539115906	0.03136616856068908	290.27793495178224	0.8838550180196763
830000	8300	11786.538838863373	0.0	0.0	0.0	0.0	0.0	0.0026495787812164055	-5.147915050029755	-239.9094487876892	0.021565734438368723	220.78362955093382	1.6268234764039518
840000	8400	11927.249935865402	0.0	0.0	0.0	0.0	0.0	0.002600200055516325	-5.259956127166748	-266.4183934860229	0.027911908744648693	475.8155073547363	-0.5903033643960953
850000	8500	12066.961979866028	0.0	0.0	0.0	0.0	0.0	0.0025516519725788385	-5.328040532588958	-252.41346220600605	0.03700772726433113	436.0152935791016	-2.0018309956789015
860000	8600	12206.936621189117	0.0	0.0	0.0	0.0	0.0	0.002504426154657267	-5.44168555021286	-268.7678519744873	0.03223472006078603	612.2415165710449	-0.6219495117664338
870000	8700	12347.177807092667	0.0	0.0	0.0	0.0	0.0	0.002400568295735866	-5.575640012025833	-278.1901459300518	0.026801152250448743	766.3455864715576	3.066809034645557
880000	8800	12489.047260284424	0.0	0.0	0.0	0.0	0.0	0.0024168673591921106	-5.653478668451309	-214.77492410469054	0.011251683715293514	116.27027549743653	1.7929415091872216
890000	8900	12629.868511676788	0.0	0.0	0.0	0.0	0.0	0.0022769682516809555	-5.767949158906936	-256.27146890640256	0.022184288394665245	900.9247616577148	0.9909019106626511
900000	9000	12770.396616697311	0.0	0.0	0.0	0.0	0.0	0.0022327889305306598	-5.859365531682968	-267.9080119628906	0.014206965872072515	759.6918301391602	0.9750536787509918
910000	9100	12910.127168416977	0.0	0.0	0.0	0.0	0.0	0.0021833444176008925	-5.96320566868782	-223.08601084899902	0.014734793391850229	491.81172241210936	1.7760685822367668
920000	9200	13050.121181488037	0.0	0.0	0.0	0.0	0.0	0.002144947454449721	-6.023320709943771	-254.6083600463867	0.01374781752114104	499.4077211380005	0.033788439035415646
930000	9300	13190.754187822342	0.0	0.0	0.0	0.0	0.0	0.00210712540068198	-6.090179916620254	-264.9789318199158	0.015723975469772913	602.9628503799438	-0.4499774546176195
940000	9400	13331.080649375916	0.0	0.0	0.0	0.0	0.0	0.00203858223836869	-6.136504223108291	-226.95061828041077	0.014534059366587183	381.9375082778931	1.3021127413213254
950000	9500	13472.384118556976	0.0	0.0	0.0	0.0	0.0	0.0020092080913018434	-6.186096573114395	-259.62375870132445	0.03079492316576045	805.3682556915284	-2.0878486570715906
960000	9600	13614.91474199295	0.0	0.0	0.0	0.0	0.0	0.001990603435726371	-6.241089787721634	-267.2894526824951	0.024556416226368068	315.87224067687987	0.1825222107768059
970000	9700	13756.021481275558	0.0	0.0	0.0	0.0	0.0	0.001998449962295126	-6.225096138477325	-234.85913367271422	0.0204514872996266	396.10801437377927	0.1935211332142353
980000	9800	13897.130717515945	0.0	0.0	0.0	0.0	0.0	0.0019967179084778765	-6.260641135692596	-260.54303441619874	0.01701936525104132	418.1276882171631	2.0513295286893847
990000	9900	14038.075295448303	0.0	0.0	0.0	0.0	0.0	0.0019953610051306895	-6.273491822242737	-271.31204509353637	0.021754839148412603	548.4154942321777	1.4404845678806304
1000000	10000	14179.04167842865	0.0	0.0	0.0	0.0	0.0	0.0020441961340256967	-6.248926057100296	-270.3768254432678	0.019572371755943813	836.3575833129883	-16.079589395523072
