mean_dist	min_dist	max_dist	agent_within_SS	expert_within_SS
452.75144100883153	398.6692217046215	524.3473865667096	32.431432313000826	7.765060702991739
312.04558404538426	241.95355329994098	365.15929954676625	24.78351860953064	7.765060702991739
281.4792352277571	208.6415993246761	331.45902091655336	32.965892323574465	7.765060702991739
260.4471884703097	180.48422629913435	322.60470883241027	37.252427041723614	7.765060702991739
234.03026168723437	136.5472909060663	357.2325424082528	56.34295926688618	7.765060702991739
309.7014371394654	241.63033314151613	357.3253787973831	27.95483873539996	7.765060702991739
373.59746508339737	181.15753569905507	488.47741145109495	57.46707638857846	7.765060702991739
362.23457344944194	240.61020282419702	480.9383805323218	53.742371551112385	7.765060702991739
411.02585399176456	249.70784551119655	575.6327826397279	53.78721516532663	7.765060702991739
320.7727102505432	147.84522745983995	480.84514843814856	92.39054837267794	7.765060702991739
302.7769707657635	183.66408789275985	394.20829141227506	41.011092633378965	7.765060702991739
227.27100426400753	115.39268393702278	331.31625013269127	55.229151071927355	7.765060702991739
338.2340160839935	242.41161970278796	474.89574756823714	50.31435694678123	7.765060702991739
459.69544087418626	11.050449342755721	1655.5126632442407	528.0699349756003	7.765060702991739
498.2986783900924	439.3589978392357	575.8933875549109	30.369171497278206	7.765060702991739
817.6742035256984	26.65230692159281	4075.746642610015	1328.2853506114914	7.765060702991739
444.7141720346908	10.34366122776707	4075.746642610015	786.2985024726602	7.765060702991739
3667.7607801046306	68.01684840292636	4075.746642610015	724.0903562401588	7.765060702991739
4069.9875645649317	4058.5341988464684	4075.746642610015	0.0	7.765060702991739
4069.9875645649317	4058.5341988464684	4075.746642610015	0.0	7.765060702991739
4069.9875645649317	4058.5341988464684	4075.746642610015	0.0	7.765060702991739
4069.9860584175453	4058.5195383546384	4075.746642610015	0.3117691453623979	7.765060702991739
4069.9875645649317	4058.5341988464684	4075.746642610015	0.0	7.765060702991739
4069.9875645649317	4058.5341988464684	4075.746642610015	0.0	7.765060702991739
4069.9875645649317	4058.5341988464684	4075.746642610015	0.0	7.765060702991739
4069.9875645649317	4058.5341988464684	4075.746642610015	0.0	7.765060702991739
4069.9875645649317	4058.5341988464684	4075.746642610015	0.0	7.765060702991739
4069.9875645649317	4058.5341988464684	4075.746642610015	0.0	7.765060702991739
4069.9875645649317	4058.5341988464684	4075.746642610015	0.0	7.765060702991739
4069.9875645649317	4058.5341988464684	4075.746642610015	0.0	7.765060702991739
2441.4410480617125	34.89978326286385	4075.746642610015	1990.1027958106083	7.765060702991739
3660.698422807863	742.3197331047415	4075.746642610015	751.0847491890136	7.765060702991739
2849.731813890107	741.9178367438631	4075.746642610015	1751.6216242054657	7.765060702991739
4069.9845596406367	4058.5195383546384	4075.746642610015	0.5542562584220407	7.765060702991739
4069.9875645649317	4058.5341988464684	4075.746642610015	0.0	7.765060702991739
4069.9875645649317	4058.5341988464684	4075.746642610015	0.0	7.765060702991739
4069.9875645649317	4058.5341988464684	4075.746642610015	0.0	7.765060702991739
3252.5284924964185	24.964523600710667	4075.746642610015	1307.9947215417571	7.765060702991739
3663.0504513010937	24.141159974467342	4075.746642610015	732.5159267889806	7.765060702991739
2436.171870476451	6.5701461367689715	4075.746642610015	1960.639255265943	7.765060702991739
4069.9875645649317	4058.5341988464684	4075.746642610015	0.0	7.765060702991739
3660.5618702563634	38.974284750266705	4075.746642610015	737.0113393970912	7.765060702991739
4069.9860584175453	4058.5195383546384	4075.746642610015	0.3117691453623979	7.765060702991739
4069.9875645649317	4058.5341988464684	4075.746642610015	0.0	7.765060702991739
3661.9123994326137	33.25062656051261	4075.746642610015	734.5823817653129	7.765060702991739
4069.9875645649317	4058.5341988464684	4075.746642610015	0.0	7.765060702991739
4069.9875645649317	4058.5341988464684	4075.746642610015	0.0	7.765060702991739
4069.9860584175453	4058.5195383546384	4075.746642610015	0.3117691453623979	7.765060702991739
4069.9845596406367	4058.5195383546384	4075.746642610015	0.5542562584220408	7.765060702991739
4069.9875645649317	4058.5341988464684	4075.746642610015	0.0	7.765060702991739
4069.9875645649317	4058.5341988464684	4075.746642610015	0.0	7.765060702991739
4069.9875645649317	4058.5341988464684	4075.746642610015	0.0	7.765060702991739
4069.9875645649317	4058.5341988464684	4075.746642610015	0.0	7.765060702991739
4069.9875645649317	4058.5341988464684	4075.746642610015	0.0	7.765060702991739
4069.9875645649317	4058.5341988464684	4075.746642610015	0.0	7.765060702991739
4069.9875645649317	4058.5341988464684	4075.746642610015	0.0	7.765060702991739
3663.561758978458	34.125381560748394	4075.746642610015	731.6177223113176	7.765060702991739
3661.6512341566877	25.18180774521501	4075.746642610015	735.0352730311654	7.765060702991739
3663.207241674579	27.170895370180126	4075.746642610015	732.244225651524	7.765060702991739
3255.5998036713486	20.66594463586879	4075.746642610015	1303.0709747575452	7.765060702991739
433.20436570590425	26.637667340354973	4075.732044031699	744.8770600519244	7.765060702991739
453.8393808294082	6.881709476400251	4075.732044031699	793.0861139396577	7.765060702991739
168.42629159409807	2.6981409581557765	439.80810583824854	198.96798742875075	7.765060702991739
416.4061508843214	3.86263986334261	4075.746642610015	731.3159070422502	7.765060702991739
2441.8274481937724	20.132159943917646	4075.746642610015	1953.9076466939994	7.765060702991739
28.42235922792402	11.587051650619156	72.68231348056632	19.11997839738515	7.765060702991739
31.074033807161452	2.879761774265734	73.59784456415453	17.519809022309918	7.765060702991739
14.366701340118306	1.203653035011108	49.478364135055934	12.469358010840955	7.765060702991739
11.740198432826041	0.7445324965036091	61.151105494113686	13.706429057662675	7.765060702991739
5.287915676070049	1.013982515629371	32.18101683427069	9.179527018979424	7.765060702991739
4.901754882735117	0.40969448238043343	41.81257890649614	9.81408090457315	7.765060702991739
5.638587547857982	0.5744160320562749	51.45025240363953	12.546956291437926	7.765060702991739
7.977309337953582	0.5046606001024205	41.53440089859136	7.195310211383886	7.765060702991739
3.4992932940824106	0.38365494123492666	31.074648359540863	5.5642775206843655	7.765060702991739
16.757034167431637	0.8244156020079847	48.65205379545949	11.739614206910016	7.765060702991739
8.013634826771645	0.4188944409562779	42.61525287252522	10.374672274762313	7.765060702991739
4.040625609077727	1.1599504439435446	40.180842783784726	7.161573580538534	7.765060702991739
9.201878229944612	0.7291293764084997	46.00759201041593	6.77399375670106	7.765060702991739
13.007381777844527	0.5353348121211652	45.25821272160911	4.134922870139564	7.765060702991739
12.92624272641388	1.0491726996658228	55.04649771449864	8.872726918424501	7.765060702991739
11.998745566822107	1.5114306001291682	44.445740707218945	4.32483767563237	7.765060702991739
9.897467405312018	1.0721063176854395	46.70089096266539	8.898598183949716	7.765060702991739
8.55878380894268	0.3889131452528989	43.40842530994004	6.7069926605317605	7.765060702991739
4.924297806349583	0.4487453081014296	41.80940151781697	6.286531985258888	7.765060702991739
8.079463674248126	1.0293519129363398	42.37056855273538	6.720951473544123	7.765060702991739
8.261453433465936	0.6235593498622026	45.860427391722844	7.175788695367755	7.765060702991739
6.556316946819804	0.6581142747687297	43.913515130580215	7.064511874349662	7.765060702991739
7.366904779494263	0.2689174412569268	43.89794121206896	8.100476583045067	7.765060702991739
1.9851614032583949	0.059467501155121415	45.84947466715392	9.330749298926323	7.765060702991739
9.40096030468643	0.09287491722939394	43.51390107249941	5.880897063790309	7.765060702991739
11.723623349499077	1.2489476251787472	45.07295366805661	5.191905459158514	7.765060702991739
11.543187858322861	0.5461059708789032	44.77110171655183	5.718794239217922	7.765060702991739
14.3333469228805	1.3407003822497767	47.422140828145025	6.1661359953499	7.765060702991739
13.075488677516361	0.22821954028376584	45.0490964680068	4.51879936371669	7.765060702991739
16.08345181186939	0.853793573420861	54.343945462677674	5.009646394161358	7.765060702991739
14.591323167979837	0.43872680551602944	52.06683391548695	5.001070843134235	7.765060702991739
15.218119737157927	1.695240422987087	46.549257054474694	4.972076739962602	7.765060702991739
15.725468476943583	1.0236542365068657	47.842689942496875	4.904044530239572	7.765060702991739
14.317614694301701	1.112837921100044	46.94642112117594	6.050100298594948	7.765060702991739
17.653074157264626	5.056724974942313	53.04232737757499	4.158936953794029	7.765060702991739
16.203910689940148	2.0932418712412035	46.95016791004649	4.058236455031997	7.765060702991739
16.75352670039439	2.2485347075139708	47.390121258158175	4.681897190298736	7.765060702991739
17.689289778699283	1.516535007875836	54.67288245597569	4.764343005914317	7.765060702991739
13.899494235908143	1.040021835094068	46.677352645966195	6.060744065003683	7.765060702991739
16.992028419916377	4.131895338173629	48.32218862005522	4.472151838635561	7.765060702991739
16.150593226245807	1.4298710389051235	54.30305431923693	6.537555694609134	7.765060702991739
16.96384822285249	5.004230256201648	47.84559367785947	4.154820640378426	7.765060702991739
14.996158462341112	2.002621765756711	46.54607598963357	5.518250768447839	7.765060702991739
14.83343701297851	1.3269885406234858	47.563596551973134	6.595715974832484	7.765060702991739
15.815578181903202	1.1884171671984252	47.860708562092036	5.942824543413814	7.765060702991739
14.886529116121665	1.1439215572781343	47.575178551611586	6.509510474950662	7.765060702991739
14.476488785665694	0.4268492996374835	47.4048072942086	6.800599550165648	7.765060702991739
14.958241396740524	1.0449657954262814	47.84836055685475	7.056614308959842	7.765060702991739
14.519732358043516	2.174876940113107	53.04950371546918	7.00459098513312	7.765060702991739
16.494939051359978	0.28984012666215636	46.66770771936452	4.1434792078494125	7.765060702991739
17.595087479370992	4.211817507015894	47.85011685194577	3.6837874915710933	7.765060702991739
17.10309240689745	5.014611374237917	47.44691684494738	4.348611110251113	7.765060702991739
18.60825703325143	6.0205878818947625	55.17336040487104	4.075180755114376	7.765060702991739
18.355778414983796	5.0795770279651205	47.909032252522316	3.3156484808083677	7.765060702991739
21.527502960372047	6.548730328573575	55.95644850947004	5.079658298664976	7.765060702991739
17.91303099843005	3.3717510597518436	54.71747424566492	5.694490752511536	7.765060702991739
17.792635740058405	4.02384723087208	55.43901265081354	6.207820418237776	7.765060702991739
18.8946949364935	1.5097831277391072	55.102237280363106	4.312646925910423	7.765060702991739
19.34565518296378	4.520008355048398	54.849451809392	4.584351359102573	7.765060702991739
18.337670037575844	1.7708921099025583	55.07498577700077	5.374390951370603	7.765060702991739
17.004743367821924	5.102518253198202	47.47102292713191	4.141824758068774	7.765060702991739
16.73341306728571	3.060933215342102	47.86992371848514	4.570155547746852	7.765060702991739
14.333891255311224	0.5671372080390601	47.40799502568919	5.947141365362373	7.765060702991739
14.13305789776832	1.1314884016476494	47.38184367593338	6.131212453189434	7.765060702991739
16.361798052410254	0.9947936822624859	54.83290907944401	6.522944431151944	7.765060702991739
15.953523457217127	1.539176627988552	55.061688297608505	6.516338414478533	7.765060702991739
14.737341920303717	1.9446417668693112	46.15868137384366	5.0238450154058745	7.765060702991739
14.188987730673956	1.2486482709845617	46.54347698784797	5.958226382934979	7.765060702991739
13.41019705980623	0.6292835625247741	47.141221006438116	6.243582634488244	7.765060702991739
17.036474954477967	1.4408162661829622	47.875760382188645	3.6974293171372876	7.765060702991739
17.126762106993333	0.5017744242778625	47.863627307922854	3.8046812646872885	7.765060702991739
16.872640084314042	4.307869305756403	54.348620655854596	4.632521365660254	7.765060702991739
14.173838987637382	0.7739075921109151	47.4124542385011	5.7549964326844405	7.765060702991739
16.61655927265594	3.262818905170442	47.893763746159664	5.172282978664279	7.765060702991739
14.934437727879114	1.0103669258473564	55.45856782171267	6.5620368892301	7.765060702991739
18.4413853107423	4.248313247493787	53.97921577244074	4.242374595554006	7.765060702991739
16.42355847865905	0.8932571404339339	46.98312461602128	3.213229051348256	7.765060702991739
16.7519523739665	1.7934212424313958	54.40244111815182	3.8855661656209457	7.765060702991739
14.870517960240672	1.0871140024106478	46.96402640402468	5.169495792601425	7.765060702991739
14.34781080018694	1.1960864409245866	46.53900473817592	5.28073833784171	7.765060702991739
14.497389602327857	4.050051752363792	46.95441384671593	5.558862718305692	7.765060702991739
13.692666516892263	0.4037669826616754	46.55376361233143	6.236552069087581	7.765060702991739
15.47606895627475	1.6107309226045705	46.53490135899687	3.803144703629543	7.765060702991739
15.95964481226058	2.1187178539849634	46.557463846953766	2.9433892390956418	7.765060702991739
16.516858486783523	1.468762928783302	46.576165785160555	2.8029440037526223	7.765060702991739
16.158382831935395	1.903397987539534	53.12501448967073	3.8742639515926944	7.765060702991739
16.613019497681904	1.6538347781696394	53.98128264328276	3.7114912985379247	7.765060702991739
12.873524426238182	0.6751253018588215	45.76764509223579	5.896786099309493	7.765060702991739
16.652094541704223	0.7720065138922143	55.90501754081168	6.3949367349887885	7.765060702991739
17.666024410452923	0.8608263239934709	55.137762627178674	5.15345682639503	7.765060702991739
14.424945953971795	0.5287990319961237	46.68659953676831	4.3345768917854555	7.765060702991739
14.008602493421272	0.5837883141318774	52.033162668203374	6.484842766402123	7.765060702991739
14.254822150458159	0.3870205560818716	47.119620540732114	5.575752465146751	7.765060702991739
13.465006238972967	0.5545860388177397	50.55918619739085	6.808830213925043	7.765060702991739
13.256477274184656	0.6221981916555295	51.42225768360545	6.960727914174233	7.765060702991739
16.4083057969988	1.6295174751527537	53.972064569193876	5.240245213752724	7.765060702991739
13.209406683284563	0.3757452774154951	46.72836294603864	5.96199462750977	7.765060702991739
14.435382830770198	1.111681808587239	46.96240509651481	4.9606844525053955	7.765060702991739
13.118306511717956	0.3815284270835497	47.39927601657779	6.419017737236696	7.765060702991739
8.604478148579485	0.2915732016845577	45.379262204073235	6.33925376536167	7.765060702991739
14.504346706747624	0.42841397987549534	44.44438300831078	7.027937803451844	7.765060702991739
8.758893194809318	0.26852935784343046	44.31127300678117	8.995425796592578	7.765060702991739
10.786593966151507	0.13497414525856644	45.52761217000635	7.902064477166187	7.765060702991739
12.74812442501682	0.43076095424077643	46.945175939583564	5.758849222058073	7.765060702991739
12.732894510195077	2.2015386121098173	45.05319044262034	5.644596116797136	7.765060702991739
14.69708366857073	0.7245333694600036	46.54679461325157	4.4386531264361055	7.765060702991739
15.485085907994064	0.7642916224357931	54.33077304874027	5.018245736847546	7.765060702991739
15.990500064149167	0.9738755299259814	53.0625111404239	5.632117341112662	7.765060702991739
16.24603450744758	1.3474741152842118	53.98243578863889	6.892792665774057	7.765060702991739
14.134639342490148	2.045933930583263	45.21680825295125	3.623295072499336	7.765060702991739
13.136225701961482	1.0931102506761101	45.06448230230755	5.868634154479363	7.765060702991739
12.302559365292966	0.17353558060923693	45.04137698765444	5.337795552668383	7.765060702991739
9.578761519873305	0.10144749273241721	44.768748895647356	6.206264462188524	7.765060702991739
13.971245660300077	0.26442255185977964	45.22088239977031	3.0590813604144684	7.765060702991739
15.118878695949299	0.56092850747494	54.47950231212976	5.383781977613069	7.765060702991739
16.383866453820012	1.0516766812848823	54.07454554829029	6.370259332663563	7.765060702991739
13.287497645551124	0.5991894223138813	45.87413444565868	5.6109343242980065	7.765060702991739
13.277323543895015	0.16144080005270225	53.67017601766359	7.1130888938811365	7.765060702991739
12.064400429982857	0.31902877583063266	45.047394655869965	5.497951514410881	7.765060702991739
12.361394587262902	0.5668385602429964	45.86453049490721	7.077803814285026	7.765060702991739
10.978347636417137	0.30418232628975383	44.764284719191465	5.9672093975023275	7.765060702991739
12.93718718274828	0.5846712872070483	45.05277660987983	5.113023577352061	7.765060702991739
13.499514158624756	0.49834156187157214	46.961435785228296	5.368144804545111	7.765060702991739
12.095939908729775	0.15910822767153077	55.059157982879825	8.182523386248238	7.765060702991739
11.44370614332718	0.35369218115690865	45.75256655831815	5.939037551943377	7.765060702991739
9.006761830435412	0.23406122971361484	45.757278113485754	7.48419757418759	7.765060702991739
11.118799760452072	0.1940758103578508	44.76009257972671	4.959211981054648	7.765060702991739
11.367771495985133	0.3681882063221222	44.75752129638271	5.804696454030627	7.765060702991739
16.881310565912905	0.8294172514714638	53.645746728645506	6.209205797637765	7.765060702991739
13.798249584865813	0.7360850407528187	52.04336795299828	4.817187680846862	7.765060702991739
16.58146353499321	1.1302347885241435	53.854059100480534	5.826622551641831	7.765060702991739
15.479822949424959	1.8192613977402405	53.038183715988254	7.640986047344053	7.765060702991739
12.770894816657105	0.3130512161106021	53.407662045376014	6.511474855084133	7.765060702991739
14.771068415489623	0.3876423715783226	51.59911621894591	5.330969015423532	7.765060702991739
13.734558233676397	0.017841961111988634	45.77173362514998	3.2570931848411186	7.765060702991739
11.447499670964321	0.10715557049029126	43.90853838700094	4.721638328373643	7.765060702991739
10.934403631594954	0.1180817440196896	44.777840734456596	6.199771707150999	7.765060702991739
12.029332659461922	0.23190863491439043	46.1274464114935	4.488756253459923	7.765060702991739
12.310987875723598	0.39222125032545785	44.764038826059725	4.569001040301603	7.765060702991739
13.566762332404034	0.2875710656845943	45.061014154439874	3.9191981567935548	7.765060702991739
13.53912975111865	1.2747824594461752	47.41156158664595	4.074408453742682	7.765060702991739
12.893547460897045	1.1868154599321759	45.48595452426057	5.433696021450034	7.765060702991739
14.99445495460725	0.8476403720488144	52.067155601012395	3.6520852488589064	7.765060702991739
13.440503473710116	0.6650129417248164	45.77294046701942	4.064502931121079	7.765060702991739
15.242856461930925	0.09112536063638454	53.72861313313722	4.9196598639009785	7.765060702991739
13.803729100876932	0.4638684932445474	46.97575395629302	5.920030615261884	7.765060702991739
20.090927067945998	1.6535020795248478	54.72628978873645	5.041538572884756	7.765060702991739
15.639265489966693	0.7684899813846626	53.06316033050956	6.015438456157488	7.765060702991739
16.0187395589556	1.8029842204435493	53.38771207234235	5.217091300554248	7.765060702991739
13.015295759323433	1.1292284822426104	45.07730116311821	6.337344251279556	7.765060702991739
14.495506883296985	0.9282801001614436	59.700029106498064	8.600885154304326	7.765060702991739
11.671786292376739	1.0122683110588926	55.09539924930436	7.638100374040727	7.765060702991739
12.525064020485997	0.07560232495780546	45.241463123001076	5.188599741350169	7.765060702991739
9.567334128703314	0.8369817068114558	45.72380262346444	7.463818384965933	7.765060702991739
14.92417556718243	1.4603060620504327	52.01600465299465	6.229613566014085	7.765060702991739
12.961304098646867	1.133792165757794	46.150962767708094	5.694085777674118	7.765060702991739
15.458582483214673	1.8347132667681334	53.07975150025739	6.664358462183455	7.765060702991739
14.634292781980871	1.5102988436987377	53.11022565691902	5.511618187069064	7.765060702991739
12.458612474477013	0.3229975799063053	52.80089942904873	6.883801268689652	7.765060702991739
12.410903023141815	1.0190767062626556	46.18564284448245	6.426331466113851	7.765060702991739
9.697382772009956	0.016313524229053213	46.15786763434881	7.338136114725701	7.765060702991739
8.691840044417548	0.3854078305437793	46.9617745729805	6.680016504215921	7.765060702991739
12.8089924971636	0.5566851542312915	53.049342021026845	7.888197151060245	7.765060702991739
18.74515625707739	1.4742068506291315	55.04863024894004	6.8395966139033515	7.765060702991739
13.310842380599754	2.735629380039515	53.47130842159269	10.189542488826026	7.765060702991739
14.803168692036168	1.0150480517021079	53.05165067425923	10.576594972898977	7.765060702991739
41.187191095815635	1.6744775716243057	78.35868887297188	19.22547014036026	7.765060702991739
22.56132062702138	4.359836401001415	46.58081289082868	10.446351753310058	7.765060702991739
25.819598044365303	0.31124623492719217	63.05758446597899	10.975748629962457	7.765060702991739
16.21618197932529	0.5269343427940654	41.659122722507036	6.845545014200565	7.765060702991739
13.291546869534335	1.032260045634801	52.83180011891063	6.722585612830043	7.765060702991739
12.145081281267442	1.143899292699112	50.32003585998595	6.922056209069305	7.765060702991739
12.23347613190837	1.2862983655318578	50.91531514911088	7.550199181050806	7.765060702991739
18.855024060666427	4.100481587249551	55.06487542381593	6.993636036463734	7.765060702991739
15.25434965181484	1.430870779735069	52.345717051004556	5.316009944308357	7.765060702991739
10.997192702514576	1.142406992591253	52.313280430361985	7.698349094222927	7.765060702991739
12.123646264580907	0.4503230013800292	45.77911921618981	5.9283584591278595	7.765060702991739
15.508345044657833	1.425448413723166	53.415837298488555	5.304300002982492	7.765060702991739
16.94106809769752	1.7723631824718824	53.41160933442694	4.498279686954012	7.765060702991739
18.377543803763167	1.5558827956037955	53.0574185784566	5.87265002824891	7.765060702991739
16.846226693904296	0.8268215938957009	55.88969505924128	6.624315678123585	7.765060702991739
19.722214907778415	1.0724220266584041	55.88948934235557	7.757566522950756	7.765060702991739
15.718450130669376	1.227085379125537	53.36236214120902	5.837335656968673	7.765060702991739
16.54789255019557	2.318844416589138	52.52329830245635	4.513984992284604	7.765060702991739
19.409930673905507	1.2035740007211158	54.32180061798973	5.614366097569684	7.765060702991739
21.797435557016815	5.335169190839397	55.10508742640269	5.459549529576998	7.765060702991739
17.79851887715016	2.4686232408866458	53.67396972149075	5.9478288272204045	7.765060702991739
15.640053639254111	1.800762838016224	51.86746377665517	5.701770638492811	7.765060702991739
15.983346013311056	1.378415479388384	53.05190641730957	5.132668527977538	7.765060702991739
16.54740807563588	1.299186561873151	54.82658013710386	5.991385566186305	7.765060702991739
15.352613183267819	0.8990717749157261	55.06883256211135	8.306665682878833	7.765060702991739
16.07893113748663	2.174712742000125	55.048103490331606	6.89328675030084	7.765060702991739
17.621748967811055	1.5215164000341304	55.0419248277958	6.908758238613655	7.765060702991739
18.31350591236833	6.404957862342482	55.48431626966596	4.884303273853391	7.765060702991739
16.558608173660524	4.292235738852162	48.39582615859854	4.63575219099761	7.765060702991739
14.885242238197488	2.5178234984057464	47.41427550529081	5.827793445822349	7.765060702991739
14.538841114044885	1.1713710032978768	52.28390892954573	6.950068205723558	7.765060702991739
14.154484878117955	1.1228440434159137	46.96543236134904	5.42391906641126	7.765060702991739
16.33600007836746	1.025714048072445	55.06884318022354	6.815150226944468	7.765060702991739
17.591821147892926	0.8461416242573748	54.72234152610458	6.391892798753307	7.765060702991739
14.700754744544579	1.3838132423761436	47.43518335859122	6.298912085819456	7.765060702991739
13.457955692775196	3.206823305113943	47.45682300387079	5.636814991722854	7.765060702991739
13.505439199043701	0.540005913231882	46.97551813185379	5.230157422870201	7.765060702991739
18.506294668135766	4.392531938089435	55.46607988752746	5.6230540741844335	7.765060702991739
16.87994595569897	1.9674173640694024	54.336711745876535	6.240613619592851	7.765060702991739
21.087279738555182	3.27235623352551	54.384721786487106	4.5943631098166104	7.765060702991739
19.329992410630293	5.7037413402213915	53.72924406452718	6.727060931392211	7.765060702991739
13.351939122886039	1.3009522522679369	46.5853457943494	6.145866697561994	7.765060702991739
8.820450932620997	0.8950246147271292	46.56979487970929	6.496088950726886	7.765060702991739
9.177279156414896	0.08340161988793579	45.7754874284424	7.265272255691613	7.765060702991739
11.82840568494818	1.7204982485228646	47.449284561534824	7.2187400510857245	7.765060702991739
14.446860201017245	1.7939350280850097	55.06548648656293	6.858268570825127	7.765060702991739
11.279728719746613	0.6115887638083608	45.07839680756148	7.331059310962009	7.765060702991739
11.756019073585994	0.34986621507477217	54.370523869819465	8.227805570551578	7.765060702991739
15.294041384548331	1.7791025926961543	54.40680410454564	6.740849581392418	7.765060702991739
19.48869527566062	2.6543359707474337	54.75242050980832	6.3107632747693545	7.765060702991739
17.055562575390972	1.2271439273882447	52.57191056987279	7.671831244064876	7.765060702991739
13.23408862959177	1.7393004633644256	52.58603634547494	6.934784241127875	7.765060702991739
6.944552893646783	0.3207124828877443	52.285322421283055	6.642853746447815	7.765060702991739
8.236081868631807	3.364416616997717	52.33917587048703	10.768307631561239	7.765060702991739
13.093278435363269	1.2431703009903141	52.39518725960232	7.950188379977805	7.765060702991739
15.2222514685924	1.5905981307839343	52.34622220445203	6.981272302009747	7.765060702991739
7.351012478288378	0.31806345760493415	42.11275228103371	7.092440692094412	7.765060702991739
8.863036585619255	1.3041340794544132	46.97133989302165	8.572621401126716	7.765060702991739
16.141521459056868	2.3712105481380674	54.7028189129135	5.5913098986850205	7.765060702991739
12.855355016653292	0.10353917937706332	46.98284605379624	5.98606292922508	7.765060702991739
12.604110856394529	1.0276683013537735	47.87315252898476	6.446250048963447	7.765060702991739
11.12031662270613	0.2379233546669669	46.15217660305255	6.9164779846126025	7.765060702991739
8.762653562860939	0.1920906000293357	46.97501885792799	8.025909963758554	7.765060702991739
10.576871043999448	1.353228853352029	45.08142680271694	6.097024931938767	7.765060702991739
10.989514924996245	1.0014396988258913	45.06840625961002	5.980130196311747	7.765060702991739
14.872943356466639	1.0664232296972938	51.218661177472455	6.2464078975172095	7.765060702991739
17.41578150124664	1.8175744873736541	52.54890973785806	5.82274101096499	7.765060702991739
19.234125109335846	1.8622300065963142	53.1553070498433	6.115874062779561	7.765060702991739
21.361279003546684	4.248633327312054	53.73838117755215	4.553561261663335	7.765060702991739
20.01048269007897	2.184947299990179	52.62312101797859	5.292642008075575	7.765060702991739
13.843941371758136	1.9888522923844794	46.63341352510265	5.093543040731632	7.765060702991739
16.00389760633629	1.5879637313721082	46.98810444565634	3.313122763822379	7.765060702991739
15.176790856157094	1.547203608135987	53.362542842117705	5.593474487756589	7.765060702991739
14.052865006756798	1.467793984369305	46.55943365855977	5.794460578830427	7.765060702991739
12.061221138351732	1.23574777894234	46.1412122815575	6.777094323557344	7.765060702991739
12.440388054178424	0.06020696368415078	46.973144403374405	7.797332114332553	7.765060702991739
11.232343685434742	0.3409257775751651	46.52846866376201	6.756541372252085	7.765060702991739
13.475869960845323	0.6531252164286483	46.55738556022947	5.9148854680261636	7.765060702991739
14.047727937554095	0.6712333923196149	46.32291606028971	6.0804389940720505	7.765060702991739
14.342976087867017	3.271766434080313	46.975404346206815	4.524577545171393	7.765060702991739
12.373779817077617	1.2537487733844823	46.17109282691869	6.727770704111043	7.765060702991739
13.131266222141853	0.45561752512659576	46.961153330647456	6.700159478124131	7.765060702991739
16.75129098961671	1.1642043540164222	53.42754028729733	6.037674904968962	7.765060702991739
16.155718425617692	1.2194953609366055	53.10374023219468	3.6836931184415107	7.765060702991739
14.241655683465932	0.48725319596856204	52.32494055306996	5.933726198378719	7.765060702991739
13.763610874911496	1.3783735770297143	46.60443371080862	5.543850567437381	7.765060702991739
17.66235522203341	1.5342716792145918	53.403000515209165	6.464001552817459	7.765060702991739
19.301473436967445	1.610540104488599	54.359555202733674	5.6691122786136905	7.765060702991739
15.513129513012114	1.7555107268479322	46.98868824377086	4.642364986018272	7.765060702991739
13.73178382217429	0.725829457399041	46.580715790871515	6.1210292721690385	7.765060702991739
15.691177459958338	2.0214305483165864	47.87897340062583	5.6855408309950874	7.765060702991739
15.179570548298507	1.0675192521139052	46.17994523020159	5.019951966278295	7.765060702991739
10.988906184531798	1.7142475988638248	47.38273489643982	8.204348208585165	7.765060702991739
15.909573925206095	1.9548911969679297	54.334752567912005	6.126597649716823	7.765060702991739
15.772376926715053	2.1015396779528093	52.39262725974559	7.752281265188448	7.765060702991739
18.73354017260259	1.709403945953342	54.33040870951294	6.6026503109276575	7.765060702991739
18.243828144129267	1.190356352923937	55.0743249512354	5.439883270983054	7.765060702991739
16.938845367529694	2.7886328431367744	52.05704507929797	5.111917925265212	7.765060702991739
17.791331860733184	1.2013207735880318	54.03200612572427	6.705922116293907	7.765060702991739
18.963730560325672	2.07046957189541	55.49854270657676	6.151391438480652	7.765060702991739
17.05381103426567	3.270806008684268	53.98592951948616	4.804413444300193	7.765060702991739
16.721826917105176	1.2831754057991522	56.17897360583352	5.0776670986349615	7.765060702991739
16.359447952394696	1.60362368145053	46.991325045722164	3.6894055198416624	7.765060702991739
16.824648302481716	1.6479684774299495	53.06522459509871	3.633984875523109	7.765060702991739
17.069780959370846	1.9417848321821294	53.69980012235952	7.205546117749267	7.765060702991739
16.801503778923596	1.4055173780279977	52.58173021484919	4.672938377307594	7.765060702991739
17.338563852307416	5.105395469458693	53.39149779128092	3.037348919601057	7.765060702991739
16.732776374393712	2.5447972341772833	47.89501538224326	2.230973475933601	7.765060702991739
17.038781507100374	1.344774548144648	53.65486745116818	4.669127456994785	7.765060702991739
16.62970170319508	1.667796393876971	54.35291920252464	5.319973955138975	7.765060702991739
19.76997246831296	3.3842346896223665	53.99053081748685	5.492278149233726	7.765060702991739
15.756820518731322	1.4077508768493743	53.358600395881474	5.383581867279388	7.765060702991739
15.011499281120686	1.642927012924735	46.57862214610139	5.679610038273422	7.765060702991739
14.66753420536697	4.06149789965536	54.343749404379324	8.612316342820792	7.765060702991739
14.637862455031128	2.4238890299245224	47.86475911248844	6.042683001399451	7.765060702991739
16.85767656227039	5.140796390403285	46.997091977580354	3.46996957627924	7.765060702991739
16.621338398364074	1.9438878113797486	53.3658456950371	6.185309215026287	7.765060702991739
16.72141158611316	3.5094419955779745	53.361388158621644	6.546873274052132	7.765060702991739
15.92371113387937	5.04651674134549	47.879399405143474	6.12026791385597	7.765060702991739
15.914422447045412	2.327399742861794	48.348026409383785	6.279034117907136	7.765060702991739
14.499426338751428	5.030807638687649	55.48622763299846	8.60460063768855	7.765060702991739
15.276795356844568	5.038466809380998	47.87051996497898	5.964141839620661	7.765060702991739
15.096613457533142	5.0412627369337635	47.887236869814984	5.356655053737408	7.765060702991739
15.574560504742264	5.1476887001936875	54.01488289935081	7.35129498750039	7.765060702991739
12.770777294904203	2.520422080951866	46.498952573138446	7.289908173367825	7.765060702991739
10.151773764524743	0.8397479375201802	46.56737701017595	8.634883418418587	7.765060702991739
13.808300589677584	2.593095643461005	47.89570287829955	6.837977772340426	7.765060702991739
11.6776637641548	2.1662037830136933	46.547441718299005	7.4633147378865985	7.765060702991739
11.280441339419282	3.0303686696212164	47.89301324940757	7.279504549306834	7.765060702991739
14.069988214736307	3.036387586121985	48.346375578765134	7.148691414386802	7.765060702991739
15.907604841169995	0.7775342816635806	53.703484205228804	6.165229484364587	7.765060702991739
15.692602419870417	1.4817928497178678	47.91591336880522	5.341817420441078	7.765060702991739
16.525674248607086	2.573770498079132	47.86601484966425	4.202338261117116	7.765060702991739
17.33165862382089	5.270534463585677	53.874863280640724	6.406215298903371	7.765060702991739
15.084472228218182	1.0212995881478368	47.873825994302734	5.263892887164009	7.765060702991739
16.186220973047458	2.594040513088678	54.677400607922785	5.453259278425444	7.765060702991739
12.532414106130052	1.200633475664658	46.160340538034355	7.0355831826840145	7.765060702991739
12.438736451070184	0.8382906476075527	44.76839728502757	7.0490951257791306	7.765060702991739
14.943199765957594	2.429543534117786	46.19936763260454	4.607153712604927	7.765060702991739
14.03670793438597	2.228062523872115	46.196109063625684	5.517440887940232	7.765060702991739
15.55478499840022	1.3213300023868837	53.43806933394198	4.837327530282149	7.765060702991739
18.90801628226064	2.2386694122080466	64.02823441932375	8.034379772396651	7.765060702991739
16.490188514607222	2.3987452924653656	55.57270969988599	5.598402948682219	7.765060702991739
14.576961696809354	1.1408898462689672	52.33881424976311	6.12873607652147	7.765060702991739
13.383440153611787	1.1658666052621298	46.16493292583456	5.321701497210747	7.765060702991739
12.392983087788533	1.1423714438922146	46.57211064448595	6.236924813010988	7.765060702991739
11.728367612848901	1.175118906494056	46.97656562565201	6.912061344080103	7.765060702991739
14.705677041215454	1.6173776107894688	46.6949213446572	4.959136454599474	7.765060702991739
14.868381921578374	1.5487417226700504	46.983285784108624	5.611118826510163	7.765060702991739
13.756002948808927	2.3874202433027136	47.455933537757936	6.609635612592308	7.765060702991739
13.699503212036145	0.8683067060213742	47.883649879656886	6.742388370416329	7.765060702991739
11.514228684074551	0.8957817306588555	45.425141582967996	6.486811127387101	7.765060702991739
13.480771783883094	1.0497177892609906	47.414805739053506	5.253453287062181	7.765060702991739
11.134587741668408	0.7549505260048316	47.40575361267412	7.404671875619532	7.765060702991739
14.121332095475484	0.5447526633509979	46.550425454655	6.391830012161693	7.765060702991739
16.639212977368953	5.0815397068559784	47.914745142697704	3.6359137430928703	7.765060702991739
16.409754857357083	1.4174465056991246	47.849692746059745	4.795418697577443	7.765060702991739
15.446616889224439	1.6451216504857247	52.38733288079734	4.603924560069482	7.765060702991739
15.24544992644885	1.6244593374960798	47.41404808723342	4.974379659074165	7.765060702991739
15.13795627753676	1.1982483212458206	52.31343288100791	4.640741738070277	7.765060702991739
18.220602316091405	1.7728455214904038	53.67552777715725	5.189098356006598	7.765060702991739
17.154950495899033	1.59735657461652	52.30243997741784	4.134948930594399	7.765060702991739
17.33260841248889	1.6753076790635586	53.37106229409096	4.688121474828089	7.765060702991739
21.23160146643711	1.7719454194575426	54.018364313197154	4.374861810198684	7.765060702991739
15.277391442029115	1.5419504929278496	54.369083047603866	7.879471836194179	7.765060702991739
13.345564046393763	1.226070862844709	52.32811395498404	5.630311116170752	7.765060702991739
16.188069942658878	1.55830303627799	53.97347343540561	6.155149873079593	7.765060702991739
12.409089073331316	1.6162627746967262	46.17860812631272	6.861369866753866	7.765060702991739
10.664242641612132	0.9818239316342575	46.29223475609788	7.281351708898319	7.765060702991739
11.73980760401991	1.3142074056241455	44.215693625226066	6.77183950612106	7.765060702991739
10.177771437199935	0.6561768987798577	47.397808471444094	8.107882197897904	7.765060702991739
12.389437666265065	1.6838034572152198	46.9767768750476	7.057260527050275	7.765060702991739
11.270947716351598	0.6128989492698501	46.97971236874241	7.290804189029023	7.765060702991739
12.958702956669542	1.6733388916961165	51.87996062675162	6.699311118679025	7.765060702991739
12.200878944738959	0.8031124061792024	45.43710308739249	6.4367096107562345	7.765060702991739
13.810655999194395	1.3252392330816813	46.161440545437635	4.7983921636864695	7.765060702991739
15.063792846162016	1.1208379793127188	46.16155271805814	4.375922587198458	7.765060702991739
12.170819365423007	1.1516164764548042	44.63504041741172	7.771251504426471	7.765060702991739
12.658723950856873	2.2156861035365396	46.9642746495106	6.12035797822458	7.765060702991739
8.876664688286958	0.8997074862230101	46.29119810406425	8.313489733587087	7.765060702991739
5.537795795113252	0.7011365225291677	45.40535123815889	8.015688013553305	7.765060702991739
7.643286290659098	0.6926499567314303	45.397611015043545	7.792317532865484	7.765060702991739
12.143229961056093	2.531845174923555	46.170216927760336	5.70559549210467	7.765060702991739
11.661845833665263	2.01162106826613	46.169637848195464	7.779504086769674	7.765060702991739
13.896912116758326	1.3233838275984795	52.3346459442023	6.918844309687242	7.765060702991739
11.114940859382472	0.8005091568636671	47.40582097738106	9.553280770919553	7.765060702991739
14.141273196039245	0.9872633297229247	46.97458910488997	6.048723420307267	7.765060702991739
8.266873683767423	1.1240664448397208	46.197664627686834	10.302665828859087	7.765060702991739
12.344391209552935	1.0234347409369482	46.95242718336492	6.220931889912838	7.765060702991739
12.654436657063906	1.4157961591521033	52.29676606282136	7.604770356125949	7.765060702991739
11.60463220750116	1.193634488282293	45.08446265386142	8.248600208550307	7.765060702991739
12.83309997968353	1.189801841734476	52.33415972360783	7.664944699855876	7.765060702991739
12.571925610366117	0.5975650405719651	52.56086230665881	7.003083102555879	7.765060702991739
12.108844352282606	1.2021717458465615	45.35255906831494	9.397356785997243	7.765060702991739
17.430216510665304	1.7991053375084425	57.88100809783633	9.934899997098421	7.765060702991739
11.293328139161895	0.5872916156047413	44.20117243239785	8.798348278542417	7.765060702991739
9.960090139545317	1.4422482904969494	44.186163994904234	10.139482064717418	7.765060702991739
8.150207720376663	1.0093890973764155	61.661368090869715	11.692335133461464	7.765060702991739
6.247331577331877	0.21215685465935522	45.072221539977335	8.568583812212987	7.765060702991739
7.645314540521208	0.22085040869519326	45.22557270323414	11.339589319709656	7.765060702991739
7.024939509145683	0.2357725573760194	41.27318167279544	6.8073961983225555	7.765060702991739
5.163883891844471	0.20474154935250521	42.78976215220601	10.655193218009245	7.765060702991739
7.485681392976428	0.18504053608938834	45.717026639088296	7.7749924227667435	7.765060702991739
10.313072188634276	1.0183279492747477	46.55432714932256	6.67948014246773	7.765060702991739
10.276754991954212	0.5354507564205657	46.561601668412116	7.834866120245927	7.765060702991739
14.589412025948826	1.3933157167700014	53.091075272167224	5.952422792746987	7.765060702991739
19.58194144886918	2.5532079414692923	52.577835126306454	7.140788178281878	7.765060702991739
19.041153307183023	1.3613415741860297	54.073287546196795	9.228750620625469	7.765060702991739
19.93872678884618	1.0783190255252606	61.33205836600417	8.478145450434557	7.765060702991739
22.754604297992035	2.1947934514221683	68.23588598425954	16.68082224449467	7.765060702991739
20.458325647258558	2.228937820193862	55.19060013811944	12.373500820593032	7.765060702991739
22.34597141290441	2.606414801902791	55.211532014063785	14.774365442299342	7.765060702991739
2.6011682705502754	0.05720048508029585	40.67222179586755	8.558846977151822	7.765060702991739
8.119856566306105	1.0565297804862057	46.611952098857486	9.530158895868912	7.765060702991739
9.088964337967736	0.5428525623036574	51.534735920351444	14.045809071363635	7.765060702991739
6.484480623318908	1.180876614344843	44.27162367857883	9.248544154994276	7.765060702991739
8.802732525371798	0.23090539250845293	53.35517447626247	8.982129014710921	7.765060702991739
9.298191687118472	0.8160121011334228	49.19627598395545	12.154880630344152	7.765060702991739
14.428387920183228	1.5077410727647498	71.94765314228344	15.153942436609857	7.765060702991739
14.907568430402288	1.4675020788892423	54.05020931214491	12.005517569165164	7.765060702991739
13.474941118014065	1.2505548045908785	52.34955897713382	8.480916140663277	7.765060702991739
13.019549850971632	1.5112478414468509	45.08897388233689	8.897878326504758	7.765060702991739
10.373232955984074	0.31952749718287987	45.44217677408079	11.396624404808415	7.765060702991739
10.942625944226121	1.669456116497144	44.63954878366179	9.609072666769348	7.765060702991739
10.655029334894213	1.5254887452235384	47.04682442276198	10.199202159305944	7.765060702991739
11.338150610097594	1.119084274356113	46.136708327360445	8.340942579774643	7.765060702991739
12.513172338461658	1.5660371158926019	45.77655559482083	6.819492369622077	7.765060702991739
8.627186858853443	0.6985318006867312	46.56784498042412	9.209648075469676	7.765060702991739
13.603075542409112	1.2873563516140116	52.28340828950245	7.137690946546265	7.765060702991739
13.832890373191683	1.0140117694719584	45.987709671277855	7.5168505806193195	7.765060702991739
12.531670179555904	1.252055195369662	45.10413482805888	7.372723363032364	7.765060702991739
14.23009346585523	1.2562016535760443	51.98862710330983	9.065954426253708	7.765060702991739
17.092053225699807	1.0947801095019722	68.83352499131249	8.33769703380626	7.765060702991739
15.809954414176394	1.1202248379956732	53.38629980715962	4.84266346924718	7.765060702991739
15.342698323872272	1.2295670453361571	51.54488398950117	5.698010792356495	7.765060702991739
18.02364601725226	2.364427068895371	53.08495227179348	9.061809909448996	7.765060702991739
15.476331390927275	4.065864300403359	52.422180408653645	9.815166931486527	7.765060702991739
13.947774462066862	2.1192300991124142	51.344312790208804	9.674743395434144	7.765060702991739
17.51237219961809	1.7391621274073668	53.1941175553385	6.765867718389825	7.765060702991739
17.445435530203106	2.8440192895525236	52.358632956495896	9.756476085634983	7.765060702991739
14.755595624315724	1.7499743281734088	51.23037413883231	8.277350883831067	7.765060702991739
19.034577203570596	1.6557021770731495	64.22621952932093	10.573797088925813	7.765060702991739
17.391669283645815	1.8581309834404414	52.64235629962564	6.998443469956257	7.765060702991739
16.724004138821112	1.3971075633595627	53.390672696147014	5.5568727271709975	7.765060702991739
16.401782971807435	1.0752580557043718	54.69724429064792	3.890647022857491	7.765060702991739
14.429982013983707	1.2960677396416174	46.156610426274256	4.344579457831006	7.765060702991739
10.934015037150175	1.6485336202625043	45.781518650311995	7.519223473297312	7.765060702991739
12.892105093281499	1.46917187012928	45.45261910995194	5.581654798045864	7.765060702991739
12.806829439845414	1.3263301256536155	45.790677995989775	6.200430013139483	7.765060702991739
13.910585850452158	1.2738426962684044	53.06408155203874	5.260589936888287	7.765060702991739
13.740280491588527	3.333351031731439	45.43665898773593	5.481084102568536	7.765060702991739
15.331527417733913	1.4092994308099849	46.96475953759467	3.827434711445618	7.765060702991739
14.609387911476059	1.3259159960452915	45.79660148597761	4.317241859668121	7.765060702991739
11.3621858118744	1.0216211100253962	46.16284702930385	6.956144304403497	7.765060702991739
14.273587423606347	1.3351821654457272	45.81370768597993	4.3552269096727825	7.765060702991739
12.134630861248901	1.407491355973549	53.66558859290477	7.677725404647072	7.765060702991739
12.62158695458797	1.132276909537103	53.377516903358384	7.943424955672219	7.765060702991739
14.2892738471188	1.5623331440488357	45.77989619913481	4.9029620072209905	7.765060702991739
14.682295181623788	1.1225682607515621	45.819662292128555	4.257832790082015	7.765060702991739
12.736709863744236	1.0661458020753425	45.76878097439136	6.151622775191007	7.765060702991739
12.934237506615693	1.121084317415477	45.39478420748897	4.948275151925317	7.765060702991739
15.623375183669555	1.3974024640915994	52.56006068282993	4.931544400080259	7.765060702991739
14.500776820436124	1.236189559503089	53.17425390574118	5.462060173614571	7.765060702991739
15.422100903066251	1.2565557125946774	52.30584943713516	5.646406722324471	7.765060702991739
14.540071804182967	0.9850714084266666	45.78097903975849	3.9428245715164905	7.765060702991739
14.73316017693584	1.4994861924736829	45.425641480886256	3.123091849809477	7.765060702991739
14.185910503226024	1.0910726869489935	53.077224335874	8.091303406749612	7.765060702991739
16.671610640709662	1.6100418390968136	53.10973975857555	4.696034848242124	7.765060702991739
15.90587221600008	1.6811297852659115	53.10699058146532	5.84635406236807	7.765060702991739
14.441162447001572	1.5648655067010564	51.855024104603366	6.420731488833937	7.765060702991739
17.476289569498427	1.7281420954284534	53.097786903342275	6.023034016226099	7.765060702991739
16.8802688120276	1.0239479834522782	54.37499623522116	7.110143335992943	7.765060702991739
13.574499908977328	1.290230709975002	51.01283020516761	4.99038764706179	7.765060702991739
15.069061702336754	1.9733861193791415	52.28325988412016	7.5900566239726786	7.765060702991739
15.797603288320321	1.5713158452012994	52.303020702696344	6.051932662542258	7.765060702991739
15.373363431287578	2.0419467686818176	54.00564534452592	6.581903861722869	7.765060702991739
16.41675322011867	2.1337909638660224	52.346649673573914	6.937411422231369	7.765060702991739
16.569231085080343	2.054055055864479	54.053912328196816	6.469019923540548	7.765060702991739
17.983310455714783	1.844898289997771	53.1957632642236	5.322022259613016	7.765060702991739
17.331937719874574	1.3614946476149226	54.349633971214985	6.655722889389848	7.765060702991739
15.805485727779786	1.5318377283030904	52.33507423198829	6.793948421142242	7.765060702991739
14.995102239117651	1.865294238423883	53.370353010488635	6.592035660055593	7.765060702991739
16.61365150065931	1.8110013716163613	53.97780388003709	5.09958691433974	7.765060702991739
13.522507589435127	1.2384297781525078	44.50847204438904	4.488079033366808	7.765060702991739
16.22796189752413	1.1793774477211543	53.16051539719907	5.365117301530417	7.765060702991739
13.13686896041968	1.544800835786613	46.559630469126255	6.018708114870139	7.765060702991739
14.600375756927718	0.8160678366092681	53.698091643325654	6.943020824483203	7.765060702991739
13.872403775348968	1.3946929269836503	45.412939759862596	4.765877983120445	7.765060702991739
15.525847303154475	2.286642971735738	51.907379283799465	6.184197140845586	7.765060702991739
16.466692184112564	1.616394316278296	53.155013739341136	4.046933668525225	7.765060702991739
13.525262326293964	2.2499013720602905	51.275321849129355	6.522975529872598	7.765060702991739
11.006099140447152	1.0180573708962615	54.066837058257576	9.55278458567815	7.765060702991739
9.731232586024024	1.0590141172133993	53.15150865714834	8.625051131177658	7.765060702991739
12.425703968562534	0.9410551897180275	45.417980642824844	6.267401241462086	7.765060702991739
8.75057800721036	0.21428393319280786	54.02823898061164	9.85798808955011	7.765060702991739
13.568713439202444	1.1807361727475267	46.552406686494606	5.929432671824815	7.765060702991739
16.230668145806778	2.187969440073632	54.00518122313565	6.877375012583836	7.765060702991739
13.015392545576852	0.5311972743491871	45.82317775071198	5.694028365464267	7.765060702991739
12.161042447214026	1.5273931871466415	46.17231243460859	6.640730579606464	7.765060702991739
12.803823249758043	1.2657970137122059	46.167206049828444	6.060932748107114	7.765060702991739
11.878707956118754	1.9492250888590201	45.45286969150835	8.052547153434366	7.765060702991739
10.585382453075567	1.2494018275182766	45.43959416903968	6.902948093128698	7.765060702991739
16.138012393767347	0.7990925792834953	53.66677874920809	8.110461080542784	7.765060702991739
14.028774097561811	2.1264461870036158	47.02578041856848	6.0709553784035934	7.765060702991739
12.2165937771383	1.0124845024473914	44.773533984470625	6.343230874769242	7.765060702991739
14.979748270861053	1.1116076438957736	53.13181908437874	5.843290880844679	7.765060702991739
12.618414615688339	1.5679902179335006	50.977444354775464	7.814918399276239	7.765060702991739
14.088074951997022	1.7772665515383745	53.40222555039093	6.598454688866124	7.765060702991739
13.955242361657906	1.3630188075562726	45.420102292537855	4.429121900550318	7.765060702991739
12.478318770643577	1.0456015726675163	46.14454300270929	6.558671646163264	7.765060702991739
10.361905586976267	0.89984766212207	44.21781758332953	7.0979064419315065	7.765060702991739
13.876327275670695	1.0699294358913805	46.553159464220855	5.798562088529063	7.765060702991739
11.593888230916852	0.649208086862429	45.39127014984124	5.444115164161836	7.765060702991739
13.680472370196183	0.8991885938628604	45.771425494520756	6.026394299452908	7.765060702991739
11.619716469692552	0.6075063375641346	46.129306555614576	7.64376473138425	7.765060702991739
14.492745926465133	1.3605328082985868	46.55723920058885	4.804197957495359	7.765060702991739
12.906910045617808	1.5993916829646833	45.12867242631942	5.298022073755156	7.765060702991739
10.619942118421456	0.46542646219693246	45.04184286384256	7.2794188878886334	7.765060702991739
9.224765804861882	0.7956272318702304	45.87811843123652	9.548288927531841	7.765060702991739
12.62675017523764	0.3208303211740606	46.15324270704066	6.177378795798978	7.765060702991739
12.92824903429334	1.493506483871624	46.1364674208558	6.356019083795585	7.765060702991739
9.328529657941797	0.09762717351196917	44.455686743818504	6.657599738731088	7.765060702991739
8.452999528961591	0.32600176758309385	43.51451035006544	7.893277290853374	7.765060702991739
12.867914700514108	0.7377349058107806	45.13552563471744	4.420086746934333	7.765060702991739
14.011696463366798	1.1240031438172038	46.555564321673025	5.2545852681951235	7.765060702991739
12.45475537257202	1.28905150440442	45.49801386074723	6.286460620486013	7.765060702991739
9.94162978946541	0.23605023761799204	45.41216004107563	7.363894828595766	7.765060702991739
12.301089279185534	1.0080961370627268	46.60354615997179	6.8186502261237845	7.765060702991739
11.361543511006273	0.36536129342644885	45.10830974459953	6.56263858281554	7.765060702991739
13.399052133632422	1.0474138799141364	46.60063675794781	5.330010307820558	7.765060702991739
12.629830364104533	1.1355160389703027	45.75774855567305	6.1001330640998805	7.765060702991739
13.841491723153807	1.4990809602839479	46.59963573658363	5.174319073617488	7.765060702991739
14.371143783076029	1.282753593721201	53.44952783921011	6.6931223872141725	7.765060702991739
14.503953073129324	1.5432581464807649	50.95138876284997	5.954294350988956	7.765060702991739
14.365300350631326	1.2079755406322368	45.40516627046124	4.335648727228994	7.765060702991739
14.786793967457086	1.3340945064994496	52.28173737979902	5.256324512693361	7.765060702991739
14.04384956686871	1.2087235601739363	46.58781493976692	6.112930363450162	7.765060702991739
15.018337932291713	1.4567290417940881	54.7136528458534	7.532193596957272	7.765060702991739
15.686655863905216	1.589222546395454	53.069728897338344	6.979925608300631	7.765060702991739
15.676768532019082	1.345943045896433	55.888391426805015	6.685282082811078	7.765060702991739
22.6811701629149	1.381107255483913	55.889846036544036	5.703113041686884	7.765060702991739
19.93713908204379	1.7432624851259186	55.88901514948989	7.241759062087446	7.765060702991739
17.87413565413932	1.6071526419128093	55.889325970418334	6.300449045090633	7.765060702991739
19.97228645114393	2.7657095454024545	55.88816775738528	6.528934501940578	7.765060702991739
16.29893786128464	1.7456759219414213	53.454810852976394	6.031646986223205	7.765060702991739
15.997395143960324	2.4498880755729306	53.70402102430275	6.380327379444729	7.765060702991739
16.448081291003795	1.7744250882542054	53.40008979288994	5.421748845703043	7.765060702991739
20.749287712945307	2.0498285699162677	55.89018394800414	7.6362124732840595	7.765060702991739
15.289324685461015	1.5670501046760956	53.704334364591844	7.939915791268807	7.765060702991739
21.297444335208276	1.7760684339938344	55.89045067474394	6.38274308243505	7.765060702991739
17.353878578373532	1.3001693847434428	54.33472105576997	6.7383613847913555	7.765060702991739
13.484581483663538	1.523232558926053	46.22807022551823	5.274995050566428	7.765060702991739
18.06082056126519	1.6113744228746416	55.89120953743936	9.033735903280574	7.765060702991739
16.38517189874792	1.6862562877753968	55.888805235956134	7.839675067356682	7.765060702991739
17.582520665707648	1.8596277378507953	55.887694223493064	6.610868634064244	7.765060702991739
17.034051926472603	1.910494510323385	53.39303079629715	5.322041255604598	7.765060702991739
16.421296069794924	2.315678756223928	53.69456336632535	5.758749329043465	7.765060702991739
15.339196007325226	1.6048348143703164	53.075618160584526	5.624578889789091	7.765060702991739
17.43501354115675	2.091122735456868	54.3462159948657	6.545781312834981	7.765060702991739
15.488397352063568	1.6446491034739394	53.717262588276746	6.224277320741956	7.765060702991739
13.13803491631894	1.6812520890944136	45.77885417422045	5.917265521794017	7.765060702991739
17.582260646181236	1.7952210886015032	53.98750323518373	8.598528748351443	7.765060702991739
12.26294524676873	1.9665617346079174	51.16882452425903	7.865457399422536	7.765060702991739
13.728944563125642	1.1945483255189706	51.23128143557365	6.106053920831448	7.765060702991739
13.906050946865504	1.5699127929102765	53.694565344035055	6.616293721714572	7.765060702991739
13.211372930126545	0.8229666131630191	45.78577219439161	5.752311263219619	7.765060702991739
14.118471480947344	1.754987600933281	54.33393632292042	7.463377883062622	7.765060702991739
13.236586855204585	1.1647496778346142	45.795604512625914	5.434955319289541	7.765060702991739
12.228450847448643	0.6169125542295316	43.54310113651237	3.235217460215434	7.765060702991739
13.338993829471347	1.7658894394609288	43.5431779872868	2.540921886542882	7.765060702991739
15.695654163902814	0.8874467924444132	53.6864225285322	6.153809907204218	7.765060702991739
12.313168617302969	0.911145575595742	43.95806150168133	3.0585664200162332	7.765060702991739
14.53572827971093	1.285034725427462	53.10089211497697	6.972651051542367	7.765060702991739
14.717824723878717	2.4071127872728875	53.39628995752996	6.418577753461966	7.765060702991739
12.5158959960408	1.9143941912539422	53.681733409249105	7.438935295116086	7.765060702991739
19.88032904537447	1.608316550245345	55.890772712897196	8.036675629875077	7.765060702991739
13.160574144464164	1.292909452820741	52.31148029617962	6.278934011347445	7.765060702991739
15.456153861392027	1.1675347854735425	53.72435866121871	7.917651780505713	7.765060702991739
17.316256695053657	1.6173044225201925	53.6953889757291	6.225931884771181	7.765060702991739
16.67980357379214	1.514016291908592	55.88768736726408	8.386674016146637	7.765060702991739
15.818501705587906	1.7279966570376346	55.88572679967005	6.729052391026845	7.765060702991739
15.379366077983002	1.9047349978427113	52.60225651736616	6.923018277701419	7.765060702991739
12.061336203414664	1.7602989189006317	45.44773960517116	4.559001633014831	7.765060702991739
13.127634116545009	1.0273842572168563	53.07721112082871	4.265889768104184	7.765060702991739
12.57713983449449	3.170588729917249	45.433994034203884	6.624840908318279	7.765060702991739
12.878015429061476	1.7421067362477118	51.27949949937447	7.912033215499574	7.765060702991739
14.753035955779419	1.1426013687176124	51.29755184556472	5.614266459933207	7.765060702991739
13.129356496793747	2.1617925858637825	45.430521466289974	5.604070444872063	7.765060702991739
16.23062822220155	1.5201821404412457	54.70065478923797	5.75381743112988	7.765060702991739
15.258667972249189	2.0642883517688513	52.32324500658027	5.019295788032837	7.765060702991739
16.412050886781735	1.6712727517438573	55.85625103190747	7.5243275656360336	7.765060702991739
17.339150626008017	1.630914429226188	55.886604466596516	7.016912464611328	7.765060702991739
13.61706721796741	2.0337129587102587	52.535410938378014	7.160567150915608	7.765060702991739
12.812955662181684	1.3491200720159733	53.069018080371364	7.618149613371683	7.765060702991739
12.446488489815094	1.740713532426132	46.16507770073306	6.91139266543509	7.765060702991739
10.902487029424877	1.2782357412606846	45.416588676321666	7.274786002077684	7.765060702991739
12.340460709397957	1.2144098392218785	44.76914998097629	5.393789529623936	7.765060702991739
15.136793626642339	1.5299252418759293	54.68881729358854	5.079007283833333	7.765060702991739
14.85976975564447	1.3035063668596234	53.68688004079962	5.257849006391676	7.765060702991739
11.21736858003536	0.5869525144871888	52.533617897796695	8.012703436159038	7.765060702991739
14.830941828119478	1.447267901344007	53.06053128753194	7.249969898276187	7.765060702991739
9.361749283755618	1.5623359817607079	45.056163974508415	8.031070262947681	7.765060702991739
10.078901368683058	1.4914724305762062	44.18214056374684	7.254308919081455	7.765060702991739
12.884693002272765	1.380836160736756	53.066988187678334	7.321916137254361	7.765060702991739
12.55578086280332	1.5554766784849272	53.98228087342047	9.382538361285208	7.765060702991739
10.27454352632806	1.5152723301900541	52.32832419243365	7.9569885352186205	7.765060702991739
11.553743578018402	0.5738441584044931	45.4003583454704	6.825034918471083	7.765060702991739
13.876127887175034	1.187255474502372	45.41512862010766	4.33136619762067	7.765060702991739
12.394226179871549	1.3355464348815127	52.33718944091502	8.218088752787803	7.765060702991739
15.54659935930291	2.981900487370043	52.34956144101899	7.498498472935194	7.765060702991739
11.589549499371437	1.0955574513704973	53.34973000022263	7.718142203487574	7.765060702991739
8.976608461261506	0.48729892235361233	46.78323918927933	8.786967290223437	7.765060702991739
14.320601201007051	1.5211973338129956	53.04958484768055	7.071503768544166	7.765060702991739
12.281352016732917	0.42967632079920026	45.46755009621732	6.557602003816188	7.765060702991739
11.851613597696389	0.3019010777842501	54.69604573265621	8.175871048061072	7.765060702991739
11.39811099048331	1.3397944573050955	45.88475235772242	6.758878626624792	7.765060702991739
11.705266327940185	0.6292538022330492	53.04889887181182	8.82536163893858	7.765060702991739
9.849658107411484	1.5878841689843786	45.8027155851067	8.706640030727637	7.765060702991739
13.333560915831036	1.3232393405882537	47.03110373832445	5.565492774338087	7.765060702991739
20.669767506659326	2.3327065267028653	57.667050714792346	7.148327588270123	7.765060702991739
10.427770081030527	0.22402519982869673	45.42148896782461	7.032499036780381	7.765060702991739
16.576417150597777	1.3832891301787704	54.73218341381151	7.139311473571739	7.765060702991739
9.92641308072875	2.0188361592554602	45.440870352975246	7.4610331159180365	7.765060702991739
14.126085839011346	1.2872467779383732	55.50120308430299	7.291562811110849	7.765060702991739
11.506332204102806	2.3689774806537236	52.075737337455244	7.704620181021484	7.765060702991739
14.689842746392797	1.6832981713726431	53.386747626413744	7.758686640348993	7.765060702991739
16.32408575919381	1.6178768847371146	52.37853629347173	6.751785973041853	7.765060702991739
15.296258985085283	1.5272606060253158	55.49573617474553	6.734123611709943	7.765060702991739
15.764662211772153	1.4463724520147923	55.48843945820233	7.685111620570581	7.765060702991739
11.10015611388179	1.2663036259614013	44.16516322868123	6.6336761255346675	7.765060702991739
12.010414998639797	1.2432229259481584	53.39445574853137	7.687376951679502	7.765060702991739
14.849752242624014	1.6430560700271006	55.90367393485543	8.701126233924715	7.765060702991739
10.490995419347858	0.4375866130539063	46.29453425236186	9.06235554105714	7.765060702991739
11.288229860355804	1.4807013930474513	44.17834479936185	6.735011675482608	7.765060702991739
12.912667446534178	1.5418259837162547	44.488252266937785	5.889938109023438	7.765060702991739
13.002543764702116	1.5712049416960343	53.09528915711585	8.078779474350265	7.765060702991739
11.967731610697486	2.265447924032857	45.44636671780409	7.301446948468748	7.765060702991739
11.96271418127227	1.1246616693118552	44.181544544536344	6.536084544454974	7.765060702991739
11.736679514754469	1.5385062135733425	52.306366816434874	6.464998557090371	7.765060702991739
12.291924136079452	1.620888326796407	45.42974022657091	5.9215032212309255	7.765060702991739
9.631898999639763	1.2440311360514031	45.08108529493301	7.694370334876555	7.765060702991739
12.64198015644477	1.3843738840924251	45.82552271654615	5.833775946953515	7.765060702991739
13.160248781768262	1.1347061996803391	45.12198986894578	5.24687073033456	7.765060702991739
12.107933145013648	2.0589707693710135	45.76074942099021	6.264483625809161	7.765060702991739
11.652190102367063	1.2172736141359783	45.47948423708359	6.740874607864674	7.765060702991739
12.965147077120102	1.3315931523356206	52.3566154849862	6.735048075731437	7.765060702991739
13.0149491079602	1.448068848531938	45.80512049406924	5.578649471502213	7.765060702991739
13.0589802283897	1.4000784510380277	46.61062198127947	5.87460945116006	7.765060702991739
9.659252348081989	2.363427956391464	46.979438284763496	7.976938372983241	7.765060702991739
13.588194816618081	1.1739762834154854	53.06172901846249	6.0406272989965	7.765060702991739
12.303912471170703	1.592582989159333	47.02405147858613	6.38213568629635	7.765060702991739
10.492378823953295	1.1445247224659267	45.40769877297811	7.559239421071984	7.765060702991739
12.419270755776166	1.0027149209115156	46.612956258554874	6.445871107614875	7.765060702991739
12.562456147796864	1.2221502237088082	45.47762704355585	5.8837926992677705	7.765060702991739
9.736343968299737	1.3454592638061809	45.13185981269643	7.695928710763548	7.765060702991739
11.888398610357962	1.450547075370201	45.468212263248894	7.645059778011776	7.765060702991739
12.726643899300175	1.1849652123448293	46.596363218144	6.115711130932064	7.765060702991739
11.682072946417975	1.1836500009257633	45.47634998453728	7.315937147757498	7.765060702991739
10.521077739016446	1.3167673707960188	45.46276689504968	7.716381016824251	7.765060702991739
12.871206225161181	1.1402367052339384	46.98366148607275	6.497526578398346	7.765060702991739
15.396204417109415	1.5678690386895604	46.99594031298779	2.9807326216914296	7.765060702991739
8.874032144945438	1.4690487991767318	45.470507767777605	9.567670563298314	7.765060702991739
11.850668101142757	1.5989488793224784	46.21506713690451	7.120862744356769	7.765060702991739
15.97277963407202	1.3080217891220478	53.09333153241205	4.978636586756975	7.765060702991739
12.839059306325874	1.1730325112599294	50.926431883120834	6.9079991305659565	7.765060702991739
14.100913912629624	1.1557490550720138	51.60035099636915	5.539072702674375	7.765060702991739
12.544691491008276	0.740061863480887	45.45252570600993	5.886415350342899	7.765060702991739
12.239643729968734	1.655611712972116	45.42656686047679	6.153419056363918	7.765060702991739
10.804773950612448	1.5439161945292763	55.122857373515195	9.032952254348483	7.765060702991739
13.71792231333708	1.19033648965988	52.2983231914633	6.866115440730141	7.765060702991739
14.12852287063183	1.849481145708813	48.39425917418518	6.814300081025136	7.765060702991739
12.65687760784761	1.4235539074103132	51.7047757817511	7.098250863740807	7.765060702991739
12.016918257356826	2.1194561960524037	52.28199700813529	9.7959506436149	7.765060702991739
15.052088483155584	1.3834570087518567	55.49959972228254	6.146941663702135	7.765060702991739
15.97081756347759	1.4346167939266605	51.701772040737445	5.916961513015378	7.765060702991739
15.056329998562717	1.9015926467555242	55.915184604979274	5.9050647348783025	7.765060702991739
12.846860460281018	1.3824631605354465	46.19003206005166	5.701078731014233	7.765060702991739
12.849880013576058	1.6798117322855757	52.28618586260585	7.327473404147081	7.765060702991739
14.259555374720058	2.0802410277499086	47.925452041817266	6.1472618659189235	7.765060702991739
14.799719086666666	2.6031179015409256	53.73012506489635	6.690962592818309	7.765060702991739
15.049018367994018	1.6183279016781686	49.40601951046364	6.000494627530602	7.765060702991739
13.103356488518582	1.8591593058528368	53.38291211645206	8.560630684014727	7.765060702991739
11.225962360868841	1.4793768475934082	51.1364919660689	9.226853021274831	7.765060702991739
15.0516665232773	1.7296915230222167	54.73211891108299	7.997804318487984	7.765060702991739
16.709876608489296	1.01297973918123	53.36049978347774	7.658874678802908	7.765060702991739
15.334604182271594	0.9655909715287566	55.894015641336196	8.685859954127341	7.765060702991739
15.616248563417624	1.762325784008999	55.90101938393137	6.999600317070254	7.765060702991739
16.37833120398699	1.6910633714004932	55.931384095965676	9.257987195815812	7.765060702991739
14.7333636688211	1.4657242838912077	55.89938371784426	6.772564904727609	7.765060702991739
13.976622150420395	1.86028073786897	52.57878454736667	7.625616804796486	7.765060702991739
17.7000845453888	1.166921585363367	53.69194588849913	7.001835156352383	7.765060702991739
12.852092130815407	1.7756609475060947	53.06807491196332	8.865541640466283	7.765060702991739
13.783790328159105	3.0800346392825566	51.09534246574366	7.943438088047377	7.765060702991739
12.659590056850156	1.745051796070966	46.19230436979808	7.230843504352263	7.765060702991739
14.32353540114132	1.9646660227058337	46.71505100735145	5.446754672923438	7.765060702991739
15.150481291567502	1.9585188180086388	48.396675149924846	4.356069941390598	7.765060702991739
13.809352495461981	1.6968580193363456	53.9769906247662	8.054869151290266	7.765060702991739
13.127530307039589	1.336089600335583	53.05851598767784	7.678482304443238	7.765060702991739
14.033493963128311	1.2093769907118028	55.91326661710086	6.55953332391922	7.765060702991739
15.094680097011073	2.0767284636144114	54.719877212076796	7.321367034558639	7.765060702991739
15.4231855076398	1.9546203817521686	53.9794829769466	8.09612313863419	7.765060702991739
15.256516150442332	1.7258636841870207	53.13711627943364	4.755597799525628	7.765060702991739
13.700469878360028	1.3587579771858256	52.78186311073589	6.837401289686079	7.765060702991739
10.984764092668332	0.8825630300830752	45.48977043075575	7.56599640256025	7.765060702991739
11.742825196518913	1.5130330684089237	45.13106339607916	6.454537645078882	7.765060702991739
10.92044283453992	1.7370791468364954	51.0793348592659	7.247468773812848	7.765060702991739
13.263954598940773	1.1917359156516043	53.3956634697741	7.284157964634079	7.765060702991739
13.894620370895577	1.4151975959106766	52.086238163078214	7.58794733347181	7.765060702991739
13.53821427348065	1.1873186511713054	53.70638978911767	6.200523350282628	7.765060702991739
12.565825317522737	1.6616261492487931	48.41032630254122	8.357527677105875	7.765060702991739
14.806651744701153	1.032892484716077	53.097024030815504	5.230999536254976	7.765060702991739
12.425765728816708	1.6796838904571219	52.31504765050787	7.808594048872761	7.765060702991739
14.599767322141256	2.32873527494291	53.074436152132414	7.062336508416918	7.765060702991739
15.709955558064276	2.003517161256737	55.89249978885985	7.693447786734619	7.765060702991739
15.127702423197611	2.0512683408823924	52.59986258426217	6.908400017076147	7.765060702991739
12.662311326090387	1.259606218917355	52.576701640225025	8.79511029347644	7.765060702991739
13.386821571233462	1.4262592318773304	54.002020658967425	8.216269206436884	7.765060702991739
15.755741574518524	2.3477571979914216	47.455149157611515	3.600139567700308	7.765060702991739
15.326163529642585	2.0874364071946117	52.343197473352085	7.027187438547946	7.765060702991739
